1.9250	2.3050	0.1383
1.9670	1.0380	0.1748
1.9660	1.9110	0.1415
2.2690	3.3840	0.2294
2.2390	3.0430	0.1835
1.9920	1.5010	0.2028
2.0580	0.3309	0.2090
2.4950	2.7870	0.1515
2.0890	1.9650	0.1044
2.0690	3.9690	0.1142
1.4560	1.1460	-0.0902
2.2420	1.3820	0.2449
2.1080	2.5980	0.1593
2.1310	2.4300	0.2100
2.1640	4.1190	0.1897
2.0790	2.1160	0.1641
1.9490	1.8270	0.1150
1.9330	0.6329	0.1351
2.2310	0.1328	0.1436
2.0630	0.1093	0.2069
1.6370	0.5677	0.0483
2.1670	0.5335	0.2059
1.9380	1.3180	0.1719
2.2080	0.1430	0.1629
2.0220	0.4475	0.1053
2.3400	1.1120	0.1458
2.1450	0.8407	0.1488
2.3790	3.7460	0.2437
2.1750	3.4570	0.1942
2.0790	2.2190	0.1539
2.1230	4.4250	0.0952
2.0750	2.5790	0.1659
2.1180	2.6670	0.1577
2.1230	1.0740	0.1778
1.3290	0.3266	0.0636
2.0300	2.8960	0.1955
2.0510	2.4370	0.1825
2.3450	2.5250	0.1337
2.2820	2.3710	0.2713
2.5830	2.0160	0.2747
2.1630	4.2340	0.1517
1.5980	1.5850	0.0629
2.0570	2.7840	0.1387
2.1970	1.4050	0.1740
2.0080	5.3760	0.1414
2.0690	2.1510	0.1905
2.2060	1.6330	0.2387
2.1210	3.9270	0.1608
2.2660	3.2700	0.1761
2.1980	1.1730	0.2119
2.2080	0.5123	0.2221
1.9910	1.0340	0.1508
1.9990	1.0090	0.1415
2.0440	0.5597	0.1975
2.0770	3.1470	0.1670
2.0290	3.9700	0.1565
2.0120	2.3920	0.1517
2.0750	2.2840	0.2005
2.0720	2.8720	0.1526
2.4090	2.0840	0.2372
2.0150	0.2689	0.1827
1.9150	2.5220	0.0986
1.9970	3.8670	-0.0023
1.7620	0.0864	0.0306
1.9650	3.0280	-0.0398
2.0050	0.8304	0.2092
2.0550	2.8210	0.1846
1.9560	0.4264	0.1496
1.6430	0.3561	0.1326
1.9890	0.4499	0.1550
2.0000	2.4390	0.1125
1.4640	1.0200	-0.0780
1.9820	0.7332	0.1897
1.9680	2.2490	0.1650
1.9930	3.1510	0.2170
2.0600	2.5790	0.2168
2.0270	3.7030	0.1866
2.3010	2.3010	0.1857
2.0180	1.8230	0.1775
2.2220	0.1454	0.1877
2.3790	0.5823	0.1851
2.0560	0.3341	0.2016
2.0580	4.4590	0.1586
1.9850	3.8720	0.1496
2.4290	3.2240	0.1573
2.2370	0.1073	0.1728
1.9410	1.9120	0.1266
2.0040	2.8370	0.1317
2.1320	3.0060	0.1604
2.0960	0.6114	0.1219
2.1720	3.8850	0.1491
2.0540	2.7950	0.1166
2.1260	2.4630	0.1309
1.9640	1.9100	0.1246
2.0550	1.7610	0.1746
2.2310	2.6800	0.2236
2.1870	0.2070	0.1894
2.0710	2.5150	0.1140
2.4830	4.2910	0.2532
2.4090	2.0860	0.2233
2.2530	2.4370	0.2240
2.0960	5.0870	0.2364
2.0340	4.9040	0.2053
2.1010	2.8490	0.0825
2.0640	2.7250	0.1154
2.0120	1.1030	0.1897
2.1690	2.4340	0.1706
2.1210	3.9430	0.0752
2.0760	3.5720	0.1018
2.1130	3.3740	0.0863
2.1520	2.2470	0.1419
2.1160	0.4947	0.1791
2.1600	3.3090	0.1432
2.1500	0.1168	0.1120
2.0770	1.7010	0.1244
2.0120	3.0410	0.1782
2.0700	2.1010	0.1221
2.1920	0.1036	0.1696
2.2020	0.2879	0.1746
1.9840	0.8099	0.1435
1.8630	1.5380	0.1048
1.4040	0.4317	0.0945
2.0650	4.5970	0.1383
2.0140	3.2540	0.1468
1.8740	0.3314	0.1113
1.9810	0.5915	0.1692
1.7670	0.3782	0.1192
2.0150	1.4000	0.1891
1.9750	4.5940	0.1805
2.1640	2.2520	0.1755
1.9880	4.0310	0.1906
2.0520	2.8480	0.2039
2.1850	2.7990	0.1733
2.2380	6.1480	0.1945
2.0980	1.7410	0.2352
2.1220	3.3580	0.2091
2.2700	0.5737	0.1383
2.2850	1.1000	0.1462
2.4660	4.3520	0.1217
2.2680	1.3810	0.1752
2.4530	1.3790	0.1836
2.2610	0.9868	0.2337
2.4000	1.1720	0.2634
2.4240	1.0060	0.2616
2.6580	0.4758	0.2510
2.7170	1.6240	0.2718
2.6930	0.3962	0.2345
2.2810	0.3712	0.2743
2.4560	2.2600	0.2784
2.7250	3.2370	0.2245
1.6940	1.0620	0.0591
2.4470	1.4540	0.1631
2.5540	2.1350	0.2358
2.4430	2.9190	0.1759
1.4020	0.5639	-0.0489
2.2220	1.8300	0.1143
2.0660	2.4030	0.1685
2.4180	2.5520	0.1462
2.2690	2.5360	0.1307
1.2260	0.0388	-0.0374
1.1790	0.5052	0.0179
1.2980	0.1567	0.0657
1.9960	5.0340	0.1409
2.0450	3.6350	0.1384
1.9740	3.1230	0.1386
2.0990	1.5460	0.1464
2.1560	2.3590	0.1641
2.1280	2.1550	0.1505
2.1320	2.8360	0.1540
2.2160	0.1573	0.1830
2.0880	5.6690	0.1654
2.0820	2.6150	0.1715
2.0920	3.3220	0.1821
2.1370	0.1890	0.1664
2.1240	0.8521	0.2147
2.2400	1.4690	0.2456
2.1000	0.6848	0.2071
2.0830	0.0044	0.1895
2.1480	4.0370	0.2229
2.0880	2.9970	0.1692
2.2650	0.4852	0.1738
2.2710	1.3630	0.1944
2.2200	1.9710	0.1642
2.1960	3.3010	0.1602
2.1240	2.6520	0.1556
2.2580	2.9500	0.1921
2.1820	3.5750	0.2007
2.1590	3.8480	0.1942
2.1910	1.8390	0.1722
2.2000	3.6990	0.2024
2.2530	1.3840	0.2271
2.2390	3.2490	0.2242
1.9720	2.0320	0.1442
2.0050	3.4870	0.1411
2.0430	4.0770	0.1588
2.0440	4.8590	0.1564
2.0090	2.9450	0.1472
2.0220	1.5370	0.1366
2.0480	2.4470	0.1415
2.0970	3.2910	0.1815
2.1010	3.6420	0.1736
2.0670	1.0790	0.1630
2.0120	0.0869	0.2064
2.0560	3.3270	0.1973
2.0930	1.0810	0.1880
2.0500	2.0480	0.1626
1.9160	2.7090	0.1301
1.9310	1.7310	0.1307
1.9920	0.9398	0.1368
2.0560	2.3970	0.1562
2.0110	1.3890	0.1474
1.9620	0.5950	0.1310
1.9740	1.9780	0.1395
2.0450	2.9620	0.1757
2.0100	3.3060	0.1857
2.0240	3.4970	0.1847
2.0680	2.7960	0.1986
2.1310	1.4690	0.2292
2.1560	2.5560	0.2325
2.3260	1.2270	0.2481
1.9990	3.0830	0.1478
2.0950	1.5700	0.1902
2.1790	2.7410	0.1913
2.1600	2.0630	0.1314
2.3400	2.0760	0.2014
1.9160	2.1600	0.1310
1.9390	1.2740	0.0895
1.9880	0.5406	0.1926
2.0840	0.1950	0.1788
2.0290	2.7260	0.1509
2.0100	0.2385	0.1593
1.9300	3.2070	0.1173
2.0320	4.0560	0.0571
2.0540	3.6980	0.0454
2.0120	4.3260	0.0845
1.9270	0.4152	0.0564
1.9070	2.4720	0.0863
2.0280	4.6430	-0.0469
2.0900	2.1180	0.0548
1.9410	0.5175	0.0929
1.8910	1.2640	-0.0005
1.6810	0.3512	-0.0864
1.5150	2.0410	-0.0988
1.5420	3.0520	-0.0859
1.9600	1.1050	0.2045
1.9630	1.7990	0.1968
2.0590	3.2110	0.2128
2.0690	0.8101	0.1985
2.0520	3.8610	0.2021
1.9840	2.8190	0.1832
1.9850	0.8193	0.1640
1.9890	0.9090	0.1756
1.9670	2.0070	0.1519
2.0450	0.1362	0.1756
1.9350	2.2190	0.1447
1.7970	0.1049	0.1456
1.9220	1.7460	0.1386
1.9130	1.1380	0.1334
1.5320	0.1957	0.0980
1.8980	0.7269	0.1208
2.0360	2.5510	0.1586
1.9680	1.8660	0.1289
2.0520	0.3353	0.1810
2.0000	0.7370	0.1403
1.8260	0.6706	0.0850
1.9390	0.6933	0.0753
1.4370	0.4926	-0.0184
1.7610	0.8044	0.0350
1.7020	1.9060	-0.0382
1.4580	1.5040	-0.1075
1.9520	1.1940	0.1540
1.9500	1.6050	0.1460
2.0360	1.0090	0.1922
1.9650	3.0620	0.1855
1.9500	0.4379	0.1779
1.9490	1.3290	0.1777
1.9590	2.0010	0.1712
2.0530	2.9440	0.2172
2.0570	2.8200	0.2096
1.9660	0.5500	0.2121
1.9820	1.6340	0.2164
2.0740	0.2246	0.2193
2.0920	1.9290	0.2130
2.1010	1.1880	0.2109
1.9930	2.8690	0.1883
1.9560	2.3650	0.1783
2.0250	2.4400	0.2017
2.0500	3.3020	0.2039
2.1170	1.9500	0.2024
2.0050	3.1340	0.1784
1.9430	3.2780	0.1751
2.1960	1.2100	0.1949
2.1500	1.3980	0.1868
2.1430	0.0039	0.1777
2.1990	1.6460	0.1855
2.1470	1.6660	0.1763
2.3390	1.3050	0.1907
2.2650	1.0560	0.1831
2.2100	2.4140	0.2024
2.3320	1.6850	0.1964
2.3350	3.2200	0.1839
2.2570	3.2700	0.1706
2.3350	1.2280	0.1738
2.0180	3.2520	0.2125
2.1020	2.2800	0.2085
1.9760	2.6960	0.2118
2.0290	2.8760	0.2032
2.0720	3.4650	0.1835
2.1140	2.1070	0.1710
2.1270	2.0130	0.1616
2.1180	1.6620	0.1952
2.0730	2.9230	0.1737
2.0620	2.6410	0.1594
2.0200	0.1925	0.1569
2.0630	3.6580	0.1580
2.0190	1.8110	0.1554
1.9790	2.7810	0.1479
1.9610	0.6062	0.1456
2.2640	0.7111	0.1767
2.2500	0.3934	0.1824
2.2760	1.7300	0.1611
2.3640	3.0870	0.1716
2.3560	1.4140	0.1690
2.3670	1.9330	0.1624
2.2670	1.7610	0.1692
1.9810	3.9040	0.1418
2.0820	3.4910	0.1518
1.9590	1.1470	0.1376
1.9660	3.3610	0.1400
1.9890	0.1048	0.1178
1.9550	3.7580	0.1104
2.0330	3.4510	0.1323
2.0850	2.5140	0.1492
2.2900	1.9850	0.1585
2.0870	3.5040	0.1381
2.0470	3.6450	0.1455
2.0720	0.5927	0.1356
2.1890	1.0910	0.1627
2.2360	2.7260	0.1637
2.0670	0.6637	0.1103
2.1190	3.8590	0.1393
2.1420	5.0240	0.1324
2.0840	0.1371	0.1248
2.0930	0.5289	0.1230
2.0970	0.9109	0.1190
2.0870	4.9610	0.1158
2.0030	3.5170	0.1007
2.0560	3.2020	0.1093
2.1070	1.0630	0.1246
2.0960	4.2720	0.1339
2.1690	2.7300	0.1395
1.9230	0.4049	0.1155
1.9510	3.4780	0.1033
1.9520	1.7260	0.1304
1.9800	2.0580	0.1383
2.0180	0.0791	0.1664
2.0640	3.9480	0.1324
2.0880	2.5160	0.1453
1.9950	2.6830	0.1064
2.0340	2.7940	0.1475
2.0490	0.2945	0.1933
2.0900	4.0790	0.1985
2.1400	0.5917	0.1793
2.1080	3.3620	0.2150
2.1840	0.8496	0.2250
2.2690	1.9520	0.2336
2.1030	1.6570	0.1189
2.0730	3.3530	0.1111
2.1710	3.3050	0.1789
2.1320	1.0300	0.1609
2.1070	2.7290	0.1446
2.2290	4.9070	0.1891
2.1390	1.2370	0.1465
2.3850	1.1470	0.2167
2.2230	2.5210	0.1942
2.3010	2.5130	0.2393
2.4260	0.6214	0.2392
2.5250	2.8750	0.2423
2.5770	1.5590	0.2527
2.4870	1.3600	0.2424
2.2790	0.7837	0.2151
2.2410	1.6740	0.2060
2.2780	1.8780	0.2039
2.3610	3.0650	0.2275
2.2430	2.1950	0.2325
2.0990	0.9655	0.2131
2.0870	3.1570	0.2006
2.1650	0.4594	0.2437
2.1260	2.0930	0.2309
2.0720	5.3860	0.2205
2.0760	0.5912	0.2208
2.0380	1.8870	0.2081
2.0490	3.5060	0.0993
2.0580	2.5940	0.1150
2.2340	1.0590	0.1238
2.1110	1.6790	0.1037
2.0470	3.1140	0.0919
2.0570	2.2520	0.0887
2.0940	4.1560	0.1069
2.0570	2.2200	0.1908
2.1630	2.0790	0.1841
2.0210	0.9849	0.2000
2.0160	3.1430	0.1958
2.0190	0.8814	0.1777
2.0460	4.1750	0.1799
2.0720	3.4840	0.1642
2.0880	0.7585	0.0747
2.0910	0.6345	0.0846
2.2130	1.4650	0.1302
2.1670	0.3998	0.1070
2.1010	3.2300	0.1156
2.1360	0.7009	0.0790
2.1190	0.6218	0.0872
2.0750	1.7690	0.1386
2.1190	1.6510	0.0720
2.1360	0.7651	0.0818
2.1010	2.5170	0.0986
2.0900	0.6189	0.0920
2.2100	2.7850	0.1721
2.1460	0.5941	0.1784
2.2580	0.6717	0.1416
2.1910	4.1160	0.1646
2.1470	0.1612	0.1655
2.1100	1.5570	0.1563
2.0710	1.1900	0.1752
2.1740	1.2940	0.1484
2.2390	3.2140	0.1423
2.1390	4.1160	0.1268
2.1380	1.3130	0.1308
2.1400	0.8681	0.1301
2.1680	0.2026	0.1395
2.1040	1.4270	0.1404
2.2310	4.8760	0.1318
2.1850	3.1380	0.1222
2.1290	2.7340	0.1127
2.0850	2.3480	0.1155
2.0960	2.7320	0.1403
2.0950	1.7370	0.0976
2.0810	2.6760	0.0959
2.0890	0.4430	0.1132
2.0230	1.6420	0.1827
2.0680	3.7490	0.1749
1.9940	2.9730	0.1824
1.9580	3.7970	0.1774
1.9600	1.4890	0.1757
2.1020	0.1511	0.1535
2.1370	2.5200	0.1672
2.0860	2.2130	0.1168
2.0780	1.5980	0.1233
2.1010	2.1500	0.1525
2.0880	0.8025	0.1500
2.2320	0.7474	0.1603
2.0340	1.4400	0.1737
1.9660	0.4803	0.1685
2.1290	2.0350	0.1770
2.2350	0.2817	0.1748
2.3000	2.1900	0.1700
2.0170	0.4974	0.1677
2.1520	1.0850	0.1569
2.1910	0.3025	0.1598
2.0100	0.2995	0.1481
1.9410	1.3530	0.1370
1.9050	0.9584	0.1237
1.7740	1.0820	0.1414
2.0090	0.3464	0.1326
1.9690	0.5838	0.1265
1.6500	0.1918	0.0882
1.5150	0.1488	0.0776
1.2580	0.4893	0.0669
2.0430	2.8290	0.1376
2.0100	2.7310	0.1411
2.0830	0.4692	0.1145
2.0630	2.0600	0.1264
2.0520	5.0380	0.1504
2.0830	0.1826	0.1704
2.0390	0.5416	0.1510
1.8140	1.3390	0.1040
1.5820	0.3112	0.0827
1.9570	2.2050	0.1330
1.9770	1.0670	0.1276
2.0110	1.1330	0.1342
1.7460	0.3772	0.1021
1.4450	0.1107	0.0795
2.1040	1.8210	0.1757
1.9840	1.8420	0.1372
1.8990	0.7905	0.1445
1.9430	2.7980	0.1687
1.9430	2.7240	0.1610
1.9370	1.6530	0.1792
1.9650	1.6890	0.1790
2.1320	0.4668	0.1916
2.0220	1.3270	0.1828
1.9400	0.4494	0.1870
1.9500	2.0500	0.1921
1.9870	3.8430	0.1838
2.1050	1.4040	0.1684
2.1650	1.4370	0.1818
2.0670	4.2290	0.1162
2.1030	1.5220	0.1638
2.1380	1.1800	0.1673
1.9970	2.8290	0.1901
1.9690	1.1380	0.1949
2.1210	1.1970	0.1925
2.0980	1.7750	0.1881
2.0790	3.1860	0.1848
1.9900	0.9354	0.1941
2.0750	0.0928	0.2090
2.0090	2.0930	0.1889
2.0040	3.8440	0.1934
2.0420	4.1330	0.2032
2.1180	1.8300	0.1790
2.0870	1.8040	0.1819
2.1260	1.3730	0.1800
2.0900	2.6210	0.1747
2.2370	1.0620	0.1795
2.3030	3.7530	0.1622
2.3740	4.0750	0.1724
2.1240	4.0550	0.2131
2.1330	2.6640	0.2061
2.0770	0.5918	0.2182
2.0940	2.7310	0.2180
2.0910	1.1180	0.2156
2.0710	3.4440	0.2254
2.0380	2.7260	0.1875
2.2270	2.6140	0.1573
2.3290	3.4630	0.1390
2.1520	0.7942	0.1725
2.1240	4.5870	0.1433
2.0610	4.0850	0.1506
2.4570	1.4880	0.1258
2.3540	0.4081	0.1168
2.1430	3.0620	0.1577
2.4040	3.4810	0.1377
2.5170	2.1250	0.1341
2.4520	2.3270	0.1514
2.4770	5.1060	0.1347
2.3650	1.7040	0.1542
2.4690	3.7020	0.1464
2.1080	0.5670	0.1636
2.2100	3.5380	0.1585
2.3570	0.5388	0.1792
2.3610	1.1300	0.2481
2.3320	2.2600	0.2558
2.1280	1.3320	0.2351
2.1090	2.8750	0.2113
2.0970	2.4010	0.2342
2.1420	3.3990	0.2431
2.3160	1.8660	0.2513
2.3490	1.8760	0.2377
2.3390	0.5331	0.2600
2.1990	3.0230	0.2075
2.4110	2.5680	0.2437
2.5190	1.0790	0.2574
2.2820	4.8330	0.2604
2.2650	4.2090	0.2657
2.4880	0.2258	0.2582
2.5370	1.7120	0.2565
2.3520	4.3830	0.2474
2.4760	2.4050	0.2484
2.4400	1.8180	0.2482
2.7680	1.7350	0.2580
2.6560	1.4460	0.2770
2.6950	1.5440	0.2602
2.5160	0.7937	0.2460
2.4980	1.2670	0.2347
2.6190	2.5350	0.2736
2.6540	1.6160	0.2677
2.3400	0.8936	0.2743
2.5410	0.8281	0.1632
2.4710	2.2380	0.2101
2.2820	3.2280	0.2586
2.2460	0.8128	0.2715
2.5950	1.1260	0.2781
2.3800	0.3404	0.2433
2.5350	2.4200	0.2842
2.3680	2.1690	0.2805
2.2920	3.7610	0.2714
2.3230	1.8520	0.2587
2.4190	2.6610	0.2740
2.3070	4.7090	0.2544
2.5110	2.3070	0.2481
2.3560	2.9410	0.1913
2.5130	1.1340	0.2371
2.6350	1.5590	0.2504
2.7720	2.4350	0.2510
2.2060	0.6597	0.0703
2.3210	2.9260	0.1347
1.4100	1.1210	-0.0435
1.7830	0.6447	0.0115
1.9300	0.5865	0.1302
2.1440	3.3120	0.1368
2.2130	0.3567	0.1915
2.7400	1.0360	0.2522
2.5910	3.0510	0.2657
2.5670	2.3820	0.1936
2.3810	1.4850	0.2210
2.4000	2.0420	0.1906
2.5870	2.2710	0.2482
2.3060	1.8410	0.1593
2.6590	2.0700	0.1996
2.5890	1.9780	0.2003
2.5140	1.9720	0.1576
1.3810	0.3541	-0.0719
1.5150	0.2531	0.0031
1.4750	2.6820	-0.0310
1.9270	0.2376	0.0789
1.7900	0.4592	0.0353
2.0330	2.1310	0.1011
2.1320	1.9800	0.1413
1.8430	1.7750	0.1240
2.3160	1.0720	0.1526
2.1170	0.6227	0.1250
2.0150	0.1849	0.1772
2.2440	4.6370	0.1940
2.4140	3.0710	0.1852
2.3930	0.7374	0.1429
2.2770	1.2120	0.1275
2.2160	1.7110	0.1466
2.3570	1.9630	0.1275
2.3730	2.6130	0.1216
2.3140	3.8350	0.1228
2.2770	0.4948	0.1528
2.3130	2.0690	0.1114
2.3360	3.7810	0.1597
1.3600	0.2301	-0.0802
1.2890	0.1335	-0.0252
1.2870	0.7973	-0.0661
1.3200	2.4220	-0.0575
1.3000	0.6846	-0.0214
1.3150	0.3862	0.0638
1.2800	0.2994	0.0223
1.4280	0.2450	0.1169
1.1930	0.5697	0.0493
1.2040	0.5080	0.0359
1.2130	0.2077	0.0066
1.4610	0.2308	0.0680
1.1930	0.4823	-0.0075
1.1920	0.4206	0.0221
1.2620	0.3863	0.0547
1.7050	0.8145	0.1203
1.4980	0.2404	0.1048
1.8950	1.0500	0.1474
1.5430	0.4628	0.0947
2.1560	1.6730	0.1773
1.7380	2.5100	0.1395
1.9230	1.6260	0.1905
2.1730	1.8780	0.1879
2.0030	0.3624	0.2137
2.4480	1.3280	0.1954
2.2890	0.4912	0.1577
2.1920	2.2590	0.1112
2.2700	1.0610	0.1221
1.1980	1.8310	-0.0514
1.9720	1.5470	0.2528
2.2130	1.7470	0.1710
1.7540	4.2750	0.2474
2.0740	3.8510	0.1785
1.8540	0.4639	0.1552
2.1420	2.0640	0.1443
1.9310	1.9920	0.1579
2.0750	2.6420	0.1654
2.1070	1.3080	0.1906
1.3690	1.1050	0.0553
2.1500	0.1797	0.2033
2.1230	0.2044	0.1898
1.9460	0.6568	0.1613
1.9230	0.2765	0.1326
2.0040	2.7760	0.1698
2.0950	1.0910	0.1548
2.4420	1.4570	0.2156
1.9730	2.3350	0.1799
2.4820	3.0890	0.1945
2.2730	2.3690	0.0888
1.9320	3.2230	0.1860
2.2780	1.3440	0.1458
2.3220	1.2780	0.1794
1.0020	0.4058	0.0862
2.1370	3.1510	0.1844
2.1610	2.3750	0.1795
2.8420	3.1770	0.1404
2.1030	3.5950	0.2581
2.1320	0.0954	0.2667
2.0330	3.2820	0.2035
1.6590	3.0670	0.0161
1.9020	2.3770	0.1345
2.2090	1.5290	0.1750
1.8590	5.0260	0.1342
2.2040	2.4060	0.2163
1.8670	1.7760	0.2611
2.3010	2.8510	0.1967
2.3150	2.1470	0.1868
1.8480	3.5160	0.1985
2.1950	2.3790	0.1941
1.7060	5.0560	0.1478
1.7950	0.4371	0.1393
2.0620	1.2020	0.1880
2.0570	2.2710	0.1730
1.8230	4.1360	0.1503
2.1730	2.7070	0.1769
2.1780	2.0880	0.2293
2.2570	4.2760	0.1929
2.0060	2.7120	0.2462
1.9780	0.0575	0.2017
1.8670	1.6200	0.1146
2.0040	1.6920	0.0294
1.7250	0.9628	0.0739
1.5110	1.4480	-0.0126
2.0430	2.5250	0.2118
2.0930	2.9430	0.1873
1.9370	0.7973	0.1340
1.0830	0.3799	0.0699
1.9310	2.3760	0.1180
1.9670	0.9173	0.1142
1.1700	0.1626	0.0094
2.0810	0.9580	0.1916
2.0410	3.6090	0.1531
2.0800	2.5780	0.2145
2.0820	2.6880	0.2079
2.0930	2.5500	0.2011
2.1510	2.0660	0.1922
2.1300	2.6540	0.1931
2.2220	2.1200	0.1842
2.1370	1.0130	0.1846
2.1670	2.7090	0.1873
1.9520	4.1030	0.1581
1.7460	1.4860	0.1484
1.8850	2.1990	0.1769
2.1610	2.6910	0.1709
1.7730	1.7310	0.1343
1.7230	0.8000	0.1484
1.7830	0.8676	0.1569
2.2710	2.3250	0.1440
2.2750	4.3470	0.1556
2.0900	2.6390	0.1136
2.1140	3.2760	0.1041
1.9600	1.8210	0.1248
2.0160	1.6980	0.1743
2.0490	2.9720	0.1961
2.1820	0.2399	0.1798
2.0670	0.3978	0.1169
2.3560	0.0085	0.2104
2.5110	1.9720	0.1961
2.3800	2.9900	0.2002
2.0310	5.2820	0.1885
2.1000	3.6780	0.1797
1.8570	4.6220	0.0810
2.3000	3.9750	0.1239
2.3430	1.3990	0.2085
2.0410	0.5949	0.1551
2.1490	5.0170	0.0933
2.3300	2.8170	0.1449
2.2420	3.7720	0.0832
1.9890	0.6948	0.1811
2.1340	0.1766	0.1872
2.1190	1.2980	0.1447
2.0490	2.0560	0.1499
2.3260	2.0240	0.1451
2.0580	1.2430	0.1871
2.2100	2.2700	0.1425
2.1180	0.3373	0.1745
2.0680	0.8609	0.1680
1.6490	1.0530	0.1307
1.5720	0.4085	0.1263
1.1080	0.4780	0.0893
2.1120	5.0220	0.1699
1.9720	1.1520	0.1656
1.7770	0.2873	0.1276
1.9470	0.3156	0.1408
1.5540	0.9496	0.0971
2.2260	2.6510	0.1774
2.2000	2.8460	0.1613
2.4620	0.3221	0.2182
2.4150	3.2660	0.2125
2.4890	2.9110	0.2215
2.4440	2.5950	0.1400
2.3730	4.0250	0.1463
2.1370	0.3565	0.2331
2.3180	2.0930	0.2077
2.6150	1.1460	0.1378
2.3720	3.4600	0.1720
2.2730	4.8690	0.1213
1.9510	1.7090	0.2353
2.1400	0.9879	0.2708
1.8080	1.9010	0.2274
2.0110	1.4760	0.2389
2.2430	3.1640	0.2700
2.1060	0.6849	0.2674
2.2880	1.5480	0.2843
2.1900	3.2050	0.2987
2.1850	2.3770	0.2658
2.2370	3.1580	0.2905
2.1560	0.0703	0.2257
1.4690	0.4822	0.0614
1.7510	1.7740	0.1544
2.0640	1.9280	0.2490
2.1070	0.4361	0.1849
1.3110	0.8150	-0.0490
2.0420	3.3660	0.1226
2.1700	4.6740	0.1827
2.3920	2.2970	0.1289
2.1570	1.5320	0.1673
0.8328	0.3998	-0.0034
0.6625	0.1933	0.0418
1.1250	0.4262	0.0552
1.7920	4.7180	0.1349
1.8830	3.5160	0.1360
1.7670	3.0300	0.1351
2.0470	2.7020	0.1462
2.2300	3.0030	0.1722
2.0350	2.3640	0.1496
2.0000	2.0070	0.1536
2.1650	1.6210	0.1792
1.9720	5.1560	0.1551
2.3360	3.8520	0.1995
2.2730	2.6770	0.2032
2.3710	3.9940	0.1902
2.0450	1.6050	0.2313
1.9430	2.9570	0.2576
1.9920	2.5880	0.2279
1.9800	2.1970	0.2216
1.7810	2.0190	0.2600
1.9720	0.7443	0.2020
2.3680	0.9351	0.1870
2.3090	2.5180	0.1923
2.3700	2.3020	0.1857
2.3260	3.1330	0.1866
1.9780	0.2389	0.1891
2.2810	3.5270	0.1910
2.2050	0.7774	0.1982
1.7880	4.1590	0.2236
2.0450	0.8926	0.1815
2.0390	2.5540	0.1854
1.9040	1.2080	0.1899
1.9650	3.3860	0.1868
1.7210	2.6230	0.1432
1.7600	2.9290	0.1361
1.7450	4.2260	0.1495
1.7650	4.0080	0.1486
1.7330	2.7570	0.1417
1.8850	0.5352	0.1352
2.0290	2.4710	0.1453
2.0090	3.9400	0.1653
2.0200	2.5070	0.1651
1.8560	0.3987	0.1543
2.0120	1.0900	0.2043
2.0260	0.7953	0.2015
2.0630	1.3970	0.1857
1.9510	0.8112	0.1648
1.8630	1.7230	0.1322
1.8900	1.0640	0.1347
1.9710	1.7050	0.1443
2.1510	3.0110	0.1722
1.7610	0.3350	0.1459
1.9020	0.7744	0.1421
2.1600	2.7400	0.1759
2.3120	3.4590	0.2115
2.3200	4.1240	0.2215
2.3090	3.8930	0.2195
2.2170	2.4150	0.2246
2.0470	1.4610	0.2409
2.0470	1.5830	0.2405
1.9920	2.0570	0.2528
2.3110	3.5580	0.1821
2.2200	3.3290	0.2259
2.0840	0.4360	0.2202
2.1750	2.5690	0.1828
2.0270	2.4450	0.2207
1.9970	2.0590	0.1426
2.0550	3.0240	0.1212
1.9920	0.4978	0.2111
2.0170	3.1180	0.2024
2.0130	1.4430	0.1782
1.9710	1.1480	0.1875
1.9040	1.5710	0.1467
2.2650	2.5800	0.0983
2.2220	4.0840	0.0601
2.1980	0.1344	0.1047
1.9910	2.4260	0.0709
1.8500	0.9139	0.1055
1.8850	0.8579	-0.0087
2.0860	4.0840	0.0478
1.8760	2.0790	0.1225
1.7090	1.5450	0.0457
1.5270	3.0610	-0.0264
1.3300	1.4180	-0.0329
1.2820	1.7010	-0.0539
2.0080	2.9150	0.2147
1.9990	2.9450	0.2096
2.0990	4.1690	0.2067
2.1080	0.5643	0.1915
2.0820	4.3270	0.2028
2.0150	3.9670	0.2002
1.9970	1.7640	0.1776
2.0530	2.6350	0.1731
1.9360	0.5660	0.1235
2.0750	1.5490	0.1639
1.6850	0.0462	0.1114
1.5050	0.4466	0.0842
1.6450	0.4233	0.0958
1.7240	1.3200	0.0857
1.0320	0.3346	0.0587
1.6260	0.8890	0.0915
2.0620	2.3290	0.1601
1.9650	0.2226	0.1490
2.0800	0.3716	0.1552
1.9380	0.8413	0.1165
1.5590	1.5820	0.0882
1.8950	3.1230	0.0987
1.2900	1.1850	0.0439
1.6020	1.1970	0.0816
1.5460	1.4020	0.0226
1.1730	1.0690	-0.0325
1.9890	0.6800	0.1446
1.7270	0.6366	0.1210
2.0860	1.1020	0.1924
2.0620	1.6270	0.1801
2.0740	0.1593	0.1819
2.1020	2.1840	0.1923
2.0890	0.6548	0.1798
2.0850	3.4750	0.2117
2.1020	2.7410	0.2004
2.0250	2.7580	0.2155
2.0570	1.9020	0.2187
2.0880	0.9704	0.2147
2.1300	2.1520	0.2124
2.1020	2.4240	0.2081
2.0940	2.2240	0.2000
2.1130	3.2630	0.1952
2.0910	3.2430	0.1998
2.0820	2.8360	0.2061
2.0980	1.3250	0.2020
2.1170	1.3550	0.1957
2.1220	3.4640	0.1938
2.1560	2.2880	0.1958
2.1120	2.0670	0.1998
2.1320	0.5126	0.1949
2.1570	1.4850	0.1902
2.1550	2.3210	0.1898
2.1520	1.5830	0.1875
2.1620	2.6300	0.1876
2.2040	0.4187	0.1956
2.1910	0.9641	0.1905
2.1710	3.2540	0.1814
2.0670	0.2812	0.1668
2.0560	0.8386	0.1763
2.1200	2.0520	0.1988
2.1820	0.2869	0.1964
2.0500	2.9940	0.2041
2.1030	3.0680	0.1875
2.0320	2.5010	0.1687
2.1480	2.2970	0.1653
1.9830	0.0216	0.1619
2.2060	3.2590	0.1847
2.1420	2.8400	0.1706
1.9120	3.2490	0.1573
1.8430	3.2970	0.1531
1.8390	3.4090	0.1558
1.7990	1.1620	0.1507
1.7400	1.2870	0.1484
1.7130	1.0630	0.1417
2.1540	0.8006	0.1838
2.1720	0.8316	0.1788
1.9130	3.1020	0.1699
2.0480	3.0000	0.1802
2.1020	0.3299	0.1806
2.0180	2.5900	0.1726
2.1130	2.6880	0.1668
1.7260	3.8030	0.1475
1.8000	1.3860	0.1566
1.7430	1.7820	0.1359
1.7210	3.2520	0.1387
1.7410	2.7400	0.1376
1.8160	3.7440	0.1321
1.7750	3.6100	0.1397
1.8100	1.3670	0.1641
1.8460	3.0250	0.1609
1.7970	1.9600	0.1630
1.7330	2.7790	0.1522
1.8620	0.3754	0.1417
1.9010	2.9170	0.1591
1.9560	1.6530	0.1575
2.0270	2.1920	0.1275
1.9560	4.1640	0.1489
2.2240	0.2918	0.1509
2.3530	3.1580	0.1394
2.4300	2.7040	0.1600
2.3010	1.7880	0.1075
2.2030	2.4610	0.1050
2.0430	2.7640	0.1224
2.1980	1.8090	0.1137
2.1280	2.7400	0.1180
2.0450	4.2890	0.1379
2.0980	3.5540	0.1513
1.8700	0.9927	0.1253
1.9460	3.2520	0.1276
1.8070	1.2640	0.1318
1.9160	2.5800	0.1323
1.9730	2.8680	0.1504
2.0090	1.1170	0.1457
2.0290	0.4874	0.1557
2.0260	0.9497	0.1194
1.9880	2.7650	0.1481
2.0350	5.0090	0.1837
2.1350	1.4250	0.1945
2.1710	2.9150	0.1798
2.1380	3.1460	0.1983
2.1620	2.2990	0.1919
1.9570	2.1130	0.1903
2.1360	1.3120	0.1084
2.1610	2.9870	0.1132
2.2020	2.1900	0.1728
2.1560	0.3192	0.1431
2.0320	0.9862	0.1457
2.0120	2.7410	0.1882
1.9820	3.2320	0.1361
2.2010	3.1460	0.1863
2.2580	0.6661	0.1760
2.0220	4.4050	0.1970
2.0520	2.4200	0.1974
2.4120	1.4270	0.2007
2.6160	0.9956	0.2245
2.6830	2.0060	0.2097
2.2190	0.2309	0.2066
2.1180	3.3660	0.1809
2.2720	2.3410	0.1989
2.5070	2.6300	0.2110
2.5570	0.5872	0.2110
2.1810	0.4860	0.1846
2.0100	3.1900	0.1784
2.0910	2.3720	0.2066
2.2870	1.2450	0.2031
2.1220	1.3910	0.1837
2.3860	1.3480	0.1931
2.2570	3.2200	0.1853
2.0940	2.9850	0.1117
2.2700	2.7380	0.1279
1.9300	1.4920	0.1344
1.8900	3.2090	0.1027
1.9790	3.4290	0.1015
1.9750	2.9530	0.0829
2.3050	4.3650	0.1089
2.0560	2.6640	0.1734
1.9840	2.4750	0.1646
2.3240	1.8540	0.2051
2.1700	3.1370	0.1968
2.1560	2.7630	0.1823
2.4130	0.8535	0.2012
2.1920	2.4260	0.1470
1.9190	2.3910	0.0793
2.1820	1.9530	0.0824
1.9400	2.5820	0.1349
2.0280	1.1490	0.1291
2.2880	3.0480	0.1418
2.2510	3.6950	0.0845
2.2330	3.0470	0.0840
2.4400	0.7683	0.1776
2.2780	0.2722	0.1019
2.2240	1.7390	0.0960
2.1620	1.0610	0.1220
2.2240	1.5400	0.0965
2.1720	1.7080	0.1785
2.1660	2.6890	0.1833
2.0510	1.0630	0.1702
2.1440	1.5170	0.1726
2.0900	0.6248	0.1834
1.9510	2.4020	0.1865
1.9930	2.6150	0.1866
2.2380	1.4420	0.1541
2.0320	1.5720	0.1634
2.5620	2.5300	0.1387
2.5400	2.0910	0.1337
2.2700	4.2340	0.1168
1.9540	2.3250	0.1805
1.9490	1.9330	0.1786
1.9940	2.0920	0.1698
2.0430	1.7580	0.1467
2.1820	1.3600	0.1098
2.2340	2.4780	0.1437
2.0360	2.8430	0.1752
2.2090	3.1530	0.1036
2.2710	1.8860	0.1051
2.2810	2.2340	0.1141
2.1230	1.4910	0.1906
1.9760	3.4820	0.1867
2.0520	3.5950	0.1882
2.0930	3.7250	0.1908
2.1000	1.3720	0.1888
2.1000	0.3318	0.1730
1.9790	2.0960	0.1816
2.1500	1.3920	0.1238
2.3660	1.3620	0.1455
2.3760	1.8220	0.1659
2.2370	1.0150	0.1407
2.3030	2.6160	0.1648
2.0800	0.3256	0.1795
2.0980	0.7803	0.1769
2.0160	0.1086	0.1832
2.0960	1.0310	0.1712
2.1600	3.2640	0.1579
2.0550	3.2510	0.1601
1.8770	0.4861	0.1389
1.9820	2.0760	0.1475
1.9400	0.1134	0.1367
1.6740	0.1884	0.1118
1.5310	1.1710	0.1059
1.4620	0.9922	0.0922
1.9150	0.5014	0.1289
1.6270	0.3933	0.1284
1.4340	1.2960	0.1025
1.3330	1.6270	0.1052
0.8792	0.1214	0.0863
2.1010	4.6480	0.1462
2.0820	3.3240	0.1569
2.1270	0.9743	0.1277
2.0790	2.1460	0.1376
2.0460	3.5680	0.1718
2.2280	1.5870	0.1899
2.0630	0.9552	0.1755
1.6860	0.4065	0.1267
1.4660	1.9980	0.1061
1.8590	1.5280	0.1424
1.9100	0.7992	0.1468
2.1340	1.0910	0.1522
1.6700	1.8060	0.1067
1.2300	0.6640	0.0868
2.2240	0.7965	0.1561
2.0010	0.9723	0.1353
1.8410	0.1071	0.1264
1.9380	3.3360	0.1490
1.9050	1.9850	0.1534
1.9830	0.2633	0.1552
2.2230	2.0010	0.1727
2.3750	0.8243	0.1843
2.0970	1.8960	0.1603
1.9900	0.6229	0.1668
2.0670	2.2910	0.1817
2.0780	4.5420	0.1682
2.3380	2.0300	0.2038
2.4080	1.5200	0.2099
2.2090	3.9640	0.1589
2.4380	2.0010	0.2097
2.4930	0.9649	0.2143
2.3280	2.8080	0.2024
2.1750	2.6390	0.1978
2.4260	0.7952	0.2050
2.4620	0.0040	0.2174
2.5120	2.3210	0.2169
2.3500	0.9797	0.2045
2.3080	0.6838	0.2133
2.6130	3.4530	0.2121
2.5900	0.1678	0.2036
2.5750	2.8620	0.2005
2.2980	4.8400	0.1491
2.3110	7.0620	0.1888
2.2530	0.7688	0.1773
2.2680	0.3328	0.1348
2.4790	1.4720	0.1188
2.8300	5.1330	0.1196
2.5530	2.0530	0.1256
2.3580	3.7940	0.2241
2.2910	2.8990	0.2011
2.4660	2.7950	0.2075
2.4000	0.1938	0.2277
2.2540	2.0690	0.2331
2.1000	3.0790	0.2045
2.2720	0.7852	0.1860
2.5260	4.7460	0.1475
2.9130	5.8120	0.1489
2.3620	0.3599	0.1776
2.4240	3.0290	0.1524
2.3890	2.2540	0.1545
2.4460	4.0160	0.1292
2.4820	0.3272	0.1373
2.2950	1.4890	0.1701
2.3940	1.2670	0.1415
2.3650	0.6878	0.1412
2.3830	3.6320	0.1613
2.2950	3.6310	0.1355
2.3000	3.6650	0.1939
2.3110	3.8920	0.1982
2.0400	2.6870	0.1784
2.1970	4.6200	0.1824
2.0880	0.2301	0.2576
2.0290	0.3808	0.2720
2.1000	2.2420	0.2873
1.9480	1.5670	0.2197
1.9410	1.9370	0.1930
2.0280	4.0420	0.2094
1.9020	1.2120	0.2163
1.9420	3.8890	0.2216
1.9330	0.2643	0.2557
2.0730	0.6607	0.2529
1.8560	2.8020	0.2317
1.8240	1.5650	0.2375
2.0420	1.7000	0.2280
2.3020	0.3400	0.2585
2.3340	0.8032	0.2748
2.4270	2.3290	0.2459
2.3740	2.1500	0.2441
1.9250	4.6990	0.2243
1.9920	2.6760	0.2559
1.9570	2.5880	0.2635
2.2830	2.6870	0.2685
2.3030	1.1500	0.2841
2.3150	1.1120	0.2786
2.0120	3.2390	0.2703
1.9890	2.3880	0.2768
2.2330	3.1140	0.3049
2.0940	2.1030	0.3154
2.1070	2.3140	0.2679
2.2180	1.9850	0.2534
2.1470	0.7865	0.3029
2.0900	1.2860	0.3072
2.1840	1.3610	0.2664
2.2780	2.0520	0.2923
1.9140	2.4560	0.2736
2.3640	1.6420	0.2914
2.3560	2.2580	0.2895
2.3630	0.5332	0.2896
1.8980	1.2070	0.2750
2.2500	2.8230	0.2880
1.8890	4.1430	0.2554
2.0310	1.5340	0.2553
2.1090	2.3890	0.1979
2.0610	0.7691	0.2466
2.2360	2.0410	0.2545
2.1160	1.3550	0.2569
1.7280	2.2190	0.0576
2.0890	2.3050	0.1508
1.2780	0.1067	-0.0190
1.4010	2.4600	0.0229
1.5970	0.2340	0.1340
1.6940	0.7181	0.1684
1.8160	1.5260	0.1948
2.0660	1.6580	0.2414
2.1350	0.4944	0.2684
2.0570	2.4940	0.1808
1.9270	1.1100	0.2060
2.0960	0.6683	0.2404
2.2120	1.0130	0.2838
2.0920	0.9353	0.2046
2.1390	1.9360	0.2572
2.1040	1.9390	0.2564
2.2190	2.4450	0.1908
1.1940	0.6442	-0.0573
1.4010	0.2575	0.0145
1.3930	3.1440	-0.0372
1.9740	0.6640	0.0539
1.5830	0.6886	0.0253
1.6850	3.1290	0.1112
2.0160	3.4230	0.1675
2.1070	3.3680	0.1200
2.3390	6.2350	0.1645
2.1790	0.0051	0.1351
2.1860	4.2830	0.2055
2.3410	7.1000	0.1944
2.3780	2.0060	0.1374
2.4600	4.7990	0.1381
2.1260	2.3060	0.1719
2.0810	1.4330	0.1788
2.2900	1.0600	0.1285
2.3190	3.3470	0.1555
2.4170	4.5020	0.1382
2.1050	1.8060	0.1703
2.2170	4.9140	0.1254
2.1680	3.6210	0.1460
1.0900	0.7457	-0.0511
0.8602	0.2486	0.0142
1.0170	2.0970	-0.0102
1.1170	2.9010	-0.0376
1.0730	1.0250	-0.0111
0.6692	0.2166	0.0498
0.7014	0.1050	0.0319
0.9930	0.1951	0.0754
0.6620	0.2410	0.0622
0.7524	0.1062	0.0636
0.8733	0.1616	0.0189
1.3880	0.8776	0.0326
0.7222	0.0101	0.0217
0.7776	0.0003	0.0426
0.9496	0.1264	0.0674
1.6020	0.3901	0.0981
1.3010	0.7058	0.0848
1.8730	0.2605	0.1349
