1.6010	1.0020	0.0665
1.8270	1.6840	0.1455
1.9040	3.1860	0.1455
2.0410	1.2470	0.1817
1.8160	1.3730	0.1446
1.7980	0.3191	0.1791
1.8650	0.4982	0.1903
1.8940	1.6920	0.2228
1.9740	1.2710	0.1498
1.8870	3.9290	0.1271
1.2540	2.2630	-0.0712
1.9170	0.5693	0.1784
1.8470	2.6220	0.1380
1.9540	4.4950	0.1750
1.9290	4.3420	0.1846
1.8740	1.8310	0.1835
1.6900	2.6810	0.0871
1.6120	1.7270	0.0944
1.8520	0.2548	0.1292
1.8180	1.3730	0.1666
1.2890	0.0345	-0.0310
1.8870	1.0730	0.1732
1.8820	0.9332	0.1702
1.9060	1.7770	0.1511
1.9260	2.7320	0.1236
1.8830	0.9783	0.1335
1.9920	2.3950	0.1852
2.1180	1.7490	0.2003
1.9360	2.6100	0.1619
1.9640	0.6729	0.1739
1.9310	3.9370	0.1268
1.9280	1.9430	0.1499
1.8570	2.3000	0.1519
1.9460	0.2571	0.1684
1.1950	0.4285	0.0053
1.8380	3.7310	0.1848
2.0520	1.0970	0.2320
2.0150	1.8180	0.2446
2.1590	0.3005	0.2233
2.0840	2.5430	0.2116
2.0530	1.2140	0.1911
1.4220	1.1720	0.0391
1.9340	2.1680	0.1438
1.9070	1.3970	0.1649
1.9610	5.0520	0.1587
1.8500	3.6240	0.1496
1.9370	2.0420	0.1776
1.9020	3.0780	0.1448
1.9600	1.4790	0.1561
1.9910	1.9980	0.1697
2.0390	1.9280	0.1833
1.8790	2.6570	0.1649
1.8340	0.8571	0.1427
1.8430	0.1680	0.1864
1.7710	2.8940	0.1683
1.8230	3.3370	0.1661
1.7510	4.3860	0.1179
1.8260	2.8820	0.1555
1.7880	3.0920	0.1167
1.9210	2.4940	0.1818
1.7420	0.1335	0.1571
1.6700	2.6840	0.0969
1.7360	3.2020	0.0148
1.4460	2.0620	0.0376
1.7690	3.1970	-0.0237
1.7660	2.0990	0.1807
1.6700	2.1260	0.1431
1.6850	0.4805	0.1144
1.2710	0.3547	-0.0051
1.6300	0.5897	0.0800
1.5970	1.4790	0.0718
1.2950	0.2549	-0.0450
1.8950	0.6019	0.1732
1.8150	2.6310	0.1533
1.8520	2.7440	0.1836
1.8600	2.4120	0.1849
1.8420	3.2160	0.1747
1.7970	1.8510	0.1567
1.7780	2.3390	0.1618
1.9210	0.0549	0.1593
1.8530	1.4260	0.1433
1.8830	0.9876	0.1871
1.8690	3.1480	0.1738
1.8270	1.1510	0.1472
1.8990	2.0800	0.1410
1.8710	0.6458	0.1480
1.9020	1.9220	0.1351
1.8220	2.2130	0.1303
1.8920	2.8260	0.1451
1.8900	0.1060	0.1398
1.9310	3.6140	0.1537
1.9510	0.3992	0.1389
1.9150	1.2900	0.1253
1.9640	1.6430	0.1498
1.9580	0.4478	0.1824
2.1080	2.1650	0.2010
1.9320	2.7070	0.1844
1.8880	2.4160	0.1246
2.0310	3.5230	0.1873
2.1140	2.7160	0.1972
2.0470	1.4300	0.2013
1.8890	5.0020	0.2047
1.8990	4.1160	0.2099
1.8610	2.1450	0.1142
1.9220	3.0470	0.1285
1.9020	0.8891	0.2175
1.9030	1.7970	0.1794
1.8460	4.8710	0.1208
1.8930	3.0730	0.1288
1.9440	3.7780	0.1300
1.8670	2.4220	0.1447
1.8100	1.2700	0.1485
1.9150	1.4810	0.1433
1.8990	1.6680	0.1255
1.9850	1.9650	0.1400
1.8900	2.2920	0.1603
1.9850	1.1940	0.1598
1.9740	1.3990	0.1635
1.9030	0.1321	0.1634
1.6290	0.3841	0.1010
1.6590	1.7470	0.0726
1.1820	0.4588	-0.0011
1.9350	4.6970	0.1614
1.8900	3.0260	0.1479
1.7310	0.5958	0.0905
1.8070	1.5650	0.1518
1.4960	0.4012	0.0736
1.9360	1.4510	0.2013
1.8310	0.4960	0.1725
2.0030	2.0500	0.1872
1.9300	3.8410	0.2133
1.8610	0.7925	0.1887
1.9720	1.3040	0.2087
1.8740	3.2720	0.2196
1.9040	1.5710	0.2159
1.9170	4.6940	0.2171
2.1830	0.5564	0.2209
2.1370	2.7020	0.2258
1.9850	4.8860	0.2104
2.0980	1.1840	0.2466
2.0090	1.7080	0.2457
2.0100	0.3430	0.2243
2.1560	0.8991	0.2095
2.0400	1.8710	0.1904
1.9840	3.0420	0.1853
2.0900	0.2200	0.2011
1.9660	1.5920	0.2265
2.0820	2.6130	0.2218
2.0850	3.2630	0.1967
2.0040	0.5417	0.2067
1.6280	1.3340	0.0581
1.9330	2.1020	0.1469
2.0870	1.9450	0.2082
1.8930	1.6970	0.2219
1.2280	0.2691	-0.0347
1.9270	1.6210	0.1302
1.7890	1.5860	0.1470
1.9320	2.3720	0.2259
2.0100	2.6840	0.2090
1.0580	0.2480	-0.0585
1.0280	0.4935	-0.0406
1.1300	0.0960	0.0188
1.9150	4.7100	0.1471
1.9650	2.2960	0.1565
1.9190	2.7300	0.1477
1.9080	1.1290	0.1421
1.8800	2.6610	0.1518
1.9300	2.6200	0.1581
1.9470	3.1040	0.1668
1.9210	0.3471	0.1758
1.9550	5.7300	0.1741
1.8270	1.9240	0.1402
1.8810	2.9750	0.1449
1.8690	2.0400	0.1454
1.8900	1.6910	0.1647
1.9270	0.2054	0.1759
1.9020	0.2433	0.1581
1.9150	0.3543	0.1536
1.9480	3.4950	0.1789
1.9270	0.0765	0.1526
1.9330	0.7009	0.1610
1.9490	2.9130	0.1719
1.9080	1.0970	0.1534
1.9350	3.0060	0.1482
1.9390	2.3840	0.1490
1.9900	2.3690	0.1705
1.9720	2.1740	0.1882
1.9730	2.8540	0.1732
1.9740	2.9190	0.1541
2.0240	2.6560	0.1650
2.0230	0.2941	0.1742
2.0750	3.2630	0.1786
1.8950	2.9940	0.1534
1.8920	3.9480	0.1487
1.8960	4.0750	0.1802
1.8790	5.0610	0.1781
1.8760	3.2200	0.1593
1.8910	0.0593	0.1390
1.8400	1.4840	0.1252
1.8430	4.2370	0.1872
1.8290	2.6520	0.1791
1.8620	0.3050	0.1782
1.8320	1.8110	0.1779
1.8020	2.4210	0.1799
1.8100	1.1860	0.1827
1.7890	1.3210	0.1633
1.6720	3.2360	0.1277
1.6820	2.4080	0.1232
1.7770	1.7670	0.1208
1.8020	3.0720	0.1253
1.8310	0.9039	0.1514
1.7350	1.1360	0.1184
1.7070	3.0560	0.1109
1.7870	2.6070	0.1416
1.7440	3.1610	0.1379
1.7570	3.0810	0.1432
1.8360	3.0700	0.1518
1.8800	1.3780	0.1705
1.8790	1.6580	0.1739
1.9270	1.4830	0.1827
1.7290	2.6940	0.1099
1.8250	2.0240	0.1431
1.8730	2.0450	0.1550
1.8500	1.4800	0.1119
1.8920	2.0150	0.1683
1.6690	2.7500	0.1318
1.6820	1.7410	0.0752
1.7700	0.5226	0.1733
1.7660	1.2830	0.1641
1.7400	2.5950	0.1364
1.6320	0.4992	0.1311
1.6790	2.8060	0.0932
1.7520	3.8330	0.0454
1.7630	3.6680	0.0331
1.7380	3.7160	0.0569
1.6830	0.7429	0.0623
1.6590	2.7500	0.0635
1.7570	3.3700	-0.0281
1.7820	2.8600	0.0418
1.5630	0.7484	0.0676
1.6590	1.1610	0.0075
1.4990	0.1021	-0.0283
1.3040	0.9552	-0.0402
1.3250	3.6530	-0.0711
1.7850	0.6645	0.1804
1.7150	1.5810	0.1716
1.7950	2.5710	0.1782
1.7510	0.5774	0.1605
1.6990	3.3650	0.1676
1.6430	2.5980	0.1519
1.5940	0.8893	0.1204
1.7410	2.8250	0.1447
1.6750	0.3184	0.0957
1.7290	0.5486	0.1262
1.6710	0.7189	0.0883
1.4300	0.3081	0.0266
1.5950	0.5486	0.0609
1.5450	0.0033	0.0356
1.1950	0.4402	-0.0194
1.4810	0.0712	0.0202
1.6320	2.0960	0.1096
1.5790	0.7908	0.0835
1.6880	1.0660	0.1098
1.5710	0.1340	0.0653
1.4220	0.2200	0.0056
1.5480	1.0980	0.0606
1.2600	0.5297	-0.0440
1.4510	0.3858	0.0063
1.4500	1.3250	-0.0021
1.2580	0.6411	-0.0666
1.7730	2.0980	0.1368
1.6690	0.4263	0.1091
1.8650	0.8858	0.1712
1.8320	3.4040	0.1551
1.8730	0.0061	0.1641
1.8930	1.6530	0.1730
1.8930	1.5280	0.1686
1.8360	2.6090	0.1848
1.8490	0.9243	0.1799
1.8090	1.0420	0.1811
1.8300	2.7280	0.1857
1.8660	1.1300	0.1857
1.8850	0.7731	0.1799
1.8700	1.2190	0.1781
1.8710	1.5420	0.1761
1.8650	3.1060	0.1743
1.8770	3.0940	0.1792
1.8620	3.0950	0.1789
1.8600	2.3740	0.1756
1.8010	1.2190	0.1671
1.8350	2.4850	0.1658
1.8670	1.8510	0.1681
1.8160	0.4579	0.1679
1.7770	2.3490	0.1589
1.7840	1.2620	0.1492
1.7830	0.4608	0.1497
1.8220	0.4653	0.1481
1.8440	0.3687	0.1420
1.8940	0.4640	0.1671
1.8290	0.9518	0.1582
1.8840	0.1923	0.1474
1.9220	0.6145	0.1595
1.9090	1.4980	0.1482
1.8740	2.1310	0.1861
1.9050	1.0700	0.1736
1.8400	0.7133	0.1839
1.8520	1.7780	0.1860
1.8470	2.9920	0.1874
1.8980	1.1760	0.1643
1.8840	1.3570	0.1569
1.9140	1.3620	0.1713
1.8660	2.5690	0.1798
1.8790	1.8350	0.1806
1.8440	0.5170	0.1601
1.8370	1.2830	0.1473
1.8780	0.3329	0.1722
1.8440	1.6480	0.1567
1.8760	0.0370	0.1501
1.8630	0.6073	0.1435
1.8550	1.1320	0.1446
1.9050	0.5697	0.1463
1.8780	0.7376	0.1457
1.8730	1.4840	0.1464
1.8710	0.6223	0.1416
1.8580	1.5040	0.1462
1.8200	2.1290	0.1355
1.8310	1.7820	0.1410
1.9030	2.2740	0.1380
1.8470	2.7370	0.1400
1.8400	2.2220	0.1347
1.9140	2.1630	0.1238
1.8960	2.0860	0.1208
1.8490	4.9530	0.1354
1.8920	2.6050	0.1442
1.8480	0.7746	0.1341
1.8730	2.5860	0.1316
1.9030	0.9415	0.1395
1.9180	0.8002	0.1531
1.9220	2.5060	0.1501
1.9030	0.2611	0.1327
1.9040	3.8750	0.1414
1.9010	4.9970	0.1454
1.8820	1.1370	0.1333
1.8960	0.9804	0.1375
1.9040	2.9470	0.1249
1.8880	3.8110	0.1232
1.9340	3.5570	0.1249
1.9240	3.6800	0.1287
1.9540	1.8380	0.1368
1.9650	3.4420	0.1648
1.9520	0.1069	0.1762
1.9450	1.3090	0.1352
1.9420	1.8020	0.1272
1.9320	0.3318	0.1488
1.9640	2.5210	0.1569
1.9530	3.1700	0.1748
1.9590	2.9700	0.1585
1.9740	2.3800	0.1789
1.9540	2.4770	0.1343
1.9570	1.7830	0.1739
1.9450	0.5441	0.1920
2.0060	3.8000	0.1953
2.0420	0.1352	0.1950
1.9820	3.3840	0.1942
2.0640	1.9050	0.1861
2.0830	3.2710	0.1830
1.8980	1.4520	0.1245
1.8880	2.6350	0.1183
1.9650	2.8930	0.1908
1.9160	1.8460	0.1730
1.9030	1.9940	0.1381
1.9510	2.8600	0.1650
1.9040	0.0373	0.1459
2.1170	0.3356	0.1951
2.0400	2.8700	0.1898
2.0340	1.7680	0.1820
2.0980	0.3626	0.1887
2.1050	1.0900	0.1934
2.1000	1.5600	0.1939
2.1620	0.5233	0.1943
2.0120	2.5690	0.1920
1.9870	1.2770	0.1911
2.0230	0.1694	0.1917
2.0970	2.9850	0.1961
2.0340	2.3530	0.2000
1.9470	2.0810	0.2092
1.9420	2.8030	0.2027
1.9600	0.1518	0.2048
1.9370	0.6964	0.2017
1.8820	5.4960	0.2007
1.8640	1.1690	0.1932
1.8650	1.3940	0.2012
1.8890	3.4470	0.1187
1.8920	3.2810	0.1250
1.8940	2.1880	0.1437
1.8730	1.4580	0.1297
1.8850	3.2630	0.1174
1.8870	2.5820	0.1193
1.9330	3.7100	0.1277
1.9280	3.0350	0.2114
1.9150	0.5772	0.1689
1.8710	0.2508	0.2054
1.9040	1.9690	0.2173
1.9120	0.1482	0.2130
1.9400	2.3680	0.2134
1.9340	3.8000	0.1824
1.8500	1.2640	0.1046
1.8890	0.3707	0.1199
1.8720	1.9550	0.1474
1.8590	1.7820	0.1369
1.8730	3.0850	0.1346
1.9020	0.9635	0.1193
1.9290	0.9661	0.1281
1.9190	2.5550	0.1550
1.8630	1.1850	0.1188
1.9270	3.1050	0.1263
1.9550	1.9430	0.1395
1.9770	0.9378	0.1397
1.8490	2.1740	0.1455
1.8110	2.0030	0.1469
1.8720	0.0865	0.1338
1.8690	2.1380	0.1471
1.8480	0.5832	0.1513
1.8610	0.5048	0.1442
1.8300	1.8580	0.1557
1.9470	0.0549	0.1536
1.8970	1.7970	0.1351
1.9420	4.4770	0.1397
1.9550	1.4530	0.1440
1.9170	2.2720	0.1452
1.8750	2.5960	0.1335
1.8830	0.0268	0.1325
1.8810	3.6980	0.1299
1.8920	1.7590	0.1298
1.9130	2.9680	0.1401
1.9370	3.1590	0.1347
1.9360	3.2280	0.1379
1.9360	2.4410	0.1331
1.9730	2.2760	0.1385
1.9780	1.6060	0.1486
1.7910	0.6225	0.1547
1.9310	2.8920	0.1604
1.8320	1.1120	0.1569
1.8190	3.5520	0.1605
1.8700	0.1133	0.1646
1.9720	1.4980	0.1525
1.9750	2.3960	0.1576
1.9730	1.0940	0.1607
1.9930	1.5690	0.1539
1.9740	0.1615	0.1630
1.9320	3.1980	0.1609
1.9120	0.4737	0.1626
1.8990	0.8835	0.1653
1.8830	0.3595	0.1695
1.9610	0.8751	0.1661
1.9710	1.0640	0.1652
1.8660	4.1380	0.1597
1.8220	1.1940	0.1567
1.7450	0.0607	0.1220
1.7780	3.6590	0.1489
1.7050	1.2460	0.1219
1.6000	0.8820	0.0773
1.5330	0.8999	0.0487
1.4020	0.3145	0.0238
1.7730	1.5920	0.1124
1.6500	0.9074	0.0829
1.4370	0.5149	0.0237
1.3730	0.1242	0.0251
1.1190	0.5614	-0.0049
1.9400	3.2930	0.1610
1.8590	3.0430	0.1419
1.9570	0.7529	0.1537
1.9600	1.6870	0.1624
1.9340	5.1080	0.1615
1.9420	0.7453	0.1761
1.9060	0.2482	0.1490
1.6750	0.7080	0.0804
1.4360	0.1303	0.0413
1.8030	1.0970	0.1207
1.8380	1.2120	0.1302
1.8630	0.9273	0.1285
1.5560	0.1032	0.0677
1.2930	0.2526	0.0291
1.9050	2.5590	0.1592
1.7720	0.2994	0.1254
1.6570	0.0944	0.1059
1.7830	0.1010	0.1396
1.7280	0.2132	0.1236
1.8310	1.9830	0.1651
1.8760	4.3280	0.1535
1.9660	1.4660	0.1997
1.8950	1.4120	0.1879
1.8530	1.7090	0.1749
1.8600	2.3130	0.1873
1.8210	7.2330	0.1546
1.9570	1.0360	0.1807
1.9890	0.1169	0.1840
1.9230	3.8540	0.1505
1.9540	1.3480	0.1715
2.0020	1.5020	0.1834
1.9340	2.4590	0.2105
1.8610	2.6700	0.1974
1.9840	0.9810	0.2198
1.9880	1.5000	0.2225
1.9710	2.0800	0.2226
1.8810	0.8832	0.1960
1.8550	0.3628	0.1910
1.9210	3.0100	0.2169
1.8770	1.1990	0.2053
1.8620	3.2410	0.1886
1.8770	2.4540	0.1842
1.8820	6.0920	0.1693
1.8870	2.4440	0.1957
1.8710	2.8200	0.1974
1.9340	1.6510	0.2242
2.0100	1.0250	0.2250
1.8990	3.6660	0.2639
1.8740	3.4740	0.2046
1.8870	1.3520	0.2073
1.8790	1.1480	0.1959
1.8740	2.0740	0.1983
1.9110	2.4240	0.2181
1.9530	2.1710	0.2250
1.9990	2.9230	0.2270
2.0800	2.2320	0.2195
2.0690	1.8480	0.2184
2.0080	1.2620	0.2152
2.1550	2.1140	0.2259
2.1420	2.8370	0.2300
2.1350	0.6974	0.2160
2.0750	2.8760	0.2205
2.1460	1.2590	0.2336
2.1330	3.1220	0.2243
2.0090	3.9540	0.2124
1.9610	3.5410	0.2138
1.9190	1.3410	0.2144
2.0620	0.4246	0.2273
1.9360	0.2238	0.2349
2.0840	1.5910	0.2371
2.1220	2.0520	0.2396
2.0690	1.1860	0.2451
2.1170	1.0350	0.2377
2.0990	2.3270	0.2458
1.9340	3.2890	0.2216
1.9950	2.4310	0.2329
1.8870	3.0840	0.2052
1.9290	1.3960	0.2153
2.0270	2.8040	0.2079
2.1100	2.5330	0.2303
2.1690	0.4775	0.2105
2.0840	1.1600	0.2363
2.1130	0.1559	0.2174
2.1740	2.7170	0.2016
2.0890	0.9494	0.1928
2.0930	1.1790	0.2036
2.1130	0.9503	0.1914
2.0070	4.5240	0.1869
1.9990	3.7190	0.1824
1.9510	1.8960	0.1810
1.9630	1.9810	0.1819
2.0820	0.6651	0.2033
2.0980	1.2140	0.2097
2.0540	1.8960	0.1905
2.0260	2.1190	0.1863
2.0190	1.8220	0.1958
2.0460	0.9781	0.2159
1.9500	0.6880	0.2290
2.0720	3.2750	0.2175
1.8970	3.3600	0.2307
1.9850	0.4155	0.2368
2.0630	0.4757	0.2402
2.1330	0.2813	0.2223
2.1110	1.1860	0.2031
2.0320	1.7810	0.1950
2.1120	0.9076	0.2153
2.1240	2.0700	0.2136
2.1160	0.0133	0.2072
2.0130	0.2844	0.1928
2.0640	3.0480	0.1937
1.9960	3.3190	0.1890
1.9430	2.3760	0.1887
1.8770	2.2250	0.1807
1.9230	2.6640	0.1963
1.9590	3.1300	0.2028
2.0650	2.6190	0.2093
1.8410	2.0420	0.0831
1.8580	2.5350	0.1447
1.1810	2.5780	-0.0315
1.6120	1.7970	0.0232
1.8380	0.6118	0.1029
2.0210	0.7332	0.1519
2.0470	0.9889	0.1706
2.0550	1.5330	0.1966
2.0790	1.1520	0.2066
1.9740	2.2080	0.1863
2.0900	1.8160	0.1856
2.0560	0.7330	0.2058
2.0690	0.6897	0.2163
1.9780	3.8370	0.2056
2.0100	0.9745	0.2160
1.9420	0.9808	0.2248
1.8810	3.3790	0.2232
1.1590	1.2710	-0.0582
1.3660	0.2281	0.0191
1.3200	0.6606	-0.0251
1.6860	0.3177	0.0758
1.6110	0.0278	0.0325
1.8490	3.1640	0.1091
2.0050	0.1952	0.1691
1.6430	1.1500	0.1079
1.8770	2.2360	0.2255
1.7940	0.3160	0.1696
1.8110	1.2010	0.1368
1.8590	5.7270	0.2078
1.8860	3.1520	0.2667
1.9390	2.3900	0.2483
2.0200	1.4690	0.1864
2.0080	1.1040	0.1961
1.9520	1.8020	0.1892
1.9980	1.7540	0.2239
2.0030	2.7850	0.2292
1.9410	2.1900	0.2080
2.0090	2.7300	0.2124
1.9230	0.6846	0.2140
1.1540	0.4821	-0.0729
1.1390	0.3394	-0.0571
1.1670	0.7444	-0.0653
1.1040	2.0520	-0.0591
1.0990	0.7438	-0.0403
1.0970	0.5687	-0.0317
1.0960	0.4111	-0.0449
1.1440	0.5598	-0.0117
1.0440	0.6193	-0.0256
1.0660	0.5075	-0.0215
1.0500	0.0341	-0.0351
1.2580	0.6800	0.0343
1.0380	0.3039	-0.0500
1.0440	0.3171	-0.0273
1.1170	0.3487	0.0005
1.4090	0.9879	0.0634
1.2720	0.5881	0.0467
1.5850	0.7244	0.1031
1.6380	0.2874	0.0573
1.7450	0.9549	0.1525
1.9620	2.3450	0.1443
2.1200	0.4101	0.1762
2.0700	1.7190	0.1608
2.0550	1.2300	0.1831
1.8280	0.9932	0.2007
2.3130	1.8950	0.2350
2.0820	1.0250	0.1295
2.0580	1.7920	0.1378
1.2520	2.6410	-0.0739
1.8750	0.7792	0.1969
1.8480	2.7480	0.1275
1.9210	3.9360	0.1983
1.9860	4.9610	0.1676
1.9470	1.3100	0.1893
1.7780	3.9010	0.1076
1.9780	1.3700	0.1249
1.8690	1.7570	0.1311
2.1400	0.6207	0.1669
1.4590	0.3598	-0.0282
2.1780	1.9590	0.1850
2.1820	0.5430	0.1618
2.1300	1.3620	0.1742
2.1830	1.3450	0.1312
2.2070	1.8480	0.1329
2.0450	1.8130	0.1607
2.2740	0.8904	0.2108
1.9300	2.6000	0.2028
1.9930	1.5410	0.2077
2.1060	3.4110	0.1150
2.1110	2.5300	0.1358
2.1690	2.2350	0.1344
2.0790	1.1130	0.1644
1.0460	0.1559	0.0263
1.8190	2.9820	0.1998
2.2860	2.7030	0.2504
2.1640	2.1620	0.2175
2.0390	1.2130	0.2240
2.2230	3.1180	0.2513
2.0050	3.3410	0.1985
1.5300	2.0640	-0.0119
1.9210	1.7030	0.1351
1.9260	1.2750	0.1510
1.9910	5.2430	0.1411
1.8280	2.5830	0.1512
1.9140	1.2760	0.2106
1.9170	3.2760	0.1387
2.0440	3.9760	0.1501
2.0280	1.0380	0.1705
2.2280	3.0750	0.1712
1.9650	4.0650	0.1637
1.9640	1.2340	0.1383
2.0290	0.0197	0.2100
2.0400	2.3340	0.1929
1.9910	3.2340	0.1717
1.7980	3.3040	0.1199
1.7870	1.8230	0.1664
1.7550	3.2180	0.1311
1.8670	1.5910	0.2161
2.0400	0.1518	0.1644
1.8730	2.9570	0.1176
1.7220	2.4410	0.0214
1.7170	1.5590	0.0491
1.5390	0.3985	-0.0043
2.0440	1.7960	0.1789
2.0420	2.7520	0.1564
1.9350	0.2522	0.1009
1.2510	0.1260	-0.0131
2.0230	1.6630	0.0716
1.9430	1.8730	0.0970
1.3030	0.0135	-0.0358
2.2470	1.6620	0.1580
1.9180	4.5850	0.1321
2.1070	0.6011	0.1955
2.1040	3.7750	0.1837
2.1620	2.9660	0.1738
2.1830	1.3920	0.1742
2.0490	1.8360	0.1599
2.2400	2.1680	0.1776
2.2330	1.5000	0.1672
2.1330	2.2340	0.2008
1.9920	3.2420	0.1876
1.9570	1.6370	0.1635
2.1510	0.1354	0.1547
2.1280	1.4740	0.1504
1.9740	1.7270	0.1384
2.0320	0.9679	0.1614
2.0810	3.0220	0.1491
2.3090	2.2790	0.1416
2.3170	2.0830	0.1561
2.1240	1.4900	0.1251
1.9910	1.5610	0.1213
2.0630	0.5400	0.1358
1.9850	1.9600	0.1709
2.2670	1.1000	0.1877
2.0350	2.9150	0.1871
1.9760	1.0910	0.1266
2.1270	1.2300	0.1925
2.2280	2.5900	0.1962
2.1880	2.5030	0.2148
1.9670	2.8660	0.2163
1.9970	1.1520	0.2253
1.9190	2.7660	0.1271
2.0890	0.4464	0.1296
1.9760	0.4946	0.2261
1.9650	3.0070	0.2209
1.9140	4.0900	0.1366
1.8780	2.6160	0.1439
2.0730	4.0880	0.1083
2.1420	0.7628	0.1282
2.0240	1.4740	0.1500
2.3190	2.5430	0.1184
2.1880	1.3920	0.1125
2.1940	1.1640	0.1243
2.0910	1.4290	0.1577
2.1280	0.8049	0.1426
2.1960	0.0806	0.1426
1.9840	1.0130	0.1522
1.6600	0.8027	0.1009
1.7070	0.5995	0.0767
1.2180	0.0580	0.0127
1.9890	4.3550	0.1571
2.0380	0.5646	0.1513
1.7650	0.7507	0.0960
1.8170	0.9636	0.1486
1.4550	1.4910	0.0841
1.9540	2.6060	0.1911
1.7390	5.7130	0.1762
2.0600	1.6490	0.2068
1.9680	3.3850	0.1994
1.8220	2.4340	0.2001
1.8730	2.4430	0.1841
1.9070	5.2570	0.2090
2.0180	2.1150	0.2384
1.9430	3.3890	0.2080
2.1940	0.2760	0.2140
2.4730	3.4320	0.2429
2.2790	2.4190	0.2060
2.1670	0.2520	0.2455
2.1540	3.0960	0.2374
2.1460	2.1780	0.2437
2.1720	1.7830	0.2179
2.1490	1.8950	0.1993
2.0670	1.0670	0.2323
2.1500	0.7561	0.2371
2.1340	1.5610	0.2472
2.1130	1.4070	0.2352
2.1430	0.4137	0.2187
2.1540	1.5620	0.2422
1.7170	0.7442	0.0697
2.0490	1.4120	0.1796
2.1600	1.4770	0.2426
2.2310	3.3840	0.2125
1.2640	0.4966	-0.0477
1.9210	0.8580	0.1332
1.7500	1.6160	0.1374
2.1360	2.5220	0.2086
2.3120	2.6800	0.1954
0.8134	0.1168	-0.0719
0.6865	0.4002	-0.0357
1.0960	0.4956	0.0054
1.9670	4.5660	0.1418
1.9500	2.2470	0.1407
1.9750	3.1240	0.1419
1.8610	2.4210	0.1361
1.8870	1.9150	0.1369
1.8890	1.6210	0.1420
1.9250	1.8660	0.1503
1.9630	1.8680	0.1621
1.9630	5.5820	0.1544
1.8570	2.4720	0.1309
1.8710	2.7060	0.1424
1.9100	2.4210	0.1331
1.8470	2.1780	0.1741
1.9120	2.7980	0.2048
1.8660	2.4500	0.1764
1.8800	1.8690	0.1681
1.9150	1.2560	0.2074
1.8930	1.3990	0.1591
2.0080	0.4604	0.1489
2.0480	0.5015	0.1609
1.9590	0.9496	0.1390
1.9710	3.7140	0.1444
1.9380	0.8978	0.1504
2.1380	3.2310	0.1565
2.1240	1.4770	0.1742
1.9520	4.7360	0.1759
2.0250	0.9786	0.1524
2.1480	2.9860	0.1588
2.1020	0.7529	0.1701
2.1840	2.7050	0.1701
1.9620	4.2230	0.1544
1.9690	2.8840	0.1428
1.9570	4.5210	0.1757
1.9770	2.9510	0.1662
1.9900	2.5270	0.1520
1.9100	1.9170	0.1344
1.8390	2.6090	0.1308
1.9640	3.6280	0.2025
1.9910	3.4380	0.2036
1.9650	1.3470	0.1911
2.0550	1.0150	0.1922
2.0480	1.3320	0.1854
2.0260	0.8683	0.2071
2.0000	1.0910	0.1809
1.9410	2.5120	0.1487
1.8940	1.5990	0.1339
1.8590	2.2350	0.1278
1.8180	4.2560	0.1222
1.9920	0.3943	0.1547
1.8910	1.2380	0.1289
1.7840	3.9490	0.1203
1.8080	2.4350	0.1397
1.7510	2.4500	0.1438
1.7730	2.4620	0.1477
1.7990	2.5680	0.1599
1.8280	1.9680	0.1814
1.8210	1.7680	0.1763
1.8640	1.0120	0.2012
1.7460	1.3870	0.1164
1.7640	2.6960	0.1528
1.8000	0.0969	0.1653
1.7880	3.0960	0.1289
1.8640	1.3910	0.1850
2.0120	2.0290	0.1455
1.7980	3.9210	0.1143
2.0480	0.6440	0.1744
2.0550	2.3450	0.1776
2.0490	0.9182	0.1547
2.0310	0.7080	0.1515
1.9250	1.7340	0.1247
1.7420	0.9507	0.0636
1.7480	1.9810	0.0540
1.7470	1.5000	0.0822
1.7620	3.8980	0.0765
1.8670	1.0300	0.0900
1.6490	0.9916	-0.0103
1.7530	3.3420	0.0575
1.8740	2.1820	0.0806
1.7110	2.5140	0.0364
1.5410	2.8310	-0.0019
1.4580	0.5916	-0.0098
1.3210	2.4280	-0.0559
2.0500	1.0230	0.1795
2.0310	1.9900	0.1719
2.0650	3.3550	0.1760
2.0880	1.9760	0.1627
2.0370	3.9900	0.1696
2.0230	3.1440	0.1632
2.0150	2.4240	0.1465
2.2000	0.4802	0.1328
1.9720	2.2780	0.0780
2.1100	2.3460	0.1416
1.7370	1.1710	0.0740
1.6140	1.0650	0.0236
1.7590	0.1454	0.0495
1.7280	0.9556	0.0277
1.1020	0.0962	-0.0325
1.6640	2.2270	0.0361
2.0180	2.3910	0.1343
1.9800	0.5326	0.1188
2.0560	1.6850	0.1437
1.9780	0.4422	0.0994
1.6660	0.3085	0.0284
1.8550	3.2820	0.0784
1.3450	0.8526	-0.0236
1.7130	1.0880	0.0367
1.6510	2.5440	0.0345
1.2760	1.0470	-0.0627
1.9350	2.2980	0.1160
1.7390	0.5751	0.1004
2.1900	0.5323	0.1604
2.1550	1.2250	0.1341
2.1090	1.3170	0.1426
2.2470	0.5581	0.1589
2.0640	0.2065	0.1543
2.0700	3.0750	0.1848
2.1120	3.7490	0.1771
2.0640	1.2520	0.1871
2.0770	1.0210	0.1871
2.1040	2.0040	0.1893
2.1530	0.7891	0.1902
2.1330	2.2940	0.1854
2.2040	2.1450	0.1678
2.1980	2.8530	0.1656
2.1610	3.1190	0.1751
2.1380	3.1620	0.1799
2.1480	1.0840	0.1802
2.1210	1.0120	0.1666
2.1370	2.5870	0.1611
2.1890	0.6249	0.1798
2.1510	1.5150	0.1745
2.0800	2.1030	0.1657
2.0880	0.7504	0.1672
2.0480	1.1270	0.1585
2.2170	2.1490	0.1720
2.1270	1.2590	0.1648
2.2220	0.6174	0.1813
2.2340	0.5482	0.1762
2.2710	2.8950	0.1716
2.1720	0.5224	0.1765
2.2590	0.7422	0.1725
2.1440	2.9170	0.1969
2.1980	1.2800	0.1953
2.0750	1.8050	0.1988
2.0400	1.5600	0.2056
1.9670	2.8540	0.1995
2.0950	0.4237	0.1844
2.0660	0.7086	0.1826
2.2020	1.5930	0.1896
2.0370	1.8650	0.1967
1.9560	1.5080	0.1887
1.9830	2.2630	0.1768
2.0370	2.7960	0.1738
1.9540	1.6190	0.1764
1.9440	0.4509	0.1637
1.9460	0.9401	0.1540
2.1690	2.2110	0.1627
2.0990	0.1453	0.1592
2.1580	1.0360	0.1720
2.2800	1.9320	0.1625
2.2460	0.7257	0.1556
2.2160	1.5270	0.1457
2.1550	1.1030	0.1406
1.9830	3.4220	0.1616
2.0800	2.0080	0.1680
1.9680	1.4570	0.1416
1.9220	0.6493	0.1472
1.9510	1.3050	0.1455
2.0240	3.0680	0.1397
2.0110	2.4270	0.1499
2.0990	2.2520	0.1503
2.1430	2.5450	0.1449
2.0920	1.3430	0.1642
2.0330	1.6110	0.1564
2.0970	1.0010	0.1434
2.2190	3.8860	0.1395
2.2640	2.5580	0.1368
2.3460	1.0310	0.1310
2.2740	1.5810	0.1370
2.3570	0.2524	0.1569
2.1100	0.6280	0.1410
2.1300	1.8100	0.1476
2.1700	3.6170	0.1296
2.0290	3.2650	0.1304
2.3130	1.1040	0.1229
2.2900	3.1030	0.1269
2.0500	1.0330	0.1196
1.9670	2.3950	0.1563
1.9870	3.0830	0.1537
2.0540	0.3980	0.1377
2.1940	3.4900	0.1327
2.0060	1.3500	0.1433
2.0210	2.1280	0.1379
1.9820	3.5400	0.1573
1.9720	1.4350	0.1598
1.9850	0.6309	0.1633
2.0970	2.2790	0.1316
1.9790	2.6030	0.1560
1.9940	4.7700	0.1771
2.1420	0.4536	0.1889
2.2230	3.0620	0.1818
2.1190	2.6110	0.1809
2.2590	3.4790	0.1745
2.1690	2.3040	0.1756
1.9910	1.6690	0.1299
2.0090	2.8600	0.1263
2.1150	1.8680	0.1755
2.0160	2.2490	0.1371
1.9410	4.9720	0.1415
1.9250	1.0370	0.1831
1.9030	2.2380	0.1418
2.2400	2.4790	0.1846
2.2690	0.3214	0.1788
2.0880	3.1260	0.1786
2.1030	0.8863	0.1845
2.1600	1.0200	0.1939
2.3030	1.2650	0.2035
2.3360	1.4310	0.2025
2.0850	2.1160	0.2028
2.0380	2.5910	0.2149
2.1170	2.9690	0.2017
2.2540	1.0590	0.2053
2.2890	2.5900	0.2073
2.0980	0.1827	0.2249
1.9970	1.6520	0.2259
2.1490	3.5720	0.2191
2.1040	1.2730	0.2087
1.9360	3.9280	0.2137
1.8580	1.5150	0.2072
1.8610	1.7820	0.2129
2.0150	2.8790	0.1244
2.0650	0.2487	0.1343
1.9110	1.1260	0.1582
1.9190	3.8710	0.1255
1.9630	3.7570	0.1260
1.9890	3.1290	0.1298
2.1330	3.2310	0.1243
1.9990	0.7551	0.2329
1.9600	3.2710	0.2127
1.8640	1.1080	0.2085
1.9860	0.1763	0.2281
2.0240	1.1320	0.2335
2.0340	3.0570	0.2298
1.9830	3.6600	0.2165
1.9180	1.4090	0.1443
1.9800	2.4640	0.1285
1.9210	0.5437	0.1783
1.9090	1.4990	0.1788
1.8780	3.4510	0.1666
1.9760	3.5300	0.1175
2.0760	2.0750	0.1089
1.9020	3.3560	0.1893
1.8780	1.6010	0.1177
1.9930	2.6100	0.1107
2.0070	1.7230	0.1248
2.0850	1.2630	0.1186
2.0760	1.5610	0.1450
2.0460	2.3680	0.1541
2.1760	1.0430	0.1323
2.1110	0.8537	0.1424
2.0530	0.1546	0.1407
2.1190	1.2930	0.1335
2.0750	0.1554	0.1423
2.3900	2.0300	0.1396
2.2370	1.2410	0.1237
2.1880	3.4330	0.1516
2.3170	2.5660	0.1367
2.2820	0.5220	0.1271
2.1800	0.4216	0.1184
2.1400	2.2830	0.1227
2.2200	0.8729	0.1175
2.2490	2.5030	0.1137
2.1770	2.1640	0.1183
2.1660	2.8450	0.1195
2.1610	3.1490	0.1242
2.1370	1.8350	0.1136
2.1430	1.9790	0.1137
2.1400	1.4480	0.1272
2.0270	2.7230	0.1560
2.0910	2.8800	0.1480
2.0670	2.3300	0.1537
2.0830	1.9190	0.1594
2.1060	0.0775	0.1622
2.1990	1.7120	0.1321
2.1310	3.0770	0.1409
2.0830	0.1340	0.1386
2.1940	1.5780	0.1346
2.2300	1.3540	0.1390
2.1640	3.0660	0.1444
2.2170	2.5130	0.1409
2.0630	0.8323	0.1580
2.0280	1.3940	0.1598
2.1040	1.4280	0.1518
2.1440	1.4240	0.1492
2.1280	2.9830	0.1404
1.9240	3.0260	0.1463
1.9110	0.3254	0.1194
1.8750	1.8350	0.1344
1.8230	1.3390	0.1178
1.6670	0.1558	0.0794
1.5290	0.4368	0.0554
1.5580	1.1230	0.0301
1.9860	0.3945	0.1172
1.6620	0.9217	0.0858
1.4250	0.5792	0.0409
1.4250	0.6013	0.0453
0.9596	0.2608	0.0172
2.0970	4.0470	0.1482
2.1130	3.9530	0.1415
2.0210	1.1250	0.1373
2.0580	1.4710	0.1494
2.0290	3.7070	0.1585
2.0410	0.7925	0.1864
2.0170	1.0620	0.1530
1.7930	0.2879	0.0912
1.5390	1.1200	0.0582
1.9760	1.4540	0.1246
1.9610	1.4290	0.1249
1.9650	0.3297	0.1289
1.6220	0.7925	0.0817
1.2500	0.1947	0.0446
2.0040	1.6310	0.1531
1.8690	1.2430	0.1290
1.7110	0.2605	0.1167
1.7360	1.1070	0.1470
1.6630	0.3429	0.1252
1.7790	1.3970	0.1709
1.7560	3.2450	0.1665
2.0750	1.1760	0.1833
1.9060	0.7731	0.1716
1.7960	1.3860	0.1858
1.8380	1.0330	0.1904
1.7630	4.9190	0.1856
1.9910	2.0290	0.1873
2.0970	0.7683	0.1890
1.9360	3.3890	0.1554
1.9600	2.1810	0.1964
2.0110	0.4564	0.2058
1.9490	2.7690	0.1981
1.8560	3.5040	0.1945
2.0760	1.4590	0.2076
2.0560	0.9626	0.2153
2.0510	1.3430	0.2261
1.8470	0.6072	0.1926
1.8380	1.4020	0.2049
1.9850	0.3868	0.2140
1.8520	2.8420	0.1953
1.8020	2.1850	0.1959
1.8060	1.0120	0.1804
1.7870	4.4830	0.1736
1.8300	2.8980	0.1873
1.7940	1.7480	0.1797
1.9010	0.3053	0.1893
2.0020	1.6030	0.1967
1.9820	4.1250	0.2224
1.9100	3.8920	0.2151
1.8570	1.7160	0.2076
1.8340	0.4214	0.2146
1.8740	1.5850	0.2174
1.9890	1.7990	0.2321
2.1020	0.5366	0.2503
2.0950	0.1747	0.2356
1.9670	2.2640	0.1869
2.1480	0.1870	0.2040
1.8770	1.2430	0.1943
2.0000	2.2100	0.1971
2.2070	3.7570	0.2308
2.3040	0.3212	0.2150
2.2320	2.4880	0.2062
2.4600	2.3480	0.2477
2.4170	3.2290	0.2346
2.4120	2.8750	0.2222
2.3970	2.9210	0.2368
2.3640	1.0210	0.2223
2.4010	2.9270	0.2457
2.2580	2.5590	0.2408
2.3090	2.3600	0.2567
2.4070	0.4943	0.2491
2.2660	0.6540	0.2405
2.0740	2.3080	0.2336
2.0770	1.7990	0.2329
2.1160	1.1200	0.2523
2.2270	2.7220	0.2562
1.9890	3.7490	0.2309
2.0930	0.8667	0.2341
2.1850	2.3160	0.2300
2.0760	1.8380	0.2306
2.0730	3.0950	0.2241
2.1500	2.0120	0.2486
2.1090	1.3960	0.2318
2.2370	2.4710	0.2186
2.1560	3.9890	0.2029
2.1200	0.6997	0.2122
2.2590	0.6103	0.2018
2.1670	0.9824	0.1937
2.0830	3.5500	0.1826
1.9250	2.3780	0.2090
2.0030	3.1060	0.2181
2.1920	1.4940	0.2524
2.1970	0.8955	0.2490
2.1550	1.9900	0.2421
2.0190	3.5250	0.2250
2.0260	3.1870	0.2212
2.1750	2.2800	0.2377
2.1040	1.4570	0.2372
2.1880	2.0570	0.2392
2.2230	2.3460	0.2431
2.0930	1.5130	0.2390
2.0480	2.6330	0.2328
2.0450	0.4281	0.2303
2.1530	2.0460	0.2250
2.0130	2.0020	0.2134
2.1870	1.5410	0.2368
2.1460	0.3506	0.2298
2.0700	3.4540	0.2176
2.0580	1.1330	0.1975
2.1450	1.9770	0.2026
2.0660	0.3839	0.1925
1.9520	2.2480	0.2177
2.0410	1.0860	0.1973
1.9830	2.2570	0.2306
2.1240	1.1390	0.2460
2.2160	2.2550	0.2542
1.8650	1.9670	0.0864
2.0110	2.8690	0.1488
1.3490	0.3857	-0.0139
1.6370	1.0340	0.0429
1.9070	2.0940	0.1369
1.9280	1.4390	0.1716
2.0240	1.3930	0.1976
2.2130	1.7680	0.2355
2.2370	1.2700	0.2422
2.1140	1.8360	0.2053
2.1760	1.3920	0.2183
2.0710	1.0870	0.2214
2.1580	0.8898	0.2464
2.1400	2.7430	0.2055
2.1310	1.7610	0.2305
2.1990	1.8530	0.2393
2.2650	3.7190	0.2231
1.1730	2.1440	-0.0766
1.4990	0.1156	0.0148
1.3910	0.1534	-0.0389
1.7910	0.8055	0.0438
1.6730	0.8616	0.0263
1.8360	2.9430	0.1135
1.9760	4.0310	0.1711
1.7930	2.2670	0.0587
1.9480	4.3600	0.2011
1.9220	0.7179	0.1255
1.7430	1.3540	0.1406
1.8730	3.5200	0.2017
1.9870	3.8950	0.2295
2.1740	2.8930	0.2227
2.1530	1.9870	0.1865
2.1290	0.0548	0.1924
2.0770	1.5560	0.1650
2.2680	2.1020	0.2040
2.3020	3.2690	0.2047
2.2280	0.3331	0.1976
2.2660	2.0090	0.2005
2.2610	3.2930	0.2082
1.0950	0.0683	-0.0941
0.9093	0.1347	-0.0711
1.1110	1.1180	-0.0815
1.0040	1.7270	-0.0746
1.0130	1.0400	-0.0503
0.7514	0.4337	-0.0409
0.7397	0.2987	-0.0590
1.1770	0.0211	-0.0091
0.7289	0.4807	-0.0149
0.7907	0.3964	-0.0040
0.8627	0.0911	-0.0390
1.2750	0.8046	-0.0132
0.7333	0.1932	-0.0541
0.7999	0.2408	-0.0186
0.9841	0.1263	0.0154
1.4100	1.8280	0.0701
1.2740	0.8459	0.0566
1.5800	0.2252	0.1059
