2.0340	1.3300	0.0835
2.1560	0.5804	0.1665
2.2090	1.3170	0.1381
2.2170	0.7380	0.1862
2.5470	1.1040	0.1276
2.2580	1.6540	0.1528
2.1850	3.8010	0.1806
2.4270	3.2920	0.1669
2.2110	0.8524	0.1139
2.2370	3.1870	0.1315
1.5880	1.7380	-0.0764
2.4710	1.2250	0.1867
2.2280	2.9050	0.1242
2.5090	1.0390	0.1684
2.4050	3.0130	0.1386
2.2280	1.5970	0.1295
2.1010	1.1120	0.1026
1.9880	0.3650	0.1079
2.3200	0.1909	0.1532
2.0530	1.7080	0.1308
1.7550	0.4837	-0.0115
2.1290	0.8617	0.1262
2.1430	1.9220	0.1267
2.2190	0.4932	0.1515
2.3430	2.9450	0.1415
2.3170	3.4850	0.1486
2.4550	2.9880	0.1662
2.2720	0.4011	0.1798
2.3470	2.3220	0.1803
2.2620	1.8670	0.1554
2.3280	3.0440	0.1108
2.2260	2.7720	0.1537
2.2160	2.4330	0.1291
2.0740	1.0140	0.1353
1.3100	0.3533	0.0019
2.2420	3.7810	0.1574
2.3090	0.8970	0.1277
2.5770	1.5610	0.1597
2.2700	1.8920	0.1975
2.7160	0.9407	0.1803
2.2850	4.0470	0.1724
1.4930	1.1170	-0.0129
2.3020	1.5630	0.1135
2.2900	2.3450	0.1324
2.3390	5.2780	0.1195
2.1890	2.7590	0.1614
2.5150	2.1840	0.1828
2.2120	4.2860	0.1521
2.3230	3.8440	0.1548
2.2780	2.1320	0.1614
2.3360	2.9050	0.1682
2.1440	4.3270	0.1341
2.2150	1.1420	0.1161
2.3180	1.2050	0.1430
2.2290	1.3370	0.1358
2.1930	3.5900	0.1255
2.1830	3.6150	0.1109
2.1740	2.5150	0.1468
2.1270	2.7000	0.1298
2.6130	3.1690	0.1875
2.2350	0.3039	0.1429
2.0660	1.2600	0.0374
2.0540	3.5410	-0.0063
1.8100	2.8090	0.0398
2.1550	3.3130	-0.0198
2.0890	1.9920	0.1365
1.9170	3.0900	0.1323
2.0970	1.1910	0.1172
1.6400	0.1844	0.0118
2.0070	0.1768	0.1123
1.8400	2.4810	0.1001
1.6010	0.8813	-0.1026
2.1300	2.2430	0.1244
2.1130	4.2000	0.1201
2.1540	2.7870	0.1443
2.0810	3.8100	0.1203
2.1700	3.8800	0.1147
2.3800	1.8740	0.1208
2.2990	0.1956	0.1207
2.1660	2.8600	0.1377
2.3770	0.4407	0.1326
2.2270	0.8784	0.1427
2.2250	3.5630	0.1392
2.1680	1.6110	0.1492
2.3540	3.7510	0.1485
2.6620	2.3320	0.1563
2.2100	1.4490	0.1421
2.3570	2.8890	0.1488
2.3230	3.4410	0.1451
2.2540	0.0350	0.1357
2.1850	1.0890	0.1337
2.3990	1.6450	0.1313
2.4150	2.7220	0.1408
2.3120	0.7619	0.1407
2.4710	3.6270	0.1605
2.3220	1.7590	0.1899
2.2790	1.2400	0.1740
2.2900	2.4220	0.1290
2.1560	3.5810	0.1917
2.2410	0.0811	0.1871
2.1640	3.0690	0.1888
2.1600	2.1330	0.1818
2.1920	2.0650	0.1827
2.2540	2.1840	0.0966
2.2410	4.3310	0.1143
2.2150	1.5410	0.1697
2.4160	3.5210	0.1661
2.1180	4.7750	0.0995
2.0630	2.3820	0.1130
2.2460	3.0840	0.1109
2.3670	0.8028	0.1427
2.4240	2.0380	0.1384
2.3660	0.9269	0.1251
2.3010	1.2010	0.1373
2.3760	1.9290	0.1534
2.1580	1.9350	0.1402
2.2890	1.8170	0.1368
2.2810	0.4157	0.1571
2.1760	0.2071	0.1402
2.0160	0.1438	0.1122
1.9630	0.9399	0.0794
1.3890	0.1211	0.0083
2.0760	4.7770	0.1180
2.1050	0.0056	0.1172
1.9160	1.5410	0.0965
2.0440	2.0890	0.1259
1.7460	0.0803	0.0588
2.1460	2.1310	0.1506
2.1870	5.4270	0.1637
2.1540	1.5210	0.1474
2.1650	4.5370	0.1529
2.3510	3.1550	0.1611
2.4820	2.7980	0.1252
2.4780	2.0370	0.1597
2.2220	2.6240	0.1638
2.4220	0.8882	0.1338
2.4140	1.8640	0.0951
2.4210	2.5000	0.1419
2.5220	4.8910	0.1306
2.3430	1.7620	0.1845
2.3720	2.1550	0.1937
2.3550	3.4100	0.1768
2.2540	2.2310	0.1806
2.2510	2.6250	0.1950
2.7660	0.4569	0.1905
2.8340	1.4320	0.1845
2.4720	1.8350	0.1856
2.4000	0.2700	0.1941
2.4590	2.5390	0.1969
2.7040	0.7704	0.1931
1.8420	0.3912	0.0573
2.5610	2.2090	0.1441
2.5920	0.8376	0.1765
2.3520	0.5671	0.1714
1.4630	1.2200	-0.0570
2.1760	0.3494	0.1164
2.1680	3.4570	0.1860
2.5940	0.3038	0.1372
2.3660	3.0860	0.1636
1.2620	0.1765	-0.0940
1.1930	0.3826	-0.0650
1.2540	0.2360	-0.0148
2.2670	2.8500	0.1163
2.3350	3.2640	0.1081
2.2600	3.3330	0.1308
2.2970	1.1940	0.1104
2.2530	2.3240	0.1299
2.3090	2.4770	0.1137
2.3350	2.6360	0.1172
2.3250	0.0660	0.1364
2.3760	3.5860	0.1216
2.1640	1.5660	0.1437
2.1970	3.3950	0.1605
2.2050	1.4230	0.1458
2.3420	0.3698	0.1740
2.4960	0.8934	0.1866
2.3710	0.4125	0.1731
2.3570	0.9282	0.1717
2.5310	4.0080	0.1753
2.3340	3.2110	0.1596
2.3200	1.1500	0.1454
2.3640	0.0925	0.1503
2.2620	0.1676	0.1475
2.2780	3.9920	0.1527
2.3260	2.9030	0.1547
2.3600	3.8860	0.1617
2.4310	3.3510	0.1501
2.3630	4.2530	0.1631
2.3100	1.9090	0.1535
2.2510	3.4090	0.1591
2.2200	0.6867	0.1739
2.2720	2.8210	0.1722
2.1820	0.9909	0.1338
2.1980	2.9970	0.1190
2.1930	4.6180	0.1324
2.1940	4.5760	0.1266
2.1830	0.2579	0.1209
2.2520	0.2002	0.1113
2.2640	1.4990	0.1074
2.2730	2.8690	0.1323
2.2580	2.6880	0.1349
2.2110	0.4955	0.1284
2.2850	3.4950	0.1556
2.2920	3.0310	0.1554
2.3010	1.6440	0.1470
2.2070	1.1330	0.1363
2.1090	3.0680	0.0827
2.1430	2.5990	0.0939
2.2340	2.3950	0.1101
2.2090	3.1970	0.1183
2.1910	0.6254	0.1203
2.1920	0.8016	0.1100
2.1420	2.0740	0.1029
2.1260	3.1880	0.1384
2.0850	3.7050	0.1283
2.1040	2.9570	0.1338
2.1820	2.4590	0.1560
2.3190	1.0220	0.1744
2.3270	2.4280	0.1774
2.5520	1.7600	0.1870
2.0690	3.6030	0.1186
2.1780	2.7310	0.1419
2.3390	3.0790	0.1698
2.2770	2.0780	0.1366
2.5120	3.0650	0.1811
2.1140	3.6470	0.0818
2.0730	1.3930	0.0791
2.2420	1.1000	0.1507
2.2730	1.2660	0.1429
2.1740	0.6735	0.1110
2.1220	0.3476	0.1248
2.1010	2.7750	0.1043
2.0830	3.6760	0.0878
2.1010	3.6300	0.0768
2.0650	4.0970	0.0889
2.0520	0.8087	0.0181
2.0920	3.2100	0.0852
2.0750	3.9090	-0.0320
2.1330	1.4580	0.0989
1.8750	3.3870	0.0893
2.0280	0.7387	0.0518
1.8650	0.3910	-0.0324
1.6700	2.3820	-0.0831
1.6590	3.0550	-0.0716
2.2050	2.2910	0.1476
2.1340	1.4540	0.1412
2.0390	3.4950	0.1339
1.9920	0.6558	0.1325
2.0080	4.1840	0.1368
1.9960	2.1050	0.1323
1.8500	1.5260	0.1194
2.0840	3.5220	0.1268
2.0800	0.5585	0.1158
2.0360	2.3410	0.1277
2.0600	0.4646	0.0932
1.8440	0.5429	0.0516
2.0590	1.5490	0.0805
2.0040	1.5980	0.0823
1.5940	0.1004	0.0069
1.9400	1.2330	0.0826
1.8610	3.5030	0.1187
1.8180	0.1777	0.1022
1.9480	0.1305	0.1241
1.9250	2.0230	0.1073
1.8710	0.7414	0.0603
1.7790	0.6795	0.0767
1.5750	0.1187	-0.0637
1.7800	0.3227	0.0242
1.7360	0.9376	-0.0210
1.5480	0.8400	-0.1096
2.1020	2.6400	0.1132
2.0700	0.8141	0.1060
2.0860	0.6160	0.1275
2.1170	1.2800	0.1278
2.1190	0.7830	0.1245
2.1470	1.4930	0.1217
2.1280	0.1443	0.1274
2.0670	3.2680	0.1285
2.0670	2.9110	0.1265
2.2300	0.6232	0.1482
2.1420	3.4530	0.1410
2.0880	0.5286	0.1260
2.1140	0.2853	0.1388
2.0970	1.3030	0.1205
2.1440	3.1260	0.1183
2.1640	3.3360	0.1174
2.1060	3.0980	0.1218
2.1100	3.9820	0.1163
2.1390	2.0760	0.1168
2.2230	3.7720	0.1150
2.1730	2.8430	0.1232
2.1750	1.9460	0.1203
2.2300	0.2014	0.1150
2.2990	2.8150	0.1188
2.4350	1.1880	0.1242
2.4300	0.5054	0.1242
2.4720	1.9010	0.1264
2.6450	1.7010	0.1295
2.1410	0.0833	0.1305
2.3130	0.7128	0.1273
2.2730	0.5215	0.1302
2.2220	3.7840	0.1424
2.2470	1.1860	0.1381
2.1920	4.1760	0.1470
2.1260	2.8880	0.1409
2.2680	2.4770	0.1518
2.3040	0.8638	0.1407
2.2810	2.6540	0.1345
2.2410	2.5240	0.1405
2.2230	1.7680	0.1487
2.1290	0.4512	0.1401
2.2840	1.0030	0.1365
2.2300	0.6223	0.1351
2.1770	0.4123	0.1453
2.2010	3.2670	0.1514
2.1750	1.6770	0.1370
2.1490	1.9550	0.1418
2.1570	0.0042	0.1435
2.6790	2.6800	0.1375
2.6750	2.8250	0.1347
2.2360	2.2400	0.1471
2.3320	0.0504	0.1424
2.6180	1.8260	0.1543
2.4050	1.2730	0.1567
2.4460	0.6642	0.1576
2.1740	0.3237	0.1493
2.2190	3.4340	0.1530
2.2060	0.4560	0.1398
2.1440	2.8330	0.1442
2.2170	3.2040	0.1448
2.2370	4.0990	0.1453
2.3330	1.6980	0.1403
2.3950	0.1475	0.1445
2.2900	2.2460	0.1430
2.3200	0.4910	0.1467
2.3400	2.8740	0.1388
2.3430	2.6810	0.1476
2.2760	0.5352	0.1459
2.2750	2.4420	0.1407
2.2960	0.7391	0.1402
2.2720	1.9310	0.1428
2.1990	5.5830	0.1314
2.2270	0.4488	0.1308
2.2010	2.3380	0.1260
2.3530	3.3760	0.1224
2.2810	4.1510	0.1311
2.3110	4.0280	0.1359
2.3450	4.1280	0.1321
2.4720	2.3630	0.1225
2.5000	2.4180	0.1500
2.4340	3.5190	0.1585
2.3000	0.8533	0.1387
2.3110	1.7320	0.1364
2.2780	0.8671	0.1370
2.3450	3.7180	0.1363
2.3550	0.9320	0.1460
2.4490	0.3995	0.1514
2.5050	2.6240	0.1637
2.2880	2.3090	0.1427
2.3550	0.7729	0.1490
2.4130	1.8390	0.1533
2.4480	1.5950	0.1760
2.4230	2.0790	0.1792
2.4660	0.8049	0.1728
2.3660	2.7960	0.1736
2.2520	3.7830	0.1885
2.3730	1.0470	0.1371
2.2700	3.4970	0.1195
2.3710	1.8910	0.1698
2.3610	2.9040	0.1624
2.3870	4.3690	0.1627
2.3250	4.0480	0.1798
2.3830	0.1793	0.1610
2.2400	2.3220	0.1890
2.2780	1.4010	0.1753
2.1960	1.2810	0.1900
2.2070	0.2117	0.1945
2.2180	4.1380	0.1909
2.2110	0.9015	0.1839
2.2550	2.2330	0.1880
2.2300	0.7003	0.1813
2.2410	1.3170	0.1869
2.2290	2.9770	0.1772
2.2100	3.0330	0.1890
2.2510	2.4110	0.1861
2.1540	1.9310	0.1870
2.2560	2.6070	0.1831
2.2430	1.5500	0.1782
2.1650	0.1640	0.1861
2.1380	1.2530	0.1861
2.1590	3.6660	0.1801
2.1630	3.0650	0.1816
2.2320	3.8370	0.1134
2.2220	2.0780	0.1270
2.4140	1.4980	0.1407
2.3090	1.7720	0.1141
2.1970	2.5190	0.1031
2.1820	1.8190	0.1031
2.3110	3.7550	0.1058
2.3150	1.6080	0.1769
2.3930	2.4220	0.1741
2.2040	1.4190	0.1761
2.2270	3.0760	0.1775
2.2390	0.9301	0.1714
2.2290	4.1360	0.1610
2.3250	2.4220	0.1627
2.1670	3.0000	0.0883
2.1800	2.3190	0.0994
2.3860	2.4780	0.1312
2.3390	1.8720	0.1369
2.3040	2.8000	0.1359
2.1590	1.0980	0.0975
2.2880	2.6190	0.1157
2.1380	2.6570	0.1432
2.0680	1.1440	0.0960
2.1410	2.7150	0.0994
2.1440	2.4370	0.1071
2.2570	1.0130	0.1096
2.6360	2.9430	0.1442
2.4940	0.5107	0.1308
2.3700	2.2990	0.1439
2.5780	1.2910	0.1546
2.4260	1.8210	0.1462
2.3100	2.5950	0.1500
2.2890	1.8680	0.1475
2.2460	2.5780	0.1378
2.3700	2.8450	0.1230
2.2120	3.4240	0.1216
2.2770	3.0800	0.1293
2.3440	3.4020	0.1314
2.2590	0.5078	0.1431
2.2140	3.0150	0.1493
2.3540	4.1990	0.1281
2.3680	3.4690	0.1235
2.3650	1.5260	0.1293
2.3540	3.4520	0.1522
2.2870	3.2310	0.1553
2.3500	2.4900	0.1277
2.3430	2.5720	0.1255
2.2300	1.1460	0.1319
2.3390	3.0580	0.1290
2.1870	2.7560	0.1475
2.2180	3.7390	0.1384
2.1990	0.9513	0.1306
2.1490	2.0260	0.1324
2.3910	1.4270	0.1596
2.2280	1.6840	0.1555
2.2090	0.5673	0.1235
2.3290	1.4750	0.1461
2.4430	1.4860	0.1532
2.3590	1.2780	0.1383
2.2500	3.3840	0.1476
2.1490	0.0860	0.1401
2.1350	1.9770	0.1353
2.1740	0.3350	0.1494
2.2720	0.2647	0.1479
2.1890	3.6000	0.1395
2.1250	2.3730	0.1298
2.0970	0.8800	0.1255
2.1050	4.2360	0.1269
2.0820	1.6920	0.1142
2.0290	0.6598	0.0977
1.9200	1.7470	0.0840
1.7950	0.7316	0.0555
2.0960	0.9881	0.1123
1.9980	1.3170	0.1040
1.7520	1.0050	0.0489
1.5750	0.2960	0.0306
1.2280	0.4030	-0.0077
2.2470	3.8610	0.1236
2.2470	4.1570	0.1236
2.1370	2.8110	0.1142
2.1570	0.0627	0.1184
2.0800	5.8370	0.1184
2.0680	0.9447	0.1347
2.0430	1.2570	0.1262
1.9190	1.3110	0.0834
1.6560	0.1484	0.0465
2.1070	0.6178	0.1070
2.0160	3.7840	0.1060
2.0080	1.4500	0.1213
1.7710	0.2258	0.0732
1.4440	0.2534	0.0231
2.0800	3.9410	0.1374
1.9760	2.2290	0.1196
1.9470	0.9093	0.1068
2.0770	1.5250	0.1260
2.0370	0.2134	0.1234
2.1200	1.5160	0.1455
2.1920	2.3770	0.1710
2.1320	1.9930	0.1436
2.1200	0.7728	0.1417
2.1390	1.8940	0.1525
2.1610	0.7725	0.1561
2.1970	4.7130	0.1570
2.0880	0.3068	0.1394
2.1230	0.3758	0.1423
2.0700	3.4160	0.1151
2.1070	1.7950	0.1423
2.1700	0.6414	0.1530
2.1530	3.8250	0.1530
2.1960	3.4340	0.1590
2.1610	0.7834	0.1489
2.1720	1.3970	0.1500
2.1850	3.7060	0.1532
2.2190	2.7710	0.1644
2.3350	2.1390	0.1567
2.2050	0.9216	0.1628
2.3040	1.3000	0.1707
2.3120	2.5090	0.1721
2.3600	0.1293	0.1479
2.3140	1.6600	0.1956
2.4230	2.0980	0.1341
2.3790	2.6980	0.1378
2.5930	0.3998	0.1451
2.6560	6.6280	0.1677
2.6210	3.4220	0.1773
2.4190	2.9550	0.1490
2.4410	2.0660	0.1411
2.2150	4.0030	0.1717
2.3170	1.5700	0.1605
2.2670	0.6414	0.1389
2.2540	2.3720	0.1463
2.2410	1.6900	0.1182
2.4690	1.9060	0.1176
2.6110	4.9680	0.1380
2.4290	0.0142	0.1180
2.2460	2.2800	0.0996
2.2260	3.0230	0.1081
2.3930	2.6810	0.1116
2.5400	2.1190	0.1292
2.4120	2.5520	0.1395
2.3830	2.7240	0.1196
2.5070	3.4530	0.1373
2.4110	1.2970	0.1495
2.4810	4.9630	0.1497
2.3740	2.5740	0.1702
2.3800	0.6825	0.1775
2.3960	1.0430	0.1645
2.4070	1.4690	0.1716
2.3640	2.5750	0.1883
2.2920	1.3430	0.1904
2.3040	3.1260	0.1954
2.2830	0.6511	0.1635
2.3760	1.2830	0.1597
2.1760	0.9683	0.1697
2.2640	3.8010	0.1723
2.3170	0.8005	0.1768
2.3030	1.9860	0.1878
2.2520	1.6940	0.1906
2.3680	0.3121	0.1801
2.2970	0.9578	0.1811
2.2360	3.3910	0.1740
2.2420	2.1370	0.1853
2.2740	3.6310	0.1948
2.2070	2.9460	0.1807
2.1500	0.6595	0.1907
2.2020	4.2560	0.1916
2.6800	3.1210	0.1904
2.6630	2.6150	0.1907
2.8260	2.0380	0.1865
2.7740	2.8330	0.1839
2.8120	2.8010	0.1894
2.7930	2.6630	0.1887
2.7790	2.5600	0.1763
2.5390	2.0120	0.1916
2.4990	1.7300	0.1843
2.5020	1.1400	0.1909
2.3800	0.8365	0.1796
2.4410	0.7966	0.1933
2.3760	1.5870	0.1911
2.3070	0.6899	0.1930
2.6660	1.4400	0.1921
2.5750	0.2713	0.1726
2.5620	1.4980	0.1984
2.4130	1.0690	0.2009
2.3170	4.0440	0.1970
2.3700	0.6325	0.1794
2.3430	2.6190	0.1982
2.2800	4.8760	0.1867
2.6950	3.3490	0.1926
2.4500	2.8720	0.1967
2.6560	2.4940	0.1967
2.7350	1.8360	0.1969
2.8110	0.3487	0.1782
2.3110	2.1730	0.0968
2.3850	2.8100	0.1651
1.4980	0.2775	-0.0063
1.9810	2.6450	0.0388
2.1000	1.5610	0.1091
2.2040	1.0740	0.1461
2.2820	2.6470	0.1553
2.7240	2.5350	0.1681
2.6990	1.1840	0.1714
2.6340	1.6330	0.1706
2.5080	1.1930	0.1657
2.3900	0.9237	0.1792
2.5360	0.5274	0.1828
2.3210	3.9010	0.1816
2.4440	0.0947	0.1803
2.3820	1.6570	0.1784
2.3970	2.8740	0.1625
1.4540	0.3446	-0.0607
1.6360	0.4115	0.0296
1.4610	4.1980	-0.0602
1.7900	0.1505	0.0342
1.8360	0.9772	0.0377
2.0290	3.0750	0.1056
2.1990	5.0660	0.1529
1.8280	1.8590	0.1047
2.2990	2.8930	0.1785
1.9000	0.8648	0.0992
2.2080	0.1805	0.1785
2.3970	7.0000	0.2499
2.5480	0.2037	0.1794
2.6460	2.6570	0.1322
2.3250	0.4931	0.1572
2.3160	0.4397	0.1717
2.2700	0.5332	0.1224
2.5130	1.3140	0.1587
2.5730	2.4080	0.1430
2.3380	0.7158	0.1694
2.4630	3.0900	0.1345
2.4250	2.6500	0.1590
1.4040	0.0493	-0.0790
1.3790	0.2060	-0.0936
1.3520	0.6147	-0.1049
1.3510	2.4120	-0.0754
1.3010	0.8174	-0.0705
1.2990	0.3400	-0.0467
1.3580	0.1918	-0.0663
1.3420	0.3051	-0.0090
1.1690	0.4571	-0.0408
1.1720	0.4591	-0.0362
1.2200	0.1013	-0.0628
1.3920	0.0283	0.0075
1.2330	0.3360	-0.0820
1.1820	0.3514	-0.0518
1.2230	0.4230	-0.0168
1.6080	1.0030	0.0604
1.3780	0.2998	0.0166
1.8450	0.8682	0.1085
1.9780	0.8691	0.0516
2.2520	0.9278	0.1336
2.2100	2.5330	0.1263
2.3090	2.6120	0.1675
2.3500	0.8331	0.1456
2.1890	1.9920	0.1452
2.3120	2.6160	0.1777
2.7800	1.2420	0.1671
2.7030	0.4360	0.1472
2.4310	0.8253	0.1439
1.4610	2.1870	-0.0522
2.0320	0.5954	0.1872
2.2360	2.6980	0.1411
2.0190	4.0650	0.1745
2.2710	5.1420	0.1432
2.1750	0.9480	0.1392
2.1170	2.2460	0.0996
2.2000	2.0030	0.1091
2.0700	1.4590	0.1367
2.3050	0.4999	0.1308
1.5760	0.8051	0.0075
2.1750	0.7248	0.1321
2.3830	2.6340	0.1423
2.0800	1.3870	0.1545
2.2160	0.9998	0.1342
2.4260	1.1050	0.1554
2.4960	1.2480	0.1621
2.2920	2.5660	0.1828
2.2160	3.5520	0.1678
2.5870	3.4650	0.1417
2.2200	3.0130	0.1326
2.1250	3.6850	0.1575
2.3720	1.6540	0.1293
2.3760	0.4494	0.1108
1.0700	0.2353	0.0341
2.3940	3.5290	0.1564
2.3350	1.6090	0.1487
2.2790	4.4060	0.1210
2.3160	2.4570	0.1946
2.4300	3.3290	0.2098
2.2620	2.8160	0.1496
1.6880	2.0550	-0.0038
2.2510	1.8760	0.1028
2.3010	2.3000	0.1392
2.3070	4.8360	0.1160
2.0280	3.2020	0.1732
2.0330	1.6530	0.1885
2.2060	3.0570	0.1701
2.4020	3.4510	0.1649
2.1140	2.4220	0.1684
2.4450	2.4350	0.1720
2.2040	5.4760	0.1314
2.2070	0.6070	0.1184
2.2790	1.4380	0.1617
2.3890	0.3095	0.1506
2.2340	3.9610	0.1317
2.1720	2.9100	0.1296
1.9750	2.9850	0.1567
1.9960	3.4300	0.1260
2.0440	1.2670	0.1828
2.1820	1.7080	0.1377
2.1480	2.8900	0.1012
2.0480	1.5820	0.0067
2.0060	2.8370	0.0638
1.9160	1.3830	0.0069
2.1380	3.1310	0.1338
2.2590	2.0130	0.1339
2.2960	0.7076	0.1230
1.6200	1.0910	0.0405
2.1370	2.8460	0.1031
2.2030	1.1430	0.0877
1.3830	1.5230	-0.0155
2.3070	2.9480	0.1320
2.5450	1.2040	0.1324
2.1720	2.8230	0.1354
2.2170	1.6300	0.1271
2.2420	3.1760	0.1262
2.2020	0.9790	0.1352
2.3260	1.7820	0.1407
2.4160	2.3790	0.1522
2.2960	1.8790	0.1528
2.3670	2.7110	0.1514
2.1100	3.5550	0.1480
2.1460	0.8346	0.1431
2.0850	0.1658	0.1540
2.3970	1.5860	0.1530
2.2090	1.5310	0.1291
2.0900	0.4043	0.1477
2.2280	2.6640	0.1445
2.2870	0.4579	0.1392
2.3040	1.4550	0.1565
2.4690	4.1200	0.1355
2.5390	0.9575	0.1446
2.3690	1.5660	0.1270
2.2560	1.8650	0.1639
2.4940	0.2732	0.1754
2.4810	3.0510	0.1520
2.5410	1.1540	0.1385
2.3710	3.3400	0.1863
2.4720	0.8015	0.1833
2.3550	2.1230	0.1899
2.2380	1.9210	0.1759
2.3750	1.3450	0.1768
2.5220	0.7007	0.0930
2.4120	2.5240	0.1384
2.4340	0.2415	0.1716
2.4390	3.0350	0.1506
2.7250	3.2480	0.0938
2.5570	2.8570	0.1047
2.4810	3.8340	0.1534
2.1190	1.0050	0.1500
2.4180	1.2120	0.1520
2.1500	0.7613	0.1540
2.0470	1.7140	0.1600
2.4900	1.5110	0.1679
2.3130	1.7330	0.1543
2.5540	2.8090	0.1467
2.3700	0.2167	0.1643
2.4350	1.6250	0.1470
1.8330	0.3177	0.0993
1.7470	0.6536	0.0892
1.2510	0.4291	0.0321
2.4060	4.7430	0.1118
2.2080	0.6536	0.1248
1.9310	1.0280	0.0978
2.2610	1.0660	0.1094
1.6470	1.0970	0.0595
2.4080	2.8840	0.1427
2.2720	0.6038	0.1382
2.5530	2.9730	0.1307
2.4710	3.0870	0.1527
2.4260	1.5730	0.1708
2.1920	3.5620	0.1228
2.2310	5.0470	0.1309
2.2920	1.9120	0.1666
2.3130	3.2770	0.1581
2.2930	0.6184	0.1317
2.6880	3.4450	0.1556
2.6400	3.8470	0.1202
2.3630	2.0800	0.1757
2.5500	2.8410	0.2033
2.3370	1.2030	0.1644
2.2440	2.6800	0.1785
2.2690	2.6940	0.1867
2.4610	0.9108	0.1938
2.4800	1.6400	0.1915
2.4450	0.7362	0.2009
2.3060	2.0170	0.2110
2.3150	1.9660	0.1912
2.5570	0.3901	0.1969
1.8260	0.4920	0.0723
2.2050	0.7466	0.1398
2.3440	1.5790	0.1926
2.4770	1.3070	0.1534
1.5220	0.9029	-0.0387
2.1870	0.8421	0.1041
2.1510	2.2740	0.1338
2.1660	1.2630	0.1301
2.5050	1.5000	0.1350
0.8773	0.1399	-0.0595
0.6870	0.2018	-0.0248
1.0320	0.4250	-0.0131
2.2420	4.8680	0.1141
2.2850	2.8470	0.1070
2.2350	2.6950	0.1201
2.2320	2.5880	0.1100
2.2710	2.2800	0.1411
2.2630	1.8570	0.1118
2.2930	2.0090	0.1129
2.3110	2.7140	0.1397
2.3130	4.7520	0.1197
2.1870	3.8000	0.1617
2.1120	2.8450	0.1727
2.2640	3.6970	0.1636
1.9670	0.7753	0.1751
2.0840	3.0990	0.1912
1.9720	2.2270	0.1778
2.0070	2.5150	0.1746
2.0120	1.6710	0.1820
2.0710	1.1370	0.1690
2.3860	1.1360	0.1610
2.3940	0.5608	0.1633
2.3300	2.2870	0.1634
2.3190	3.2670	0.1673
2.1410	1.0150	0.1659
2.4560	2.2910	0.1667
2.3620	1.6670	0.1642
2.0420	5.3620	0.1710
2.2340	0.7176	0.1613
2.3880	3.0850	0.1636
2.2620	1.6850	0.1700
2.3950	4.4570	0.1660
2.2020	3.5020	0.1294
2.2120	3.1650	0.1170
2.1930	4.6510	0.1334
2.2050	4.7160	0.1293
2.2120	2.3410	0.1226
2.2210	1.1420	0.1080
2.2060	1.3860	0.1080
2.2170	2.3170	0.1489
2.2950	2.7950	0.1509
2.2060	0.0827	0.1383
2.2510	1.0720	0.1533
2.3040	0.0744	0.1533
2.3470	2.1640	0.1598
2.3120	1.2810	0.1480
2.2280	0.4609	0.1049
2.1960	1.2190	0.1056
2.1920	3.4160	0.1106
2.2060	2.8860	0.1329
2.2200	1.4040	0.1222
2.1910	1.7020	0.1138
2.1430	2.8000	0.1186
2.1260	4.0930	0.1583
2.0570	3.5710	0.1483
2.0910	3.4490	0.1531
2.0060	2.6810	0.1683
1.9710	1.2710	0.1769
1.9770	1.9240	0.1755
2.0300	0.2326	0.1871
2.0350	3.2820	0.1195
1.9780	2.2510	0.1510
1.9800	0.7746	0.1585
2.0140	0.8018	0.1266
2.0480	1.4620	0.1748
2.3740	0.4806	0.1234
2.1220	2.7280	0.0845
2.1860	0.5463	0.1440
2.2940	3.0910	0.1495
2.3460	0.8799	0.1305
2.2140	1.1300	0.1270
2.2680	0.5229	0.1061
2.0500	1.4040	0.0707
2.0670	4.1590	0.0844
2.0660	0.2441	0.0658
2.0770	2.3180	0.0571
2.1860	1.1270	0.0779
1.9910	1.2320	-0.0143
2.1280	4.0200	0.0909
2.1330	0.2443	0.0843
1.9690	1.7840	0.0443
1.8160	3.4210	-0.0138
1.6520	2.1290	-0.0372
1.5730	1.3080	-0.0397
2.1410	1.4040	0.1367
2.1190	1.3740	0.1371
2.2580	3.4140	0.1350
2.2960	0.1074	0.1342
2.1950	4.3230	0.1361
2.1290	3.8350	0.1357
2.2040	3.9130	0.1259
2.2520	2.4420	0.1277
2.1880	1.9250	0.1155
2.2560	0.5008	0.1236
2.2890	0.2077	0.0887
2.0090	0.2157	0.0392
2.1530	1.0190	0.0829
2.0850	1.9010	0.0869
1.6360	1.2210	0.0281
1.9800	0.8862	0.0687
2.2760	1.4230	0.1208
2.2370	1.0230	0.1065
2.2770	1.1570	0.1218
2.1430	0.6578	0.0949
1.8660	1.6700	0.0476
2.1530	2.1710	0.0761
1.4320	1.2180	-0.0058
1.8540	0.0782	0.0408
1.8570	1.7470	0.0118
1.3750	2.4100	-0.0572
2.4440	2.5220	0.1228
2.2790	1.3150	0.1043
2.3010	0.5877	0.1328
2.3190	2.0250	0.1331
2.3890	2.6510	0.1376
2.3380	0.1488	0.1366
2.4510	0.8506	0.1417
2.1990	1.7690	0.1300
2.2910	2.6200	0.1324
2.1740	2.1330	0.1394
2.1430	2.8470	0.1332
2.1550	0.1490	0.1278
2.1900	0.7480	0.1335
2.1680	2.3150	0.1275
2.2880	3.1390	0.1285
2.3050	3.3130	0.1310
2.2880	1.7840	0.1289
2.2270	3.2050	0.1258
2.1950	2.7370	0.1275
2.2760	3.0440	0.1328
2.3440	2.3120	0.1423
2.1840	2.1730	0.1325
2.1940	0.6524	0.1299
2.2590	1.0640	0.1349
2.2880	2.1020	0.1387
2.3230	2.0870	0.1411
2.3000	0.7679	0.1457
2.3190	1.1800	0.1488
2.2510	1.8700	0.1430
2.2610	1.5290	0.1428
2.4020	0.2473	0.1540
2.1780	1.7540	0.1537
2.2250	0.9600	0.1561
2.2600	2.3170	0.1431
2.2460	1.6470	0.1434
2.2610	3.3700	0.1459
2.2250	2.9120	0.1542
2.1470	3.8970	0.1509
2.1830	0.1451	0.1527
2.0870	1.5120	0.1519
2.3990	2.8890	0.1515
2.1800	2.2630	0.1510
2.1460	0.9664	0.1457
2.1150	2.9140	0.1451
2.0610	3.4640	0.1516
2.1670	0.8958	0.1400
2.1780	2.5960	0.1362
2.1910	0.0108	0.1343
2.3430	1.6790	0.1486
2.3940	2.3350	0.1493
2.0530	3.6480	0.1548
2.2190	2.5480	0.1537
2.3740	0.4070	0.1512
2.3770	2.6930	0.1532
2.3930	2.8610	0.1543
2.0990	2.1750	0.1464
2.0310	0.9759	0.1531
2.2160	1.5400	0.1289
2.1730	3.5470	0.1366
2.1840	2.2810	0.1376
2.2140	4.0670	0.1325
2.1970	2.9090	0.1387
2.1050	2.7790	0.1492
2.3020	2.4440	0.1514
2.0330	3.4970	0.1517
2.1360	0.2874	0.1442
2.2220	0.1617	0.1392
2.2810	1.8030	0.1456
2.4260	2.2430	0.1514
2.2230	3.3950	0.1355
2.2500	3.8540	0.1411
2.2780	4.7510	0.1443
2.3850	1.4510	0.1428
2.3590	2.0590	0.1471
2.3580	4.1570	0.1407
2.4750	3.4790	0.1521
2.2830	2.9230	0.1300
2.3130	4.0300	0.1361
2.5240	1.1760	0.1440
2.5040	2.2510	0.1427
2.6020	2.3770	0.1432
2.2960	0.2684	0.1242
2.3050	3.2370	0.1297
2.2620	0.3991	0.1226
2.3430	2.1990	0.1223
2.3160	3.1400	0.1378
2.3840	1.2950	0.1442
2.3550	0.1719	0.1597
2.4190	0.1526	0.1312
2.3210	1.4810	0.1410
2.2460	5.6890	0.1569
2.2840	1.5290	0.1773
2.4050	2.8100	0.1758
2.2780	2.5690	0.1727
2.3950	1.3180	0.1741
2.3730	3.3900	0.1712
2.5550	0.7256	0.1454
2.4900	1.0580	0.1610
2.6880	2.0970	0.1671
2.8140	0.3201	0.1409
2.6360	0.1433	0.1331
2.3850	2.5030	0.1639
2.4200	3.2630	0.1194
2.4730	2.5870	0.1779
2.4810	0.3295	0.1744
2.2540	3.0870	0.1673
2.3420	2.3960	0.1729
2.4130	0.9894	0.1892
2.3160	0.4617	0.1906
2.3580	2.9350	0.1946
2.3310	0.2845	0.1872
2.3120	1.5300	0.1794
2.3700	2.1080	0.1801
2.4140	2.5600	0.1917
2.3300	1.9570	0.1900
2.3520	2.6240	0.1799
2.2980	3.0990	0.1738
2.2590	1.1620	0.1751
2.2710	2.5110	0.1805
2.3030	2.7160	0.1790
2.2800	0.5478	0.1762
2.3310	0.7773	0.1765
2.4630	1.0130	0.1433
2.4240	1.1950	0.1525
2.3320	1.5010	0.1156
2.5150	3.3130	0.1110
2.4680	1.6230	0.1284
2.4710	3.2750	0.1190
2.3440	3.1610	0.1266
2.3860	1.4700	0.1650
2.3220	2.6940	0.1555
2.3530	0.6239	0.1750
2.4020	1.9390	0.1755
2.4300	3.3710	0.1660
2.4690	3.0380	0.1509
2.5060	3.5230	0.1445
2.5360	0.7234	0.0891
2.5120	3.0580	0.1142
2.4920	1.2960	0.1045
2.6610	1.0920	0.1048
2.7180	2.7570	0.1121
2.6740	3.0860	0.1225
2.3370	2.4670	0.1444
2.6210	1.7390	0.1198
2.7870	1.4080	0.0972
2.8310	0.8211	0.1318
2.6640	1.2610	0.1291
2.7120	0.9627	0.1588
2.4140	2.0610	0.1530
2.3730	2.1900	0.1469
2.2190	0.0920	0.1525
2.4390	0.2626	0.1549
2.4210	1.2530	0.1535
2.1450	2.2860	0.1550
2.2580	2.9900	0.1551
2.4130	3.0560	0.1573
2.2250	1.6850	0.1546
2.3380	2.6390	0.1571
2.3690	2.0060	0.1552
2.1440	2.1510	0.1499
2.0100	0.2377	0.1559
2.0640	3.1030	0.1587
2.0110	3.5130	0.1540
2.0480	0.0047	0.1535
2.1090	2.9870	0.1546
2.1690	2.3360	0.1639
2.1830	3.0570	0.1630
2.2360	3.5220	0.1622
2.4210	3.3570	0.1646
2.6590	0.2714	0.1645
2.3730	0.9202	0.1475
2.2110	2.4300	0.1570
2.3260	3.8120	0.1533
2.3460	3.6770	0.1473
2.3750	0.0853	0.1498
2.3460	0.4965	0.1658
2.2030	3.1330	0.1616
2.5910	0.7682	0.1451
2.6500	0.0488	0.1669
2.5810	1.4220	0.1614
2.4560	0.3264	0.1394
2.4070	2.2830	0.1513
2.3800	2.3180	0.1547
2.4420	0.3183	0.1497
2.3020	2.2810	0.1579
2.3610	0.8841	0.1554
2.2820	4.1920	0.1364
2.5190	1.4520	0.1430
2.0170	0.2893	0.1276
2.2910	2.3860	0.1312
2.4660	1.3870	0.1172
1.9960	0.4488	0.0787
1.6820	1.1090	0.0660
1.7590	1.2040	0.0398
2.0120	0.3458	0.1105
1.7260	0.9202	0.0957
1.5200	1.2700	0.0639
1.5150	1.3560	0.0635
0.9955	0.1303	0.0352
2.3650	4.1920	0.1258
2.2670	2.9110	0.1290
2.5350	0.5271	0.1294
2.4190	2.9800	0.1266
2.3360	4.2500	0.1186
2.3890	1.2080	0.1140
2.2330	1.3110	0.1076
1.9080	0.6389	0.1057
1.6680	1.5930	0.0682
2.0600	0.0546	0.1117
2.1250	0.1943	0.1034
2.2110	0.4382	0.0981
1.8550	1.8000	0.0708
1.3100	0.5802	0.0363
2.3600	2.4500	0.1226
2.1390	0.9216	0.1136
2.0940	0.4229	0.0861
2.2490	2.1080	0.1202
2.1300	1.0680	0.1033
2.3220	0.7335	0.1351
2.2630	0.9366	0.1356
2.4500	1.7460	0.1263
2.3610	2.1010	0.1288
2.3470	0.0866	0.1429
2.3900	1.7550	0.1495
2.3280	2.3900	0.1447
2.4700	0.4500	0.1194
2.4870	2.7010	0.1230
2.4600	3.9960	0.1097
2.5350	2.1980	0.1236
2.5980	1.9260	0.1381
2.4410	3.1150	0.1473
2.4310	4.4020	0.1566
2.5100	0.8095	0.1337
2.5290	0.8810	0.1416
2.5300	2.4440	0.1472
2.4600	4.1140	0.1669
2.4370	0.3686	0.1616
2.4710	1.5450	0.1646
2.4560	0.8661	0.1736
2.3280	3.4980	0.1766
2.2200	2.8790	0.1212
2.2580	4.6440	0.1409
2.3530	3.4420	0.1359
2.2340	0.4041	0.1281
2.2010	2.6900	0.1130
2.1940	3.7110	0.1157
2.2180	4.3400	0.1232
2.3650	2.3220	0.1609
2.3870	2.6450	0.1537
2.2800	2.4570	0.1740
2.3320	2.3570	0.1718
2.2980	1.7640	0.1625
2.3260	0.3589	0.1582
2.2420	3.9500	0.1507
2.1910	2.5200	0.1323
2.2670	2.8970	0.1256
2.3060	0.8144	0.1454
2.2350	3.5600	0.1441
2.2700	2.9480	0.1359
2.5870	0.0454	0.1153
2.5040	2.3480	0.1211
2.5510	0.3335	0.1434
2.5610	3.3560	0.1289
2.6430	3.6510	0.1381
2.7440	2.5980	0.1619
2.7860	3.1280	0.1434
2.6190	3.3270	0.1824
2.6650	3.0430	0.1916
2.4340	2.8940	0.1587
2.5510	1.9390	0.1798
2.4430	2.0090	0.1924
2.2690	0.5894	0.1821
2.4010	3.1140	0.2042
2.2820	2.4630	0.1606
2.4120	2.7410	0.1572
2.2340	3.5590	0.1697
2.2370	3.0230	0.1713
2.2760	2.0620	0.1772
2.2500	3.6230	0.1718
2.2810	2.9360	0.1815
2.3640	1.9610	0.1647
2.2760	0.6974	0.1728
2.2580	3.5350	0.1809
2.2920	4.1770	0.1842
2.3040	1.4150	0.1921
2.2920	3.1380	0.1824
2.3050	1.5490	0.1834
2.1740	4.9870	0.1768
2.1610	3.0110	0.1933
2.2320	3.3080	0.1943
2.5620	0.3942	0.1989
2.4780	1.1230	0.1959
2.5310	0.3775	0.1941
2.2820	3.8970	0.1889
2.2150	2.7170	0.1870
2.3640	2.3300	0.1981
2.3260	3.6100	0.2092
2.3770	2.3880	0.2099
2.7220	2.6650	0.1885
2.5600	0.1618	0.2083
2.4220	2.2300	0.2180
2.2990	3.7630	0.2129
2.4160	0.5848	0.1924
2.1310	0.2380	0.1803
2.3940	2.4510	0.2014
2.3500	0.8068	0.2072
2.3390	2.4330	0.1984
2.0940	0.4267	0.1821
2.2610	3.8310	0.1903
2.1090	4.2000	0.1823
2.2350	2.8900	0.1917
2.3340	2.6070	0.1919
2.2620	3.2780	0.1907
2.5740	0.6466	0.2009
2.5250	2.9620	0.1985
2.0620	0.1031	0.0958
2.3550	2.6200	0.1464
1.6140	0.0014	-0.0156
1.8850	1.4300	0.0648
1.8610	2.0050	0.1157
2.0030	1.8680	0.1360
2.1820	1.6550	0.1509
2.4580	0.7542	0.1990
2.4250	0.2573	0.1985
2.4470	0.7422	0.1713
2.3480	2.9950	0.1836
2.3100	0.0089	0.1691
2.3550	2.3460	0.1943
2.3720	1.2720	0.1495
2.4010	3.4920	0.1752
2.5120	1.6660	0.1846
2.7210	3.8230	0.1565
1.4130	0.3871	-0.0507
1.7740	0.0824	0.0414
1.5800	2.1260	-0.0379
1.9890	0.0364	0.0396
1.9140	0.7585	0.0335
1.9880	3.2540	0.1026
2.2260	3.8770	0.1393
2.0610	4.3040	0.0966
2.1310	3.8240	0.1203
2.1190	2.4090	0.1024
2.2360	2.7880	0.1522
2.2430	5.9270	0.1516
2.1870	3.2390	0.1311
2.1900	3.2340	0.1248
2.4140	1.1270	0.1428
2.3890	0.1148	0.1451
2.3040	1.1510	0.1312
2.2130	4.3530	0.1216
2.3020	2.0690	0.1277
2.4990	4.0580	0.1376
2.5350	3.6410	0.1298
2.6050	2.9190	0.1311
1.2330	0.2535	-0.0646
0.9585	0.0722	-0.0514
1.1650	0.9295	-0.0641
1.2130	1.9190	-0.0620
1.1140	0.9869	-0.0447
0.8153	0.1880	-0.0192
0.7776	0.1600	-0.0387
1.1910	0.1857	0.0118
0.7232	0.2262	0.0013
0.7708	0.1440	0.0025
0.8730	0.1625	-0.0384
1.3080	1.1890	-0.0297
0.7588	0.0743	-0.0450
0.7546	0.0860	-0.0210
0.9006	0.0627	0.0056
1.5200	1.5900	0.0457
1.3220	0.9565	0.0238
1.8400	0.0310	0.0917
