1.5810	0.1448	0.0833
1.8390	0.5930	0.1986
1.9200	2.6060	0.1862
1.8770	0.7130	0.2377
1.9840	1.5680	0.2074
1.7390	0.5177	0.2365
1.9250	0.0858	0.2363
1.9960	2.0750	0.2781
1.9070	1.3430	0.1603
1.8430	2.5130	0.1768
1.3270	1.8850	-0.0837
1.9800	2.5960	0.2547
1.8560	3.3160	0.1870
1.9300	1.9400	0.2289
1.9590	4.9380	0.2118
1.8400	1.0670	0.1913
1.7560	2.0450	0.1561
1.6840	0.2974	0.1430
2.0030	1.6320	0.2539
1.7210	0.1385	0.2113
1.3190	0.1509	-0.0311
1.7630	0.7671	0.2273
1.7980	1.7840	0.2017
1.9330	0.2372	0.2035
1.9340	2.9580	0.2017
1.9680	0.0470	0.1926
1.9040	2.4840	0.2236
2.0040	3.2760	0.2568
2.0840	4.5720	0.2228
2.0960	2.8650	0.2150
2.1040	3.3930	0.1430
1.8600	2.8850	0.1880
1.8080	3.6110	0.1471
1.8440	0.7703	0.1712
1.2070	0.5354	0.0022
1.8090	4.8680	0.2256
1.9400	3.1880	0.2767
1.9230	0.1173	0.2656
2.0990	1.0140	0.2648
2.0820	1.8900	0.2524
2.2130	3.9330	0.2321
1.6290	0.6661	0.0463
1.9230	1.6470	0.1683
1.9620	1.8340	0.2013
1.9770	5.1820	0.1825
1.8690	3.0850	0.2195
1.9780	1.2310	0.2436
1.8830	3.9570	0.2096
1.8730	2.7060	0.2179
1.8710	0.9998	0.2269
1.8410	2.6140	0.2322
1.8960	3.6170	0.1819
1.8460	0.4034	0.1665
1.7850	0.2632	0.2181
1.7830	1.2150	0.1944
1.8200	2.8540	0.1807
1.7670	3.6480	0.1809
1.8550	2.2750	0.2368
1.8310	3.0160	0.2150
2.0350	0.7126	0.2849
1.7340	0.4060	0.2172
1.7580	1.7820	0.1257
1.8210	3.9000	0.0317
1.5650	0.6857	0.0085
1.9380	3.5250	0.0195
1.6790	2.5090	0.2464
1.6910	2.4850	0.2058
1.6560	0.3812	0.1453
1.3040	0.5406	0.0291
1.5870	1.5870	0.1236
1.6440	1.8090	0.1038
1.2900	0.3900	-0.0838
1.7430	1.4740	0.2072
1.7840	0.1661	0.1548
1.7160	3.9220	0.2385
1.6840	3.2790	0.2322
1.7230	3.2820	0.2217
1.9640	0.7586	0.2201
1.8420	1.6600	0.2122
1.9280	1.9710	0.2168
2.0100	2.3230	0.2116
1.8210	2.4200	0.2204
1.8770	4.2460	0.1986
1.8770	0.0639	0.1915
1.9940	3.2100	0.1987
2.0760	1.7510	0.1978
1.9130	1.3700	0.1939
1.8640	2.0870	0.2028
1.9000	2.6250	0.2110
1.8520	1.1220	0.2045
1.8340	5.3460	0.1925
1.9170	1.9980	0.1932
1.9680	0.7569	0.1812
1.9330	2.1910	0.1928
1.8780	0.5340	0.2244
1.8740	2.5820	0.2408
2.0920	2.1990	0.2208
1.9270	1.5280	0.1660
1.9180	3.3820	0.2485
2.0770	2.8880	0.2442
2.1790	2.2540	0.2530
1.9880	4.4820	0.2558
2.1070	3.6460	0.2564
1.9090	3.6860	0.1565
1.9160	2.6500	0.1600
2.0600	0.4288	0.2469
2.0210	0.7763	0.2253
1.9030	4.5110	0.1471
1.8990	2.8300	0.1609
1.9600	2.6610	0.1545
2.0610	3.9290	0.1888
1.9440	0.6740	0.2028
1.9600	2.6220	0.1789
1.9320	1.3090	0.1779
1.8980	1.7070	0.1751
1.8370	2.7180	0.1959
1.8960	1.0970	0.1693
1.8610	1.3800	0.1779
1.8670	0.7634	0.1667
1.6150	0.2057	0.1031
1.6150	0.0945	0.0905
1.1660	0.6496	0.0301
1.8990	4.3890	0.1687
1.8230	4.0130	0.1511
1.6310	2.0710	0.1045
1.8030	1.0370	0.1740
1.5700	0.5604	0.0926
2.0300	1.4920	0.2185
1.8320	5.0800	0.2375
2.0000	2.0250	0.2084
2.0510	3.7330	0.2321
1.7920	3.0960	0.2126
1.8600	1.6130	0.2575
1.9520	5.0570	0.2813
1.8930	0.6484	0.2571
1.8430	3.3020	0.2564
1.9290	0.3265	0.2559
2.0100	1.7980	0.2699
1.9190	3.9500	0.2526
1.9760	2.0480	0.2783
2.0690	2.7350	0.2794
1.9270	1.8670	0.2757
2.0210	0.3452	0.2639
1.9120	2.4960	0.2434
1.9920	2.3680	0.2622
1.9620	0.7484	0.2474
2.2100	4.1300	0.2751
2.1340	2.0030	0.2549
1.9470	2.8670	0.2414
2.0290	1.2760	0.2775
1.6820	0.8311	0.1043
2.0470	2.6060	0.2226
2.1960	1.6870	0.2567
2.0600	1.3720	0.2732
1.3400	1.5440	-0.0402
2.1340	0.8019	0.1777
1.8840	2.2260	0.1708
2.0200	4.3710	0.2402
2.0450	0.0601	0.2509
1.1270	0.2042	-0.0908
1.0560	0.5513	-0.0702
1.1980	0.2331	0.0058
1.9310	5.0910	0.1751
1.9620	2.8600	0.1717
1.9360	3.0300	0.1841
1.9030	2.3000	0.1703
1.9160	3.2510	0.1931
1.9590	3.2700	0.1762
1.9900	4.5130	0.1824
1.9740	1.3250	0.2082
2.0010	6.2270	0.1937
1.8370	2.3270	0.2058
1.8800	3.4480	0.2139
1.8800	1.5180	0.2056
1.9240	0.9550	0.2404
1.9830	2.4870	0.2496
1.9280	0.3019	0.2326
1.9250	0.6149	0.2233
1.9540	2.8660	0.2363
1.9070	0.7984	0.2144
1.9260	0.1906	0.2141
1.9070	2.3830	0.2198
1.9170	0.6794	0.2087
1.8820	3.9390	0.2112
1.8860	2.7290	0.2121
1.8540	1.6110	0.2250
1.8760	1.1050	0.2282
1.8860	0.5509	0.2254
1.8610	3.0950	0.2162
1.8470	2.4360	0.2241
1.8740	0.6232	0.2323
1.8560	3.1670	0.2329
1.9130	2.5380	0.1844
1.9070	4.1230	0.1714
1.8760	4.0600	0.1840
1.8580	4.2090	0.1784
1.8830	2.4940	0.1730
1.8820	0.3583	0.1655
1.8290	2.1010	0.1654
1.8160	3.7720	0.2022
1.8030	2.6240	0.1992
1.8290	0.2011	0.1879
1.7620	1.5360	0.2286
1.7700	2.7130	0.2202
1.7920	0.4017	0.2132
1.7860	1.1860	0.1869
1.7480	2.1640	0.1571
1.7570	1.1750	0.1516
1.7930	1.3150	0.1615
1.8050	3.5670	0.1824
1.8390	1.1500	0.1695
1.7810	0.6170	0.1569
1.7530	2.9980	0.1749
1.8030	3.0670	0.2099
1.7760	4.0690	0.2172
1.7820	3.0710	0.2152
1.8600	2.6740	0.2282
1.9200	0.1020	0.2523
1.9280	0.1708	0.2642
2.0120	2.6990	0.2639
1.7780	3.3530	0.1981
1.8620	2.4500	0.2358
1.9410	1.4500	0.2613
1.9340	0.7133	0.2329
2.0410	1.9250	0.2868
1.7430	1.4250	0.1629
1.7620	1.1620	0.1301
1.7320	0.6037	0.2329
1.7790	0.8642	0.2037
1.7680	0.9717	0.1732
1.7170	0.0722	0.1850
1.7380	1.4330	0.1410
1.8110	3.9290	0.1368
1.8390	3.4770	0.1272
1.8070	3.9860	0.1399
1.7720	0.1085	0.0815
1.7340	1.4720	0.1020
1.8590	3.8960	0.0087
1.9020	1.6770	0.1370
1.6910	1.1410	0.0880
1.7740	0.7731	0.0264
1.6100	0.0893	-0.0393
1.4120	2.3160	-0.0828
1.4760	2.8600	-0.0556
1.7140	2.5670	0.2465
1.6880	1.6030	0.2419
1.6920	2.6600	0.2312
1.7100	1.4920	0.2122
1.6840	3.4680	0.2324
1.6730	2.9090	0.2253
1.6740	0.3620	0.1858
1.6940	2.3990	0.1833
1.6390	0.0337	0.1351
1.6820	0.2332	0.1794
1.6200	0.2896	0.1119
1.4420	0.3023	0.0630
1.5880	0.0951	0.0958
1.5360	0.0940	0.0744
1.2060	0.5770	-0.0094
1.4740	0.3559	0.0588
1.6720	2.5150	0.1632
1.6770	0.7469	0.1364
1.6710	0.1493	0.1736
1.5790	0.2738	0.1152
1.4570	0.9560	0.0402
1.6690	1.0810	0.0732
1.2580	0.3102	-0.0644
1.4980	0.2185	0.0140
1.5140	0.9078	-0.0359
1.2960	0.0163	-0.1060
1.7010	1.1920	0.1504
1.6310	0.0403	0.1209
1.7260	0.0829	0.2098
1.7400	3.0480	0.1862
1.7970	0.3249	0.1862
1.7740	1.6920	0.2048
1.8190	1.1600	0.1846
1.6760	3.2800	0.2389
1.6990	1.7140	0.2267
1.7280	1.7860	0.2411
1.7010	2.0090	0.2463
1.6940	0.4783	0.2389
1.7210	0.4777	0.2327
1.7040	1.7640	0.2324
1.7250	2.4130	0.2165
1.7700	2.0110	0.2122
1.7070	1.7360	0.2209
1.6970	2.9260	0.2259
1.7250	0.9996	0.2274
1.7860	2.0210	0.2174
1.8010	3.0930	0.2077
1.7780	1.2660	0.2234
1.7730	0.5856	0.2236
1.8170	1.9670	0.2174
1.9320	0.3103	0.2131
1.9230	1.9440	0.2112
2.0240	1.8460	0.2159
2.0120	0.0052	0.2094
1.8300	2.3470	0.2223
1.9510	1.0580	0.2197
1.9750	2.6740	0.2153
1.9560	2.3540	0.2131
1.9740	1.5860	0.2093
1.7430	3.7040	0.2293
1.7820	2.4150	0.2257
1.7510	1.1910	0.2317
1.7970	2.5610	0.2189
1.8360	2.6540	0.2056
1.8980	0.6958	0.2128
1.9100	0.2722	0.2027
1.8440	1.4360	0.2189
1.8730	2.7320	0.2097
1.8550	0.2082	0.1945
1.8840	3.3900	0.1913
1.8890	3.8100	0.1952
1.8810	0.8923	0.1881
1.8810	1.1730	0.1873
1.8990	0.2412	0.1910
2.0370	1.0020	0.2049
2.0310	0.3424	0.2033
1.9370	2.2250	0.2020
1.9890	2.3870	0.2047
2.0520	1.2280	0.1979
1.9420	0.6004	0.1966
2.0230	0.3547	0.1934
1.8720	0.4954	0.1971
1.8850	3.1400	0.1983
1.9180	0.8093	0.1907
1.8810	3.2050	0.1951
1.8730	1.8890	0.2004
1.9100	2.6950	0.1957
1.9070	0.6917	0.2071
1.8940	3.1050	0.2036
1.9020	4.2510	0.2021
1.8730	2.1830	0.2017
1.8980	3.0860	0.2081
1.9170	1.2260	0.2117
1.8480	0.2426	0.2060
1.8640	1.8720	0.1953
1.9010	0.1519	0.2060
1.8710	5.0250	0.2104
1.8220	5.0650	0.1995
1.8430	0.0993	0.1890
1.8400	2.0220	0.1826
1.8800	3.5650	0.1872
1.8840	3.9640	0.1737
1.9330	2.5670	0.1964
1.9110	3.7310	0.1984
1.9190	1.1650	0.1925
1.8980	4.3090	0.2084
1.9700	1.5290	0.2101
1.9380	0.1637	0.1908
1.9270	3.2580	0.1909
1.9480	1.1140	0.1889
1.9720	1.2170	0.1920
1.9530	0.8621	0.2054
1.8960	3.5040	0.2073
1.8800	2.6740	0.2218
1.9210	2.4840	0.1908
1.9050	3.8630	0.2077
1.9080	1.0390	0.2234
1.8660	3.4950	0.2374
1.8830	0.5430	0.2363
1.8640	4.0930	0.2336
1.8540	0.6565	0.2376
1.8710	3.2830	0.2382
1.9840	0.3275	0.1710
1.8820	3.2660	0.1654
1.9790	1.6670	0.2215
2.0270	1.0930	0.2037
2.0030	4.2370	0.1868
2.1150	5.6510	0.2158
1.9820	3.0500	0.1935
2.0080	0.7958	0.2411
2.0030	3.4350	0.2353
1.8870	0.2829	0.2429
1.9380	0.8982	0.2425
1.9730	0.1287	0.2471
1.9650	1.2440	0.2538
2.0430	2.1130	0.2526
2.1930	1.1660	0.2389
2.1970	2.0900	0.2422
2.0920	0.7821	0.2348
2.1500	0.7516	0.2490
2.0420	2.3250	0.2562
2.1650	0.2966	0.2553
2.1870	3.2870	0.2511
2.0090	0.0130	0.2588
2.0700	0.9900	0.2570
2.0340	4.6140	0.2539
1.9430	1.1560	0.2435
1.9910	1.7920	0.2455
1.9100	3.7860	0.1601
1.8580	1.5060	0.1699
1.9420	0.9129	0.1999
1.9340	1.6210	0.1624
1.9810	3.9240	0.1555
2.0310	0.5660	0.1467
2.0310	0.7128	0.1493
2.1700	3.4800	0.2512
2.0560	4.5200	0.2288
1.9770	0.1401	0.2403
2.1020	2.5270	0.2529
2.1170	0.6403	0.2453
2.1280	3.3790	0.2399
2.1120	3.1450	0.2192
1.9140	0.3898	0.1485
2.0490	1.0710	0.1419
1.9080	0.1897	0.1970
1.8820	0.4442	0.1840
1.9420	0.5761	0.1767
1.9500	1.7920	0.1429
2.0320	0.9266	0.1496
1.9360	2.1550	0.1881
1.8790	1.4460	0.1495
1.9110	1.9220	0.1504
1.9010	1.4480	0.1579
1.9150	0.4069	0.1595
2.0130	2.3940	0.1992
1.9630	2.1830	0.2063
2.0080	0.6509	0.1895
2.0580	2.6080	0.1922
1.9980	0.0601	0.1959
1.9790	0.5030	0.1902
1.9220	2.0760	0.1968
1.8950	0.5417	0.1827
1.9440	0.8883	0.1858
1.8670	5.7330	0.1714
1.9520	1.0020	0.1651
1.9850	3.4230	0.1624
1.9560	0.6216	0.1846
1.8940	2.6750	0.1833
1.9960	4.7590	0.1836
1.9680	0.4324	0.1767
1.9830	1.8810	0.1645
1.8880	2.7470	0.1775
1.8560	3.2130	0.1798
1.9380	2.7910	0.1687
1.9090	2.7920	0.1689
1.9100	0.0300	0.1690
1.8840	1.8070	0.2074
1.8490	2.5080	0.1935
1.8600	2.3570	0.2022
1.8320	2.4290	0.2048
1.8190	2.3600	0.1992
1.8650	1.6210	0.1773
1.8470	2.3570	0.1832
1.9070	1.4210	0.1643
1.9040	0.3160	0.1721
1.8720	0.6622	0.1712
1.8500	1.6960	0.1649
1.8550	0.5982	0.1657
1.8360	1.5170	0.1875
1.8190	1.2740	0.1843
1.8480	2.5420	0.1874
1.8710	0.0228	0.1735
1.8300	0.2928	0.1516
1.8230	0.3826	0.1610
1.7090	3.8640	0.1224
1.7820	1.1390	0.1346
1.7230	0.5222	0.1250
1.6110	0.1275	0.0903
1.4860	0.0204	0.0659
1.4300	0.2965	0.0562
1.7250	1.1800	0.1227
1.5910	0.4298	0.0956
1.3920	0.0930	0.0571
1.3240	0.2198	0.0434
1.1180	0.6762	-0.0064
1.8620	3.0110	0.1616
1.7960	3.2120	0.1470
1.9000	0.9614	0.1621
1.8940	0.9492	0.1646
1.8820	4.3590	0.1643
1.8870	2.1200	0.1746
1.8340	1.3220	0.1554
1.6100	0.0315	0.0910
1.3940	0.0920	0.0562
1.7340	0.3640	0.1262
1.7700	0.0112	0.1308
1.7570	0.6155	0.1401
1.5140	0.2394	0.0870
1.3150	0.3473	0.0355
1.8170	2.3000	0.1729
1.6650	0.0175	0.1333
1.6860	0.1019	0.1336
1.8190	2.0900	0.1798
1.7760	0.8479	0.1546
1.8510	1.2150	0.2051
1.8520	3.6840	0.2227
1.9700	0.8589	0.2040
1.9280	0.5190	0.2030
1.8820	0.0123	0.2195
1.8900	0.9756	0.2237
1.8260	4.5340	0.2361
1.9180	0.5625	0.1900
1.9320	2.4420	0.1948
1.9040	3.9430	0.1677
1.9350	1.6180	0.1952
2.0690	1.5400	0.2144
2.0460	3.3470	0.2265
1.8740	3.5220	0.2219
2.0840	1.2790	0.2200
2.1130	0.0525	0.2293
2.1290	2.5640	0.2348
1.9330	1.1470	0.2231
1.7890	0.2524	0.2148
2.0680	3.3820	0.2381
1.8840	0.1503	0.2320
1.8290	0.9315	0.2275
1.8640	2.4770	0.2599
1.9320	1.6880	0.2404
1.8160	1.8730	0.2454
1.8150	1.4170	0.2527
1.8910	1.3490	0.2665
1.9170	3.9180	0.2662
1.9470	4.3010	0.2850
1.7980	1.9670	0.2285
1.8160	1.8470	0.2346
1.8860	0.3884	0.2361
1.8360	0.4081	0.2310
1.8700	2.9300	0.2605
1.9040	0.9996	0.2756
1.9050	2.6390	0.2744
1.9000	2.4030	0.2576
1.9200	3.8800	0.2548
1.8700	0.1853	0.2557
1.9150	2.4050	0.2629
1.9460	3.1560	0.2663
1.9420	1.1160	0.2508
1.9080	1.5580	0.2491
2.0010	3.2370	0.2695
2.0030	0.2183	0.2601
1.9640	4.7240	0.2599
1.9900	0.1437	0.2721
1.9480	0.8581	0.2668
2.0040	3.1160	0.2760
2.0120	2.0060	0.2800
1.9570	0.2393	0.2768
1.9870	1.8100	0.2758
2.0040	3.0300	0.2795
2.0150	1.4120	0.2768
2.0980	1.5460	0.2758
1.9160	3.1740	0.2724
1.9210	3.0420	0.2813
1.9340	2.4170	0.2533
1.9520	2.4020	0.2648
1.9520	2.2060	0.2649
1.9880	3.1350	0.2749
2.0630	0.6569	0.2644
1.9490	0.9707	0.2799
1.9540	1.2620	0.2726
1.9720	0.3800	0.2601
2.0400	2.3350	0.2521
2.0420	0.7003	0.2503
1.9850	1.1160	0.2549
1.9150	3.0030	0.2470
1.8880	4.3050	0.2395
2.0150	2.0590	0.2599
1.9980	2.3970	0.2529
1.9860	0.4454	0.2601
2.0040	2.2790	0.2503
1.9710	1.5900	0.2561
1.9550	3.8140	0.2465
1.9560	3.7550	0.2423
2.2020	2.7250	0.2604
2.1930	0.9723	0.2682
2.1030	2.2600	0.2496
2.1140	2.9280	0.2813
2.1800	0.9588	0.2793
2.1550	2.5230	0.2730
2.1200	1.9250	0.2614
1.9590	2.7440	0.2421
1.9170	2.4560	0.2396
2.0190	1.2090	0.2426
2.0410	0.9635	0.2436
2.0240	2.0850	0.2473
1.8960	1.9130	0.2398
1.9220	2.3380	0.2427
1.8880	2.9680	0.2390
2.0240	0.2275	0.2697
2.0420	0.3664	0.2888
2.0420	1.3620	0.2893
2.0200	2.5110	0.2708
2.0690	2.5020	0.2603
2.0140	2.7130	0.1371
2.0370	0.0687	0.2400
1.3180	1.8240	-0.0246
1.7380	2.2870	0.0534
1.8650	0.1761	0.1708
2.1620	2.6560	0.2019
2.0850	0.8222	0.2298
2.0910	2.2980	0.2598
2.1470	0.8926	0.2571
2.0540	2.0140	0.2669
2.1950	1.1480	0.2455
2.2430	1.9960	0.2492
2.2100	0.0867	0.2666
2.1670	2.1630	0.2576
2.2300	0.5458	0.2649
2.1980	0.5543	0.2784
2.0680	2.9480	0.2775
1.2760	1.0630	-0.0736
1.5090	0.0137	0.0435
1.4620	1.7360	-0.0139
1.9320	0.3601	0.1110
1.7540	0.2176	0.0754
1.9380	1.0720	0.1565
2.1840	1.7030	0.2137
1.7600	0.9444	0.1214
1.9910	0.3399	0.2197
1.9410	0.2818	0.1688
1.8630	0.7561	0.1915
1.9890	5.5800	0.2484
1.9950	2.4320	0.2747
1.9670	3.4420	0.2691
2.1040	2.4080	0.2289
2.1230	0.4975	0.2459
2.0690	0.0859	0.2058
1.9910	1.8080	0.2443
1.9270	0.9617	0.2547
2.0530	0.6266	0.2631
1.9600	0.5969	0.2500
1.9700	3.1240	0.2652
1.2100	0.4494	-0.1008
1.1410	0.1272	-0.0930
1.1560	1.1140	-0.1057
1.2340	2.3660	-0.0785
1.2500	0.9048	-0.0407
1.1060	0.6525	-0.0434
1.1030	0.4666	-0.0718
1.1760	0.6889	0.0149
1.0470	0.6996	-0.0474
1.0960	0.6196	-0.0412
1.1340	0.1184	-0.0508
1.3680	0.9799	0.0257
1.0810	0.2912	-0.0814
1.0950	0.4577	-0.0485
1.1670	0.4969	-0.0066
1.5810	1.9290	0.0843
1.3900	0.2847	0.0560
1.6960	0.3873	0.1254
1.4530	0.6371	0.0804
1.7190	0.9537	0.2173
1.6740	3.1300	0.1699
2.0140	2.8390	0.2308
1.9330	1.7410	0.2102
1.7530	1.0710	0.2239
2.0970	1.9300	0.2659
1.8690	1.3800	0.2865
1.9500	0.8840	0.1738
1.8560	3.5050	0.1825
1.0860	1.8260	-0.0907
1.8460	0.0147	0.2207
1.7350	2.8560	0.1669
1.8310	2.5430	0.2299
1.8880	5.0640	0.2005
1.7220	0.1767	0.1874
1.6580	1.5590	0.1343
1.7260	0.4827	0.1555
1.9680	2.5870	0.2280
1.8910	0.7907	0.2084
1.0310	0.0620	-0.0066
1.8250	1.5130	0.2258
1.8890	1.9260	0.1971
1.8100	0.9332	0.2031
1.9440	0.6627	0.1961
1.9350	2.6490	0.1903
1.9520	2.4470	0.2262
2.1070	1.1620	0.2486
1.9780	2.5450	0.2507
1.9970	2.3350	0.2432
1.8830	2.3130	0.1601
1.9090	2.3670	0.1912
1.8530	1.1000	0.1472
1.8860	0.6748	0.1863
0.9447	0.3033	0.0475
1.7860	1.1390	0.2755
2.0130	2.4460	0.2999
1.8790	1.0020	0.2704
1.8810	0.2267	0.2750
1.8990	2.3750	0.2630
2.0310	0.6793	0.2239
1.5230	0.0678	0.0029
1.6920	2.2110	0.1611
1.8200	2.4800	0.1805
1.7780	5.5030	0.1759
1.8140	1.9040	0.1851
1.8130	0.5586	0.2257
1.8800	2.7960	0.1869
1.9560	3.1780	0.2097
1.9130	3.0960	0.2260
1.9750	1.2470	0.2289
1.6250	5.6750	0.1727
1.6190	0.3420	0.1601
1.7650	0.9593	0.2110
1.7670	0.6811	0.1966
1.6730	3.1940	0.1754
1.6840	2.7090	0.1657
1.7910	2.2770	0.1953
1.8360	4.5460	0.1859
1.9090	2.0920	0.2353
1.7870	0.0160	0.2069
1.5630	2.3250	0.1600
1.5420	1.0530	0.0575
1.5200	0.6948	0.0513
1.4100	1.3130	0.0373
1.8020	2.3290	0.2268
1.8760	3.0640	0.1975
1.7780	0.3677	0.1482
1.0710	0.3778	0.0187
1.7250	1.8400	0.1342
1.6780	1.5830	0.1213
0.9676	0.6246	-0.0562
1.8760	0.8321	0.2082
1.7700	0.2583	0.1566
1.7680	1.1190	0.2315
1.8210	1.9150	0.2276
1.8510	2.1650	0.2198
1.9190	1.1560	0.2151
1.8960	1.8070	0.2084
1.9320	1.2280	0.2119
1.9580	0.3074	0.2088
1.7980	0.9473	0.2130
1.7460	3.3340	0.1942
1.6960	0.5947	0.1761
1.9380	0.2283	0.1995
1.9650	1.2380	0.2046
1.7530	1.9860	0.1765
1.8590	2.6110	0.1907
1.9260	1.3730	0.2010
1.9440	1.3570	0.1938
1.8790	2.9800	0.1933
2.0180	1.7470	0.2033
1.9040	0.5454	0.1914
1.8790	0.5338	0.2001
1.8980	3.2570	0.2346
2.0040	1.9170	0.2314
1.9710	1.6370	0.2289
1.7950	1.2200	0.1952
2.0650	2.1930	0.2395
2.0820	3.2150	0.2356
2.0540	2.5070	0.2462
2.1160	1.7760	0.2539
2.0620	1.7050	0.2629
1.7550	4.4880	0.1863
1.8190	0.7086	0.1762
2.0710	2.5190	0.2701
1.9650	2.6390	0.2574
1.8500	4.1640	0.1536
1.9100	1.1160	0.1731
1.9540	3.2600	0.1635
1.9420	1.3260	0.1890
1.9310	2.3350	0.2107
1.8840	3.0290	0.1842
1.9260	2.2860	0.1779
1.9750	2.0970	0.1776
1.9300	2.3990	0.1960
1.9330	0.8160	0.1694
1.9820	2.0100	0.1845
1.9090	0.6033	0.1762
1.5540	0.9570	0.1042
1.5430	0.4722	0.0873
1.0180	0.3438	0.0214
1.8640	4.4480	0.1774
1.7500	3.7980	0.1465
1.5770	0.5024	0.1133
1.7660	0.6870	0.1874
1.4460	1.7940	0.1125
1.9040	2.9880	0.2344
1.7420	4.4830	0.2514
1.9520	2.4400	0.2307
1.9990	3.2770	0.2610
2.0000	2.8060	0.2847
1.7830	3.5450	0.2628
1.7700	6.1700	0.2609
2.0830	0.5216	0.2917
2.0940	3.6700	0.2914
2.0190	0.4564	0.2850
1.9100	3.6830	0.2981
2.0220	4.6970	0.2848
1.9030	1.2860	0.3039
1.8390	2.9110	0.2853
2.0380	1.2070	0.2830
2.0100	1.3200	0.2673
1.9050	3.4340	0.2456
1.8280	0.7149	0.2483
1.7770	2.6680	0.2552
1.8380	1.4300	0.2720
1.8630	2.1410	0.2667
1.8260	3.0690	0.2513
1.8710	2.0610	0.2485
1.4990	0.3632	0.0639
1.7890	2.7600	0.2165
2.0040	0.9038	0.2560
1.9580	3.0600	0.2716
1.2700	1.0890	-0.0758
1.9420	0.9617	0.1513
1.6950	2.0970	0.1860
1.9290	3.1710	0.2333
2.0480	2.3700	0.2520
0.8267	0.2421	-0.0834
0.6850	0.5576	-0.0301
1.0490	0.3240	0.0194
1.6770	4.7030	0.1645
1.7440	3.4950	0.1655
1.7230	3.1870	0.1720
1.7220	2.7660	0.1604
1.7760	3.5590	0.1726
1.7580	3.0750	0.1659
1.8020	3.5030	0.1715
1.8650	2.0700	0.1902
1.8400	5.8170	0.1815
1.7650	4.0360	0.1751
1.8340	2.6160	0.1845
1.8170	2.9190	0.1778
1.8290	0.9722	0.2057
1.8210	1.9420	0.2226
1.8330	0.1716	0.2060
1.8340	2.1560	0.2058
1.8120	1.4770	0.2304
1.8570	0.2790	0.2072
1.9200	2.2350	0.1971
1.9420	2.0780	0.2107
1.8660	1.5930	0.1850
1.9170	2.7710	0.1984
1.8970	1.4060	0.2104
1.9810	2.5110	0.2197
1.9310	2.4360	0.2232
1.8690	4.3470	0.2268
1.9440	0.1144	0.2161
1.9840	1.9760	0.2232
1.9790	1.6870	0.2287
2.0070	0.3577	0.2284
1.6330	4.4390	0.1689
1.6270	3.5990	0.1623
1.6770	5.2900	0.1807
1.6650	4.7560	0.1740
1.6170	3.1760	0.1660
1.6420	0.8153	0.1584
1.6730	2.1990	0.1571
1.7640	3.4620	0.1968
1.7540	2.6680	0.1956
1.7060	0.5262	0.1843
1.7580	0.5857	0.2186
1.7740	2.8420	0.2132
1.7750	1.4440	0.2096
1.7190	1.5500	0.1858
1.6500	0.9049	0.1572
1.6440	0.3993	0.1470
1.6410	1.8400	0.1557
1.7050	4.0510	0.1644
1.6480	0.8746	0.1643
1.6340	0.6783	0.1525
1.6720	2.2050	0.1584
1.7480	4.1480	0.1769
1.7300	3.8530	0.1803
1.7340	4.1280	0.1815
1.7940	2.9000	0.1904
1.8500	0.0765	0.2104
1.8670	0.0154	0.2134
1.8790	0.4153	0.2255
1.7420	3.5380	0.1580
1.8160	2.2410	0.1922
1.8870	1.2960	0.2110
1.9150	3.6310	0.2094
1.9450	3.0970	0.2362
1.6900	0.5145	0.1658
1.6230	2.6670	0.1315
1.7680	1.1480	0.2186
1.7800	1.3290	0.2031
1.7520	1.0500	0.1791
1.7910	0.7333	0.1889
1.6230	0.1686	0.1471
1.7920	3.4190	0.1416
1.8560	3.7070	0.1513
1.7030	0.2947	0.1242
1.5440	2.5920	0.1196
1.4900	0.8809	0.1086
1.4980	0.8361	0.0357
1.8530	3.3920	0.1593
1.6690	3.6360	0.1109
1.3770	2.3930	0.0430
1.2870	2.9520	-0.0103
1.2570	1.3610	-0.0520
1.1910	2.8750	-0.0644
1.7570	2.4360	0.2303
1.7880	2.5410	0.2221
1.8650	3.0900	0.2193
1.8960	1.8550	0.2036
1.8670	2.3740	0.2149
1.8330	2.7880	0.2092
1.8190	0.6403	0.1858
1.8530	0.1941	0.1869
1.7450	0.3492	0.1413
1.8630	2.0970	0.1820
1.5560	0.9515	0.1101
1.3030	0.2200	0.0508
1.5520	0.6179	0.0953
1.5140	0.4299	0.0800
1.0410	0.3739	0.0007
1.4420	0.4339	0.0724
1.8140	2.2580	0.1678
1.7600	0.5375	0.1518
1.8380	0.5758	0.1755
1.6830	0.4932	0.1286
1.3780	0.3094	0.0570
1.6640	2.2930	0.1025
1.0200	0.5978	-0.0302
1.4180	0.6174	0.0412
1.3900	1.6650	0.0155
1.0160	0.9752	-0.0931
1.7960	0.3973	0.1519
1.5860	1.4770	0.1184
1.8810	0.0582	0.2104
1.8610	1.4100	0.1887
1.8600	0.7121	0.1872
1.8750	1.3750	0.2025
1.8720	3.7970	0.1848
1.8210	2.5440	0.2288
1.8620	2.5640	0.2215
1.7490	1.6850	0.2302
1.7700	0.4244	0.2338
1.7880	2.0850	0.2325
1.7900	1.8520	0.2288
1.8120	1.5590	0.2295
1.8580	2.4720	0.2159
1.8710	2.5160	0.2088
1.8560	1.4570	0.2206
1.8310	2.7930	0.2249
1.8370	0.3530	0.2256
1.8760	2.8220	0.2128
1.8940	2.6880	0.2024
1.8580	0.4354	0.2216
1.8700	2.4360	0.2197
1.8990	0.1300	0.2137
1.9400	2.4160	0.2108
1.9140	2.4230	0.2109
1.9850	2.9690	0.2111
1.9670	1.1300	0.2092
1.8680	0.1356	0.2195
1.9260	1.3680	0.2147
1.9670	1.5230	0.2097
1.8470	1.8670	0.2096
1.8550	2.6900	0.2075
1.7720	2.2170	0.2237
1.8170	1.5450	0.2228
1.7530	1.6130	0.2219
1.7740	3.2770	0.2094
1.7670	3.0530	0.1989
1.8640	0.1447	0.2075
1.7880	1.1850	0.2005
1.8560	2.3290	0.2138
1.8280	2.4820	0.2033
1.7260	0.1931	0.1904
1.7160	1.9140	0.1856
1.7700	2.3650	0.1917
1.6870	0.5324	0.1826
1.6500	0.8890	0.1736
1.6590	0.3021	0.1696
1.9570	2.6930	0.2066
1.9520	0.7318	0.2092
1.8570	2.4460	0.2049
1.9090	0.2973	0.2051
1.9600	2.3480	0.1993
1.9520	0.0957	0.1977
1.9580	1.3220	0.1951
1.7680	1.3680	0.1807
1.8370	1.5300	0.1963
1.7060	0.7382	0.1722
1.7070	3.9050	0.1714
1.7890	2.7520	0.1807
1.8400	3.3550	0.1879
1.8960	1.9990	0.1938
1.9380	2.4910	0.2009
1.9320	2.1820	0.1972
1.9110	3.3530	0.2002
1.9220	2.0250	0.1988
1.9340	1.4260	0.2005
1.9020	1.6050	0.1986
1.8960	2.7180	0.1922
1.9760	2.6600	0.1977
1.9370	3.4290	0.1999
1.9100	4.8810	0.1921
1.8920	0.0736	0.1863
1.8720	3.1980	0.1857
1.9340	4.4390	0.1873
1.8700	3.9380	0.1834
2.0090	2.8420	0.1982
2.0010	3.2660	0.1946
1.9920	1.0160	0.1987
1.9780	4.0330	0.2210
1.9450	2.6470	0.2171
1.8320	0.7210	0.1882
1.9250	3.3010	0.1947
1.7720	0.9919	0.1797
1.8270	0.4617	0.1889
1.8620	3.9670	0.2045
1.9400	2.7460	0.2246
1.9220	0.4274	0.2335
1.9610	3.7690	0.2032
1.8940	0.7486	0.2209
1.8930	5.0670	0.2234
1.9250	1.7160	0.2373
1.9550	3.2530	0.2329
1.9150	2.9330	0.2336
1.9770	2.4500	0.2333
2.0380	3.3570	0.2307
1.8540	0.8825	0.1911
1.8160	4.2180	0.1829
1.9620	2.0900	0.2266
1.9050	0.4609	0.2136
1.8520	4.3470	0.2132
1.9510	3.9050	0.2340
1.8470	1.3790	0.2224
2.0410	2.0000	0.2309
1.9960	2.1420	0.2292
2.0270	1.6160	0.2343
2.0730	1.2600	0.2329
2.1120	2.5230	0.2370
2.0980	2.1430	0.2454
2.1040	1.7300	0.2424
2.0490	4.3050	0.2386
2.0390	4.3290	0.2490
2.0240	2.8850	0.2344
2.0680	2.6040	0.2418
2.0870	1.6950	0.2443
2.0500	3.0230	0.2515
2.0120	2.9170	0.2576
2.1150	2.8400	0.2516
2.1030	1.8960	0.2464
2.1180	1.7680	0.2514
2.1070	0.3670	0.2623
2.1130	2.7360	0.2622
1.7740	3.2340	0.1815
1.8270	0.1599	0.1811
1.8610	1.9490	0.2328
1.7560	5.0970	0.1933
1.7410	3.8990	0.1757
1.7630	3.2470	0.1619
1.8410	3.1090	0.1675
2.0190	1.5780	0.2650
1.9640	0.7430	0.2575
2.0920	0.8424	0.2663
2.0830	1.5400	0.2697
2.0400	0.3557	0.2683
2.0300	1.8620	0.2665
1.9770	2.0450	0.2494
1.7830	0.8544	0.1674
1.8500	2.0370	0.1502
1.8570	1.3020	0.2326
1.8730	1.1740	0.2107
1.9600	2.8340	0.1950
1.9140	3.3810	0.1480
1.9310	0.1658	0.1603
1.9570	2.0060	0.2029
1.9140	1.6100	0.1578
1.9380	3.0440	0.1578
1.9290	0.3285	0.1697
1.9630	2.7350	0.1705
1.9520	0.9647	0.2094
1.9310	1.5750	0.2115
1.9390	1.9190	0.1862
1.9630	0.7490	0.1985
1.9450	0.7983	0.2059
1.9260	1.2270	0.1934
1.9210	1.6600	0.2045
1.8700	2.8280	0.1890
1.9160	0.7587	0.1831
1.8570	4.3680	0.1833
1.8620	0.3758	0.1841
1.8900	3.3100	0.1822
1.9260	1.9730	0.1805
1.9140	2.3380	0.1818
1.9230	2.2930	0.1787
1.9070	1.6070	0.1808
1.9260	1.8280	0.1782
1.9340	0.4271	0.1771
1.9310	3.3170	0.1805
1.9480	2.3520	0.1760
1.9640	3.1070	0.1742
1.9770	1.4260	0.1768
1.9100	2.3940	0.2077
1.9190	2.9290	0.1968
1.9170	1.8400	0.2051
1.9110	2.6090	0.2017
1.9110	2.2290	0.1957
1.9760	1.7890	0.1817
1.9410	1.7430	0.1865
1.9410	0.5935	0.1735
1.9850	1.6950	0.1769
1.9850	2.9970	0.1773
1.8920	2.4490	0.1632
1.9630	1.1900	0.1749
1.9410	2.9160	0.1895
1.9000	2.8490	0.1851
1.9550	2.4280	0.1907
1.9630	0.0237	0.1828
1.9070	3.6930	0.1651
1.8240	0.2543	0.1664
1.7530	0.2518	0.1290
1.7770	4.0690	0.1463
1.6340	1.8730	0.1291
1.4830	0.1536	0.0881
1.4260	0.2834	0.0567
1.2710	0.2053	0.0396
1.7300	2.4570	0.1165
1.5850	1.0790	0.0882
1.2870	0.3028	0.0490
1.2980	0.0235	0.0632
0.9026	0.5010	0.0372
1.8440	1.3280	0.1581
1.8120	2.4650	0.1417
1.9120	0.7878	0.1732
1.8810	1.1500	0.1691
1.8270	4.6100	0.1662
1.8430	1.7790	0.1858
1.7630	0.0707	0.1605
1.4610	0.4919	0.0969
1.2940	0.5511	0.0782
1.6630	2.2370	0.1176
1.6380	0.1888	0.1256
1.7310	0.9909	0.1508
1.4870	1.2440	0.1060
1.1590	0.2029	0.0693
1.8630	0.1468	0.1883
1.7190	0.0135	0.1474
1.6540	0.2600	0.1518
1.7210	1.7610	0.1968
1.6270	0.8297	0.1699
1.7800	0.1264	0.2197
1.7360	3.3550	0.2375
1.9440	1.9570	0.2179
1.8580	2.1660	0.2132
1.8080	0.6169	0.2378
1.8400	2.2110	0.2517
1.7390	4.6270	0.2610
1.8880	1.4470	0.2030
1.9490	0.2395	0.2130
1.9000	3.3610	0.1802
1.9190	2.2430	0.2090
1.9820	2.9040	0.2396
1.9530	3.2500	0.2505
1.8820	3.5870	0.2641
1.9770	0.5218	0.2390
1.9980	0.7967	0.2536
2.0150	1.8620	0.2617
1.9350	1.2690	0.2683
1.8900	1.7660	0.2869
2.0450	0.9677	0.2674
2.0040	0.0986	0.2668
2.0610	1.2540	0.2717
1.7210	0.2177	0.2541
1.7350	4.3200	0.2462
1.7740	0.1426	0.2702
1.7030	2.3980	0.2588
1.7400	0.0209	0.2574
1.8350	1.4880	0.2652
1.7950	4.0880	0.2672
2.0250	4.5390	0.2957
1.9200	3.6220	0.2897
2.0700	2.5340	0.2763
2.0860	2.9110	0.2891
2.1210	2.5950	0.2952
2.0720	2.2800	0.2957
2.1150	3.4650	0.2921
1.9590	0.6323	0.2740
1.9110	4.0210	0.2778
1.9700	1.1450	0.2789
2.0940	2.2710	0.2834
2.0330	4.0210	0.2931
1.9740	2.4130	0.2875
1.9550	0.5955	0.2793
1.9560	2.8570	0.3043
1.9870	3.6470	0.2954
1.9580	0.3682	0.2899
1.8890	4.7270	0.2870
1.9370	0.2351	0.2861
1.8740	3.3090	0.2939
1.8500	3.6060	0.2835
1.9520	1.9400	0.3068
1.9050	3.3130	0.3063
1.8660	1.3170	0.3010
1.8890	1.5690	0.2904
1.8500	1.7770	0.2838
2.0520	1.5700	0.2892
2.0080	1.0780	0.2986
2.0770	1.8590	0.2749
2.0880	1.1510	0.2690
2.0950	2.1580	0.2638
1.9570	1.6300	0.2864
1.9340	2.1640	0.2734
1.9660	1.8870	0.2954
2.0200	2.6520	0.2762
2.0660	2.9620	0.2576
1.9420	1.6090	0.2536
1.8980	2.1570	0.2580
2.0220	0.1897	0.2493
1.9720	2.7880	0.2416
1.9320	5.3320	0.2342
1.8230	0.8502	0.2343
1.7850	1.2750	0.2368
1.8400	1.9270	0.2598
1.8170	1.9010	0.2620
1.7880	3.1640	0.2527
1.7690	2.2130	0.2428
1.7940	1.9360	0.2442
1.8860	2.8920	0.2656
1.8540	1.8560	0.2711
1.8810	1.7470	0.2643
1.8280	1.9210	0.2801
1.8210	2.5570	0.2770
1.8390	2.6030	0.2758
1.8550	1.3340	0.2708
1.7960	2.5110	0.2529
1.8330	2.1540	0.2444
1.8200	1.5710	0.2606
1.8390	2.0570	0.2593
1.8680	0.9232	0.2584
1.8720	2.2190	0.2422
1.8670	1.1350	0.2491
1.8990	2.9990	0.2382
1.8750	2.0070	0.2392
1.9620	4.2530	0.2453
1.9160	1.9050	0.2483
1.8650	0.8959	0.2506
1.9060	0.7134	0.2591
1.7450	0.1937	0.1508
1.9480	3.1690	0.2224
1.2100	0.4578	-0.0575
1.4350	2.6800	0.0369
1.6460	0.1119	0.1519
1.7240	0.0651	0.1868
1.7830	0.7613	0.2210
1.9190	1.0080	0.2522
1.9610	1.6540	0.2616
1.8700	1.2800	0.2434
1.8690	1.5640	0.2411
2.0680	0.8065	0.2444
1.9060	4.4620	0.2650
2.0640	1.2170	0.2485
1.9770	1.8260	0.2582
1.8450	0.8510	0.2731
1.8930	0.3431	0.2822
1.0770	0.9260	-0.0954
1.4100	0.0533	-0.0082
1.3350	2.1200	-0.0569
1.7580	1.5120	0.0696
1.6000	0.6679	0.0189
1.7030	1.5540	0.1220
1.9970	3.1200	0.1972
1.6940	1.5660	0.1171
1.8500	2.5290	0.2175
1.8630	0.1968	0.1551
1.7100	1.4260	0.2091
1.7740	6.0890	0.2463
1.8190	2.0990	0.2544
1.8870	1.7460	0.2581
2.1050	0.5111	0.2201
2.1050	0.8765	0.2357
2.0330	1.2060	0.1942
2.0210	3.3120	0.2422
1.9510	2.8780	0.2625
2.0440	3.4020	0.2648
2.0020	4.2030	0.2731
1.9820	3.6100	0.2814
0.9378	0.7892	-0.1130
0.7351	0.0161	-0.0748
0.8450	1.1080	-0.0960
1.0660	2.2940	-0.0930
1.0690	1.2120	-0.0632
0.7082	0.6930	-0.0228
0.6575	0.4382	-0.0509
0.9030	0.5128	0.0052
0.7423	0.7687	0.0009
0.7630	0.5066	0.0091
0.8543	0.0658	-0.0406
1.2040	0.9360	0.0046
0.7200	0.2683	-0.0581
0.7770	0.3281	-0.0135
0.9082	0.2076	0.0299
1.4200	2.7480	0.0912
1.2240	0.8535	0.0737
1.5170	0.3470	0.1407
