1.8290	1.7570	0.0503
2.0450	1.4800	0.1131
2.0830	1.8410	0.0591
2.2640	0.6179	0.1097
1.9430	1.6430	0.0461
2.2540	0.6733	0.0884
2.1270	0.6905	0.0748
2.3350	1.0840	0.0524
2.2930	0.4150	0.0473
2.2590	1.7800	0.0587
1.4220	1.2820	-0.0740
2.3380	2.4310	0.0866
1.9730	3.1740	0.0777
2.2720	2.3660	0.0918
2.1850	3.7780	0.1184
2.2400	2.1510	0.0660
1.8010	1.8730	0.0198
2.0280	0.1492	0.0526
2.2460	1.7600	0.0741
2.2390	0.8934	0.0753
1.4970	0.3330	-0.0582
2.1040	1.4190	0.0667
1.9960	1.9320	0.0450
2.1690	0.8313	0.0675
2.0720	1.4050	0.0506
2.0810	2.6650	0.0566
2.4980	1.6850	0.0753
2.3010	3.3220	0.0997
2.4920	0.5059	0.0967
2.3900	0.6537	0.0765
2.2910	3.1840	0.0460
1.9870	3.1360	0.0238
2.1540	1.5400	0.0587
2.0880	2.2160	0.0835
1.2890	0.2427	-0.0239
2.1390	2.1280	0.0604
2.1000	3.4080	0.0366
2.4180	0.3683	0.0650
2.3940	0.8710	0.0959
2.4420	2.5880	0.1371
2.2190	3.5730	0.0840
1.5200	0.8896	0.0217
2.0100	0.2158	0.0531
2.0970	1.3890	0.1019
2.1260	5.4000	0.0585
2.1450	4.3900	0.0672
2.3540	0.9977	0.0874
2.2180	3.3670	0.0742
2.2710	2.8660	0.1051
2.1560	1.9330	0.1030
2.2740	3.0680	0.1226
2.1380	3.1800	0.0626
2.0500	0.0556	0.0695
2.2980	2.8910	0.0831
2.1990	2.7840	0.0960
2.1680	2.7490	0.0803
1.8330	3.4750	0.0500
2.0990	2.6980	0.0592
2.0330	3.6890	0.0302
2.2970	0.7237	0.0959
2.2680	2.5270	0.0875
1.7920	2.7670	0.0453
1.8740	3.8860	-0.0365
1.7520	3.3020	-0.0031
1.9450	2.9030	-0.0453
2.1700	2.9820	0.0770
2.1950	2.7550	0.0687
1.9590	0.7238	0.0579
1.3730	0.0273	-0.0201
1.9260	1.0290	0.0359
2.0220	2.4990	0.0341
1.4290	0.1357	-0.0981
2.1190	0.3846	0.0621
1.9390	2.5650	0.0615
2.1840	2.7740	0.0692
2.1090	3.7660	0.0676
2.0060	3.7550	0.0564
2.0110	2.8710	0.0598
1.9250	2.6550	0.0324
2.2860	0.8020	0.0806
2.1320	2.6350	0.0732
2.2960	0.7644	0.0739
2.2450	3.4050	0.0585
2.1190	2.2700	0.0543
2.1510	0.9085	0.0789
1.9640	2.7280	0.0529
2.0580	1.7270	0.0572
2.1030	2.4730	0.0609
2.1450	0.1190	0.0712
2.1730	0.1035	0.0606
2.1710	2.0040	0.0803
2.2770	1.5480	0.0493
2.4470	1.4360	0.0660
2.2520	0.6162	0.0539
2.3760	1.1340	0.1037
2.4400	3.4980	0.1184
2.5370	1.8000	0.0881
2.5290	0.6544	0.0582
2.2670	3.6090	0.1208
2.5110	2.7440	0.1418
2.2990	2.3900	0.1203
2.1610	4.5480	0.1018
2.1530	4.5040	0.1036
2.6650	3.5720	0.0478
2.2200	3.1080	0.0505
2.1820	3.1260	0.0850
2.3890	2.0450	0.0882
2.3780	2.4640	0.0303
2.1670	3.2760	0.0413
2.3240	4.3090	0.0427
1.9200	1.0170	0.0282
1.8820	1.0180	0.0298
2.0000	2.2570	0.0661
2.0600	1.3180	0.0424
2.2230	2.4260	0.0477
1.8520	1.9820	0.0318
2.2700	1.8750	0.0600
2.0660	1.4000	0.0445
1.9400	0.0958	0.0514
1.8680	0.6541	0.0645
1.8910	0.9432	0.0177
1.3360	0.0793	-0.0251
2.0670	4.4960	0.0647
1.9500	3.3100	0.0703
1.8210	0.4599	0.0394
2.0050	0.3750	0.0664
1.6890	0.9033	0.0434
2.3440	3.0230	0.0746
2.1250	4.6980	0.0987
2.2720	1.7380	0.0906
2.3500	4.3220	0.0655
2.1380	3.4340	0.0525
2.3530	3.1830	0.0489
2.2290	4.5410	0.1082
2.1000	1.6340	0.0616
2.1710	3.0370	0.0423
2.3590	1.0750	0.0261
2.2790	3.7770	0.0349
2.3650	4.3770	0.0404
2.1850	2.8730	0.0652
2.2900	3.1720	0.0684
2.1810	3.4970	0.0799
2.3540	2.3800	0.0969
2.3180	0.0089	0.1194
2.3240	1.2260	0.1177
2.4710	1.6520	0.1241
2.3710	1.5650	0.1044
2.4730	0.5273	0.1197
2.4200	3.6240	0.1254
2.2490	2.3250	0.1193
1.8140	0.1082	0.0679
2.1950	1.3480	0.1062
2.3890	2.6580	0.1143
2.2560	2.3920	0.0607
1.3880	0.6834	-0.0497
2.0620	0.2574	0.0893
1.9480	1.4030	0.1141
2.3330	1.4120	0.1000
2.2450	2.5280	0.0513
1.1860	0.0827	-0.0875
1.1410	0.3510	-0.0671
1.2360	0.1476	-0.0126
2.0800	5.0130	0.0561
2.0770	2.2460	0.0611
2.0870	2.5060	0.0576
1.9570	2.8180	0.0712
2.0370	3.9270	0.0910
2.0270	2.7300	0.0731
2.0840	3.0750	0.0828
2.1460	0.2069	0.1136
2.1780	5.1160	0.0883
2.0160	1.3070	0.0647
2.1850	3.6290	0.0681
2.1030	1.5550	0.0732
2.2780	1.4430	0.0743
2.3480	1.6120	0.0919
2.2840	0.1931	0.0775
2.2920	1.4050	0.0733
2.3350	0.8982	0.0850
2.2910	0.3355	0.0737
2.2090	0.3460	0.1111
2.2220	1.3760	0.1248
2.1710	0.6145	0.0925
2.2710	3.1840	0.0884
2.2570	3.5990	0.0866
2.2560	0.1178	0.1141
2.2320	2.7180	0.1310
2.1750	3.7030	0.0993
2.2150	2.4490	0.0935
2.2230	3.6120	0.1054
2.2130	0.2321	0.1061
2.2830	4.2080	0.1126
2.0940	3.0640	0.0610
2.0810	4.5530	0.0602
2.2040	5.0670	0.0634
2.2020	3.7550	0.0737
2.1210	2.3390	0.0685
1.9990	1.6010	0.0575
1.8860	2.2210	0.0611
2.2860	3.2280	0.0691
2.2490	2.2540	0.0829
2.2150	2.4910	0.0715
2.2910	0.9728	0.0887
2.3150	3.0160	0.0924
2.3070	0.3073	0.0882
2.1730	2.0510	0.0837
1.8530	3.5790	0.0681
1.9260	1.9370	0.0617
1.9120	1.4760	0.0591
1.8890	3.5000	0.0641
2.1530	0.9378	0.0776
1.9550	0.9285	0.0585
1.8080	2.9260	0.0341
1.9610	2.5700	0.0569
1.8930	4.1080	0.0329
1.9150	3.4240	0.0474
2.1140	3.0720	0.0654
2.2620	2.3200	0.0771
2.2630	2.7260	0.0809
2.3390	2.7130	0.0916
1.8840	3.2690	0.0144
2.1130	2.2490	0.0421
2.2620	2.6150	0.0720
2.1990	0.3215	0.0570
2.2470	0.0575	0.1002
1.9190	1.6560	0.0716
1.7990	1.1350	0.0149
2.2450	0.0902	0.0877
2.3050	0.8141	0.1003
2.1470	2.9220	0.0933
2.2130	0.1995	0.0745
1.9820	1.6010	0.0741
1.9530	4.0090	-0.0044
2.0140	3.4760	-0.0124
1.9180	3.7830	0.0002
1.7940	0.9425	0.0069
1.9130	1.6770	0.0355
1.9270	4.2090	-0.0671
2.0450	2.5190	0.0130
1.9540	2.2960	0.0288
1.7680	1.3810	0.0001
1.5970	0.9239	-0.0800
1.4860	2.2920	-0.0907
1.4890	2.8280	-0.0688
2.1970	0.0077	0.0816
2.1660	0.9151	0.0788
2.2150	4.1060	0.0760
2.2480	1.6990	0.0742
2.1880	3.4870	0.0776
2.1370	2.4560	0.0742
2.0260	0.1679	0.0523
2.1140	0.5966	0.0697
1.9610	0.6213	0.0464
2.2100	0.4106	0.0635
1.8890	1.6970	0.0532
1.6470	0.6706	0.0273
1.7880	0.1623	0.0350
1.7520	0.3651	0.0111
1.2860	0.1641	-0.0435
1.7480	0.7163	0.0074
2.1160	2.6960	0.0588
2.0070	1.4120	0.0476
2.2020	0.8396	0.0624
1.9800	0.0795	0.0439
1.7210	0.1068	0.0076
1.8880	1.4190	0.0114
1.3730	0.7104	-0.0814
1.6530	0.6602	-0.0115
1.6130	1.0200	-0.0483
1.3880	0.7983	-0.0982
1.9820	1.1180	0.0632
1.8690	1.4330	0.0610
2.1900	2.3670	0.0715
2.0910	2.4700	0.0679
2.0200	0.7847	0.0640
2.0450	0.0823	0.0526
1.9670	0.5942	0.0572
2.1770	4.4800	0.0761
2.1830	2.1000	0.0751
2.2000	0.5594	0.0786
2.1820	2.2030	0.0768
2.1330	0.4767	0.0692
2.1430	1.5580	0.0661
2.0700	1.6530	0.0654
2.0780	2.5330	0.0560
2.0240	2.0470	0.0399
2.1100	2.6500	0.0662
2.0580	3.3090	0.0609
2.0330	3.3880	0.0620
1.9740	2.9460	0.0313
1.9480	2.9320	0.0357
2.0690	1.6940	0.0671
1.9960	1.9870	0.0575
1.9750	0.6462	0.0435
1.9630	0.4623	0.0569
1.9450	0.8016	0.0372
2.0310	2.2030	0.0671
1.9560	1.4830	0.0587
2.1840	0.4279	0.0728
2.1090	0.8323	0.0694
2.2130	0.9954	0.0750
2.2110	3.6540	0.0732
2.2350	1.2320	0.0767
2.2060	2.6390	0.0707
2.2300	2.9420	0.0711
2.2310	0.8804	0.0783
2.2940	2.7380	0.0735
2.2860	2.1570	0.0610
2.2880	3.0490	0.0669
2.1930	2.8010	0.0610
2.2770	2.9380	0.0782
2.2810	0.5568	0.0605
2.2460	0.1925	0.0590
2.1650	2.0760	0.0530
2.1380	3.4450	0.0575
2.1910	1.8460	0.0555
2.1320	0.1456	0.0594
2.0830	0.9954	0.0594
1.9630	0.5001	0.0589
1.9480	0.5271	0.0494
2.1420	1.5030	0.0760
2.1820	2.1620	0.0729
2.0340	1.0630	0.0625
2.1070	4.0470	0.0701
2.0210	2.5010	0.0569
2.1070	2.6670	0.0561
2.1200	1.8040	0.0631
2.0730	0.7054	0.0583
2.0660	1.9370	0.0590
2.0580	2.6640	0.0542
2.0500	3.5550	0.0548
2.0640	2.4470	0.0543
2.1200	0.8441	0.0762
2.1030	1.7110	0.0738
2.1260	2.4420	0.0749
2.1130	3.0270	0.0628
2.0990	0.0112	0.0619
2.1600	0.9536	0.0805
2.1250	0.9401	0.0760
2.1240	1.3280	0.0505
2.1500	3.0770	0.0712
2.1910	3.9750	0.0707
2.2170	2.5040	0.0606
2.2040	1.0820	0.0638
2.2260	2.2180	0.0517
2.2960	3.1810	0.0720
2.1150	4.2280	0.0476
2.1640	3.3710	0.0503
2.3320	1.1000	0.0517
2.4690	4.2960	0.0477
2.7280	2.8240	0.0593
2.1340	0.0718	0.0546
2.1290	2.7260	0.0507
2.0970	1.1570	0.0574
2.1740	3.5100	0.0565
2.2890	0.9309	0.0795
2.4250	2.2670	0.0445
2.4430	0.5173	0.0698
2.2510	1.5370	0.0488
2.3710	1.4400	0.0690
2.2940	2.5960	0.1179
2.3570	3.5890	0.1208
2.4560	0.8681	0.1090
2.2880	3.9750	0.1299
2.3460	0.8737	0.1211
2.3340	3.0020	0.1154
2.5320	4.7740	0.0710
2.3650	1.8310	0.0742
2.5190	1.0220	0.0761
2.7080	2.7040	0.0644
2.5920	0.4042	0.0606
2.6310	1.3910	0.1026
2.6160	1.8560	0.0693
2.6020	1.8260	0.1151
2.5530	2.2610	0.1028
2.2870	1.8870	0.1241
2.5310	0.9071	0.1233
2.3610	2.0740	0.1251
2.3070	1.4150	0.1103
2.3780	0.4579	0.1242
2.5860	3.4440	0.1318
2.4630	1.7940	0.1103
2.6370	1.5930	0.1243
2.4400	3.8710	0.1316
2.2630	3.1380	0.1123
2.2030	1.0410	0.1098
2.3140	3.2180	0.1039
2.2170	0.4424	0.1005
2.1930	1.5140	0.1079
2.1490	5.4260	0.1042
2.1330	0.2674	0.0850
2.1260	1.1620	0.0941
2.4790	3.1570	0.0621
2.2500	1.5550	0.0609
2.5860	2.6520	0.0909
2.7040	2.4290	0.0513
2.5750	2.7590	0.0408
2.5570	2.8630	0.0334
2.2360	3.4380	0.0446
2.2910	1.6580	0.0979
2.4160	2.3450	0.0959
2.1230	0.7864	0.0838
2.1740	1.9510	0.0920
2.2350	2.2520	0.0886
2.3360	3.6180	0.0811
2.3470	3.0100	0.0799
2.5860	1.6820	0.0356
2.5540	1.4630	0.0283
2.5410	1.3750	0.0821
2.4700	1.0500	0.0583
2.3950	2.8100	0.0520
2.5020	2.2340	0.0292
2.3070	1.4970	0.0406
2.3300	1.3440	0.0561
2.2870	2.1240	0.0367
2.3930	1.3600	0.0373
2.2740	2.0950	0.0433
2.3090	0.0191	0.0486
1.9230	0.6839	0.0414
1.9070	0.9961	0.0364
2.0520	0.9477	0.0471
1.9220	0.3774	0.0441
1.8890	0.7395	0.0244
1.9100	2.2770	0.0216
1.8780	0.4122	0.0228
2.0440	2.9230	0.0749
2.0950	2.4880	0.0654
2.1490	1.8070	0.0676
2.0710	0.2988	0.0636
2.0880	0.7251	0.0508
2.0570	0.7689	0.0341
2.0490	0.7294	0.0345
2.0840	2.0300	0.0452
2.0230	2.2020	0.0467
2.1110	2.4160	0.0450
2.1180	2.8820	0.0383
2.0900	3.2800	0.0373
2.1510	1.6710	0.0450
2.2220	3.3020	0.0470
2.3070	0.2264	0.0540
1.8820	2.0150	0.0316
1.8630	3.0710	0.0249
1.8510	2.1150	0.0272
1.8290	2.2220	0.0322
1.9100	1.2670	0.0387
2.1640	0.1748	0.0437
1.9540	2.3240	0.0321
2.2850	0.4600	0.0543
2.2900	0.6859	0.0566
2.2310	0.9471	0.0603
2.2440	1.2070	0.0597
2.1290	2.8870	0.0529
1.8710	0.7831	0.0402
1.9390	0.2765	0.0476
1.8880	1.0180	0.0332
2.0380	1.6130	0.0465
2.0570	3.2950	0.0559
1.9260	1.4970	0.0584
2.0100	0.3980	0.0647
1.9320	3.5650	0.0619
1.8870	1.4210	0.0662
1.8300	1.4330	0.0542
1.8170	0.3234	0.0432
1.6500	0.1713	0.0311
2.0660	1.8100	0.0558
1.9360	0.2759	0.0417
1.6680	0.4900	-0.0100
1.4580	0.1225	-0.0141
1.2260	0.3246	-0.0330
2.0660	2.3870	0.0584
2.0640	0.7499	0.0569
2.2000	1.9850	0.0504
2.1060	0.3599	0.0518
2.0050	4.5160	0.0722
2.0920	0.7446	0.0851
1.9720	0.4851	0.0753
1.7370	1.1470	0.0244
1.5240	0.1343	-0.0000
1.8950	1.4780	0.0453
1.8850	0.5022	0.0556
1.9720	0.2856	0.0694
1.6810	0.4705	0.0270
1.3850	0.0771	-0.0014
2.1270	3.1230	0.0909
1.9170	0.6948	0.0602
1.8380	0.0825	0.0539
2.0220	0.3182	0.0632
1.9370	1.0940	0.0785
2.1040	0.6549	0.0776
2.1010	3.2690	0.1187
2.2350	1.6450	0.0892
2.2100	1.8720	0.0772
2.1780	0.7852	0.0791
2.1830	0.2391	0.0796
2.1360	3.8730	0.0718
2.2020	1.2600	0.0770
2.1920	0.2836	0.0898
2.1200	4.0200	0.0549
2.2540	0.0075	0.0690
2.3360	0.3426	0.0833
2.3560	3.6200	0.0705
2.1710	2.6410	0.0665
2.3270	0.1952	0.0870
2.3860	1.4580	0.0859
2.3830	1.1830	0.0806
2.1760	0.7158	0.0590
2.1470	0.6313	0.0542
2.2890	1.0980	0.0756
2.1270	3.8770	0.0652
2.1170	4.4140	0.0589
2.2110	1.7130	0.0993
2.1120	2.6290	0.1334
2.2480	1.5920	0.0545
2.2140	2.3420	0.0664
2.3320	0.9570	0.0679
2.4080	0.6958	0.0463
2.3340	0.1391	0.0906
2.1420	4.4100	0.0462
2.1970	3.5560	0.0492
2.1400	0.6588	0.0631
2.1230	3.3110	0.0510
2.0850	0.8304	0.0507
2.0720	1.9490	0.0517
2.1030	1.5310	0.0405
2.3700	4.0750	0.0289
2.4140	0.3228	0.0382
2.2770	0.5125	0.0341
2.2810	5.3420	0.0228
2.2080	4.1190	0.0232
2.4160	0.3478	0.0410
2.4110	2.5760	0.0541
2.1880	1.3440	0.0323
2.3370	5.1710	0.0234
2.4110	1.5290	0.0293
2.3910	6.0840	0.0345
2.3590	0.3983	0.0392
2.2270	2.7990	0.0508
2.3030	3.9820	0.0564
2.1140	1.5150	0.0494
2.1830	2.0100	0.0542
2.2240	2.1580	0.0641
2.3260	0.3729	0.0787
2.4150	3.0530	0.0845
2.1180	1.6740	0.0694
2.0900	1.5220	0.0543
2.1360	2.4570	0.0712
2.1860	2.4290	0.0889
2.2480	1.5360	0.0928
2.2820	2.2880	0.0823
2.3790	2.0840	0.0919
2.1520	2.8200	0.0704
2.2860	2.4840	0.0874
2.3380	0.2503	0.0952
2.2810	2.3120	0.0999
2.3380	2.2090	0.1065
2.2840	2.4400	0.1047
2.2610	4.4630	0.1202
2.2040	5.3790	0.1210
2.3310	2.6300	0.1027
2.3580	2.5010	0.1033
2.4030	0.0516	0.1338
2.4770	3.4550	0.1408
2.4080	2.1640	0.1232
2.4100	1.6420	0.0985
2.4010	1.8530	0.1031
2.4830	1.7740	0.1282
2.3960	2.0080	0.1140
2.5270	2.4910	0.1420
2.2960	2.8360	0.0677
2.4350	1.4260	0.0833
2.4590	1.1320	0.0967
2.4110	2.9270	0.1032
2.5260	0.8422	0.1303
2.3090	1.8870	0.1141
2.5670	0.2097	0.1395
2.4930	0.6567	0.1271
2.4200	1.3280	0.1162
2.2190	1.0870	0.1178
2.3630	3.2330	0.1239
2.1780	4.5260	0.1207
2.2950	0.4767	0.1062
2.1920	0.7675	0.1025
2.2240	1.0510	0.1102
2.2550	0.1833	0.1151
2.3450	3.6420	0.1331
2.0850	0.1514	0.0605
2.1830	2.1710	0.0858
1.3760	0.6594	-0.0163
1.7770	1.4420	0.0316
2.0540	2.3270	0.0949
2.1340	2.7830	0.0926
2.1750	1.5080	0.1023
2.2900	1.4470	0.1221
2.4120	3.2930	0.1291
2.2210	2.9150	0.1196
2.3270	0.7692	0.1129
2.3480	0.8309	0.0970
2.4480	2.9000	0.1121
2.2760	1.1250	0.0717
2.3930	1.4510	0.0889
2.3080	2.3830	0.0733
2.2860	4.0070	0.0616
1.3310	0.4082	-0.0525
1.5570	0.1768	0.0171
1.3990	2.5800	-0.0363
1.8000	0.3667	0.0648
1.6570	0.4911	0.0295
1.9770	2.7410	0.0898
2.1510	3.5990	0.0798
1.7220	2.4980	0.0832
2.1210	2.7080	0.1267
1.9350	0.2953	0.0967
2.0280	1.4080	0.1207
2.1560	5.5190	0.1396
2.2730	1.7570	0.1207
2.4300	5.2320	0.0872
2.2220	1.5430	0.0735
2.2310	2.7120	0.0654
2.1680	2.5790	0.0886
2.3240	3.9250	0.0706
2.4120	2.9500	0.0628
2.2070	0.7910	0.0579
2.2770	0.1650	0.0426
2.2310	2.7820	0.0496
1.2830	0.7310	-0.0814
1.2450	0.0485	-0.0957
1.2600	1.7220	-0.1008
1.2520	2.3100	-0.0772
1.2420	0.7360	-0.0578
1.1870	0.3464	-0.0617
1.1880	0.2879	-0.0797
1.2470	0.2535	-0.0292
1.1520	0.4001	-0.0510
1.1730	0.3641	-0.0470
1.1810	0.0472	-0.0607
1.3700	0.1245	0.0123
1.1550	0.3570	-0.0785
1.1630	0.2754	-0.0528
1.2210	0.2821	-0.0263
1.5400	0.3006	0.0625
1.3860	0.3512	0.0236
1.7540	0.0413	0.0700
1.7080	2.2610	0.0285
2.2520	2.8810	0.1092
2.1090	3.8030	0.0690
2.2490	2.6620	0.1239
2.1060	0.1822	0.0350
2.2390	1.0130	0.1102
2.0860	2.4290	0.0602
2.2510	2.5090	0.0702
2.2530	1.1480	0.0733
2.1010	3.4720	0.0612
1.2510	0.5728	-0.0574
2.3160	2.3180	0.1146
1.8170	2.7740	0.0546
2.4350	4.1310	0.1182
2.0520	5.0970	0.1119
2.4450	2.2980	0.0798
1.7060	2.3670	0.0141
1.8880	1.2150	0.0512
2.3060	3.8510	0.1123
2.5810	0.5062	0.0691
1.0440	0.3864	-0.0481
2.2660	1.0760	0.0710
2.2360	0.3890	0.0497
2.3050	0.2483	0.0660
2.0140	4.3940	0.0739
2.1210	1.9120	0.0536
2.3770	1.6180	0.0909
2.5600	0.6760	0.1147
2.3930	3.3240	0.0491
2.3470	1.2260	0.0487
2.0390	3.1410	0.0528
2.0790	2.4010	0.0457
2.2850	1.9240	0.0790
2.1210	1.3100	0.0884
1.0660	0.2265	0.0057
2.2650	2.9500	0.0669
2.2280	0.4589	0.0535
2.2000	1.1180	0.0718
2.6550	1.4190	0.1409
2.3230	3.4010	0.1494
1.9930	3.2980	0.1139
1.5930	1.9600	0.0157
1.9230	1.0900	0.0560
1.9010	3.7290	0.0840
2.0160	4.4060	0.0686
1.9430	3.9220	0.0554
2.2600	2.1140	0.1012
2.0140	3.9500	0.0704
2.1790	4.4300	0.0910
2.2490	2.5360	0.1228
2.2300	2.8820	0.1111
2.2720	4.2430	0.0654
2.0600	1.3360	0.0653
2.3180	1.0310	0.0974
2.2250	2.2640	0.0931
2.2720	3.3850	0.0802
1.7670	3.7620	0.0335
2.0790	3.3490	0.0502
2.0340	2.3190	0.0504
2.4360	1.2460	0.1335
2.1220	0.7777	0.1094
1.7870	2.2210	0.0013
1.5220	0.1883	-0.0135
1.5780	0.9874	-0.0341
1.7280	2.7300	0.0151
2.5270	2.9250	0.0941
2.4130	3.5000	0.0788
2.2690	0.8157	0.0545
1.2180	0.2055	-0.0017
2.2150	1.3010	0.0509
1.8700	2.5480	0.0445
1.0800	1.6770	-0.0842
2.4620	2.0240	0.0591
2.3110	0.1893	0.0559
2.4850	2.0210	0.0940
2.5260	5.3090	0.0763
2.3430	2.9430	0.0414
2.1500	0.4628	0.0523
2.1730	2.3120	0.0309
2.3570	3.3870	0.0739
2.2700	1.9250	0.0581
2.5440	3.7290	0.0865
2.5620	5.2050	0.0650
2.4060	3.3550	0.0585
2.2310	0.6792	0.0599
2.0970	1.1210	0.0356
2.1780	3.7290	0.0737
2.1060	1.9610	0.0717
2.0630	1.6300	0.0757
2.0160	1.7190	0.0563
2.1540	0.2986	0.0757
2.1950	3.3430	0.0525
2.3630	2.6530	0.0630
2.0510	0.2991	0.0726
2.1360	3.2010	0.1107
2.5500	3.1100	0.1124
2.5920	2.8530	0.0744
2.4000	3.0550	0.0792
2.3200	3.1740	0.1290
2.6240	2.5750	0.1206
2.7540	2.7060	0.1174
2.1250	1.7200	0.1071
2.5500	3.7180	0.0942
2.3830	4.5770	0.0503
2.1600	2.5130	0.0607
2.7640	2.7810	0.0635
2.5010	2.7720	0.0381
2.3160	3.8620	0.0438
2.3560	0.4655	0.0582
1.9900	6.0150	0.0600
2.1280	1.1270	0.0475
2.0470	0.1331	0.0335
2.1520	1.4580	0.0715
2.0450	1.1980	0.0580
2.0890	2.2280	0.0710
2.0590	1.4160	0.0464
2.2400	1.5690	0.0765
2.2350	0.6922	0.0650
2.2160	0.8128	0.0592
2.1080	0.6846	0.0653
1.7600	0.2831	0.0631
1.1440	0.2665	0.0108
2.0870	4.7430	0.0814
2.0370	3.3490	0.0930
1.8030	0.7736	0.0712
2.2390	1.9140	0.0684
1.7430	3.3080	0.0503
2.5030	2.1920	0.0614
2.2710	5.1000	0.0992
2.2510	2.8100	0.0797
2.7420	0.5623	0.0535
2.1710	3.7720	0.0509
2.2910	4.7130	0.0537
2.3280	2.9620	0.1085
2.0320	1.8440	0.0571
2.1970	3.6880	0.0434
2.2790	2.7470	0.0416
2.2700	1.0980	0.0610
2.4300	5.4050	0.0673
2.3280	0.4009	0.0811
2.4290	2.2690	0.0921
2.1910	3.8440	0.1051
2.5400	0.1435	0.1237
2.1540	1.4200	0.1254
2.4690	0.0893	0.1494
2.4280	1.2630	0.1467
2.3230	0.5422	0.1256
2.2930	3.5270	0.1524
2.3090	2.8890	0.1331
2.5020	2.5620	0.1530
1.9940	2.8700	0.1030
2.3010	1.2780	0.1518
2.0660	1.0200	0.1380
2.1960	1.8580	0.0827
1.4180	0.6360	-0.0274
2.0140	2.0950	0.1016
2.1780	2.2450	0.1127
2.3250	3.4540	0.0845
2.1400	3.8640	0.0654
0.8907	0.5498	-0.0894
0.6962	0.1657	-0.0633
1.0960	0.4624	-0.0191
2.0130	4.9010	0.0629
1.9670	2.8390	0.0628
2.0090	3.1550	0.0692
1.8650	2.1070	0.0559
1.8500	2.5820	0.0700
1.8930	2.3530	0.0659
1.9840	2.0830	0.0760
1.9760	2.6540	0.1008
2.0440	4.9390	0.0878
1.7870	2.0250	0.0513
1.9650	3.4180	0.0622
1.8630	2.1960	0.0655
2.1750	0.5750	0.0796
2.2670	3.1340	0.1085
2.1670	2.4080	0.0799
2.1670	2.3140	0.0782
2.3630	0.4502	0.1054
2.2070	0.6403	0.0799
2.0270	2.1470	0.0912
2.0790	1.0820	0.1038
1.9450	1.3830	0.0751
2.1030	4.3710	0.0837
2.2760	0.1862	0.0847
2.2170	1.6290	0.1006
2.0900	2.5460	0.1200
2.3410	4.7420	0.1223
2.2840	1.6640	0.0965
2.3000	3.4250	0.1049
2.2250	0.6860	0.1220
2.3690	0.4998	0.1076
2.1770	3.3710	0.0661
2.0590	3.4070	0.0678
2.3590	0.7074	0.0762
2.2850	3.4870	0.0751
2.1560	1.0950	0.0727
1.9640	0.9455	0.0545
1.8840	1.4980	0.0457
2.4610	4.2580	0.0875
2.3830	3.0490	0.0944
2.3840	0.9495	0.0798
2.2600	0.1239	0.1034
2.2010	3.5870	0.1098
2.2690	1.2490	0.1065
2.2900	1.6770	0.0868
2.0580	1.5690	0.0473
2.0760	1.5700	0.0509
1.9240	1.3110	0.0442
1.7960	2.9260	0.0439
2.2130	3.3300	0.0720
1.9810	0.9726	0.0453
1.7390	1.9770	0.0210
1.7540	2.5100	0.0408
1.8100	2.0540	0.0241
1.7850	3.7870	0.0326
1.9630	4.2500	0.0485
2.2940	3.4820	0.0893
2.3630	3.1310	0.0938
2.3900	0.2198	0.1286
1.7690	1.9060	0.0275
2.0690	3.8650	0.0494
2.3590	0.9144	0.1033
2.2050	0.6422	0.0830
2.4260	2.7290	0.1338
2.0900	1.1510	0.0584
1.7060	3.4260	0.0051
2.2020	0.3045	0.1123
2.1590	3.1380	0.1083
2.0670	1.6170	0.0742
2.0350	1.4560	0.0917
1.8890	0.1067	0.0162
1.8130	3.2690	0.0439
1.8920	3.3910	0.0533
1.6670	0.2101	0.0258
1.5730	2.7020	-0.0290
1.6630	0.8498	-0.0283
1.5430	1.3760	-0.0031
2.0600	2.6200	0.0806
1.7770	2.3260	0.0190
1.5400	2.5410	-0.0442
1.3930	2.4320	-0.0654
1.2810	1.4210	-0.0858
1.3350	0.3947	-0.0503
2.3760	3.0530	0.1023
2.3420	2.5590	0.1002
2.5930	3.3880	0.0822
2.5590	0.9650	0.0758
2.5390	4.1720	0.0903
2.2770	2.8720	0.0946
2.0660	1.5100	0.0711
2.4620	0.4421	0.0628
2.2220	1.2390	0.0469
2.5000	0.8916	0.0675
1.9320	0.0120	0.0328
1.5240	0.9459	0.0255
1.8590	0.4567	0.0326
1.8200	0.5879	0.0327
1.0620	0.0965	-0.0325
1.7040	1.2890	0.0127
2.1250	3.4560	0.0642
1.8630	0.2189	0.0499
2.3400	0.7659	0.0644
2.0780	0.4701	0.0614
1.5520	1.3180	0.0051
1.7120	5.4480	0.0184
0.9955	0.4450	-0.0734
1.4050	0.2770	-0.0114
1.3310	0.4190	-0.0618
1.1500	0.0435	-0.0863
2.2950	1.8350	0.0563
2.0570	0.8193	0.0426
2.5520	0.2463	0.0631
2.4100	2.4260	0.0646
2.3730	2.4830	0.0607
2.3480	0.5025	0.0541
2.2750	1.2830	0.0541
2.5710	3.2890	0.0849
2.6000	3.6800	0.0743
2.4080	2.5330	0.1038
2.5120	1.1810	0.0968
2.4830	0.2202	0.0858
2.4200	1.1890	0.0825
2.3640	0.6897	0.0724
2.4440	1.4060	0.0521
2.3260	1.7000	0.0465
2.5450	2.4640	0.0664
2.4140	3.3550	0.0612
2.2520	3.8130	0.0590
2.2470	2.0260	0.0311
2.1740	2.2770	0.0420
2.1850	1.6130	0.0613
2.2270	1.2460	0.0424
2.2010	3.2120	0.0310
2.1300	1.3680	0.0401
2.1690	0.4031	0.0266
2.1760	2.5300	0.0603
2.1540	3.2920	0.0526
2.2620	2.1800	0.0722
2.2200	1.8010	0.0654
2.3110	1.7340	0.0645
2.3650	2.0560	0.0673
2.3360	1.6400	0.0601
2.4990	3.4530	0.0936
2.4400	3.1930	0.0858
2.4210	4.3650	0.0981
2.4530	2.6700	0.0930
2.5470	3.8170	0.0771
2.4940	2.2340	0.0664
2.4240	0.1050	0.0626
2.4690	4.0940	0.0795
2.5990	3.0170	0.0742
2.4580	0.9310	0.0730
2.4740	3.6010	0.0594
2.3950	4.0110	0.0597
2.4150	0.1390	0.0608
2.3570	1.7440	0.0612
2.2910	3.1820	0.0628
2.2130	0.2709	0.0485
2.0690	6.7390	0.0307
2.2420	1.1400	0.0611
2.3800	2.7850	0.0566
2.2890	1.1020	0.0519
2.1810	1.1190	0.0560
2.0800	0.8410	0.0435
2.3040	0.8355	0.0596
2.1900	2.2540	0.0700
2.1430	1.8020	0.0730
2.3100	1.8390	0.0586
2.1810	3.3550	0.0704
2.1630	3.4730	0.0746
2.0150	2.1210	0.0726
2.1620	3.6280	0.0771
2.1600	0.5462	0.0715
2.1430	3.6530	0.0716
2.0490	0.7879	0.0770
1.9630	1.3380	0.0753
2.1170	3.3980	0.0764
2.1660	0.9062	0.0689
2.0010	2.8950	0.0630
2.0150	2.8410	0.0789
2.0640	4.8300	0.0740
2.0480	1.0150	0.0569
2.1160	2.2300	0.0665
2.0800	3.1410	0.0588
2.1170	3.4120	0.0677
2.0710	2.5300	0.0516
2.0650	3.0640	0.0521
2.2890	0.8208	0.0577
2.2850	3.6100	0.0640
2.3990	2.8580	0.0501
2.0530	1.5090	0.0685
2.0840	3.0330	0.0709
2.0250	1.2360	0.0701
2.0420	1.6090	0.0741
2.0800	1.4940	0.0918
2.1450	3.4170	0.0773
2.2160	1.0820	0.1035
2.0860	2.1340	0.0570
2.0790	0.1890	0.0879
2.0810	4.5780	0.1216
2.2570	1.3580	0.1195
2.5410	2.5010	0.1110
2.1460	2.6800	0.1213
2.3470	3.5340	0.1078
2.4140	0.3065	0.1168
2.3580	2.1930	0.0768
2.1870	3.8620	0.0760
2.5400	1.3240	0.0890
2.5630	2.6370	0.0590
2.7040	0.4631	0.0706
2.5110	3.6940	0.0587
2.6920	0.4285	0.0622
2.5870	1.3070	0.1169
2.7830	0.2416	0.1106
2.1990	5.3840	0.1356
2.3310	2.1140	0.1292
2.4590	1.1200	0.1274
2.4490	0.2734	0.1214
2.5570	1.4730	0.1222
2.6620	3.5580	0.1200
2.8140	3.4310	0.1148
2.6750	0.5293	0.1112
2.7290	0.4500	0.1258
2.6450	2.5700	0.1169
2.6400	2.9780	0.1081
2.8910	2.1780	0.1022
2.3230	4.2050	0.1132
2.4310	2.1890	0.1141
2.2130	3.5800	0.1024
2.0250	1.1350	0.0758
2.2530	4.3320	0.0827
2.2710	1.7320	0.0670
2.1550	0.9984	0.0641
2.4610	3.7770	0.0520
2.4470	0.6806	0.0628
2.2020	3.2560	0.0495
2.1440	2.7770	0.0407
2.0980	4.3020	0.0482
2.7570	3.6890	0.0838
2.4840	2.4860	0.0510
2.4080	2.3380	0.0676
2.6760	0.5475	0.0767
2.6060	0.8080	0.0581
2.4990	2.4150	0.0548
2.4840	2.4830	0.0391
2.3310	1.0740	0.0492
2.1520	0.8188	0.0347
2.4570	1.5320	0.0434
2.4870	1.1710	0.0400
2.4920	2.9600	0.0447
2.1320	0.5105	0.0462
1.9990	2.0120	0.0567
2.3490	2.9380	0.0483
2.3780	0.7662	0.0538
2.2660	2.0920	0.0703
2.2830	2.3210	0.0670
2.1650	2.2130	0.0696
2.0760	0.0319	0.0302
2.1060	1.0210	0.0257
2.1220	2.8620	0.0538
2.0580	1.8010	0.0389
2.0620	1.2920	0.0372
2.1020	1.7420	0.0458
2.0540	1.5650	0.0415
2.1470	3.3200	0.0757
2.1620	0.3487	0.0711
2.1280	3.0560	0.0753
2.0910	3.6630	0.0732
2.0120	2.5430	0.0606
2.1390	0.0940	0.0522
2.1060	2.3350	0.0524
2.1640	3.4800	0.0612
2.1050	1.2180	0.0617
1.9870	0.0788	0.0576
2.0450	3.7080	0.0621
2.1070	3.1190	0.0646
1.9670	4.3780	0.0594
1.9940	3.3800	0.0656
2.1830	1.9310	0.0732
2.0780	2.1080	0.0322
2.0540	2.8680	0.0452
2.0360	3.3360	0.0393
2.0650	3.5940	0.0382
2.1240	1.2480	0.0452
2.1790	1.3760	0.0633
2.1170	1.0590	0.0534
2.2510	0.4659	0.0752
2.2140	0.6112	0.0772
2.2670	0.8449	0.0739
2.2730	3.5730	0.0781
2.3070	1.4590	0.0753
2.1310	1.0240	0.0522
2.1890	0.6588	0.0514
2.1170	1.3640	0.0531
2.2300	0.6137	0.0633
2.2980	3.1380	0.0708
2.2400	2.6910	0.0575
2.2690	1.3630	0.0768
2.2630	2.5140	0.0682
2.1860	0.3378	0.0573
1.7890	0.0447	0.0350
1.6090	0.4083	0.0401
1.4470	0.6125	0.0244
2.1430	1.3360	0.0876
1.9370	0.5603	0.0620
1.5030	1.6150	0.0443
1.3630	1.1170	0.0364
0.9670	0.1271	-0.0024
2.1280	3.8750	0.0771
2.1480	3.1620	0.0831
2.1920	1.0370	0.0692
2.1530	3.2090	0.0747
2.0600	5.1170	0.0927
2.0630	0.1853	0.0932
2.0190	0.3828	0.0962
1.7420	0.5890	0.0687
1.4720	1.3940	0.0468
1.9930	1.5180	0.0852
1.9250	1.6430	0.0917
2.0330	0.2662	0.0910
1.7280	3.0250	0.0612
1.2960	0.6671	0.0208
2.2400	2.5470	0.0849
2.0810	1.2750	0.0794
2.0670	0.8957	0.0735
2.2460	1.9130	0.0766
2.1100	1.6210	0.0729
2.3350	0.5697	0.0802
2.2650	3.6100	0.1153
2.3390	4.2760	0.0796
2.3750	1.0100	0.0633
2.3780	2.6380	0.0767
2.4390	3.0710	0.0688
2.2820	3.6840	0.0865
2.1130	0.7507	0.0928
2.1970	3.0180	0.0845
2.1750	0.5138	0.0659
2.1950	2.3460	0.0561
2.2530	3.2780	0.0705
2.6170	1.8060	0.0575
2.4890	0.6651	0.0590
2.4040	1.2020	0.0773
2.4490	1.2160	0.0727
2.4210	2.9800	0.0647
2.5550	0.0408	0.0515
2.2220	0.6855	0.0530
2.8030	2.0900	0.0583
2.5610	1.3130	0.0521
2.1290	5.4970	0.0537
2.2880	3.7910	0.1025
2.2900	5.3410	0.1389
2.2400	1.1660	0.0572
2.2410	3.8910	0.0758
2.2580	3.0890	0.0698
2.2290	0.4840	0.0555
2.3070	2.1860	0.0880
2.1030	5.0980	0.0463
2.2130	2.9000	0.0480
2.0060	2.6230	0.0602
2.0470	3.7670	0.0506
2.0690	0.6542	0.0465
2.1070	2.0670	0.0566
2.2190	1.7740	0.0466
2.3280	3.5550	0.0356
2.2230	1.8440	0.0547
2.3530	0.0024	0.0384
2.3280	2.9630	0.0367
2.2670	6.0680	0.0462
2.2810	0.2002	0.0612
2.2480	1.3230	0.0699
2.2630	2.2380	0.0594
2.2650	5.9590	0.0473
2.3470	4.3380	0.0613
2.2850	0.2863	0.0661
2.3460	2.7620	0.0710
2.2730	3.2300	0.0630
2.2640	1.6000	0.0706
2.2430	2.8910	0.0699
2.2970	4.0020	0.0671
2.3910	1.4810	0.0780
2.6160	0.5856	0.1134
2.5960	1.1230	0.1221
2.0880	2.8360	0.0806
2.1290	1.9240	0.0748
2.0250	1.0370	0.0751
2.1350	3.8760	0.1051
2.4010	3.9940	0.1140
2.5830	2.5410	0.1217
2.5830	4.4010	0.1311
2.2640	3.6850	0.0955
2.5100	1.9670	0.1169
2.5460	3.0120	0.1164
2.3380	5.0730	0.1262
2.3970	0.0535	0.1316
2.3780	1.9620	0.1237
2.2170	2.3070	0.1306
2.1240	4.9530	0.1369
2.3890	0.6262	0.1281
2.3880	0.7711	0.1193
2.5010	1.3520	0.1558
2.3430	1.9880	0.1539
2.5410	0.9568	0.1478
2.5370	1.4930	0.1240
2.5520	0.1159	0.1371
2.1740	1.6860	0.1530
2.2820	0.4248	0.1391
2.2120	1.8540	0.1532
2.2940	0.2828	0.0828
2.3890	3.0550	0.1042
2.4580	2.8180	0.1338
2.4750	2.1420	0.1507
2.3870	0.3682	0.1391
2.3960	0.5740	0.1335
2.3180	1.3870	0.1509
2.3290	2.3420	0.1509
2.4400	0.4464	0.1373
2.1740	1.2820	0.1310
2.2360	3.6550	0.1296
2.0880	2.9580	0.1312
2.4500	1.3980	0.1398
2.4440	3.3370	0.1450
2.4670	1.4710	0.1410
2.5130	1.5390	0.1510
2.4920	1.0440	0.1603
2.2500	0.6073	0.1101
2.3160	1.0080	0.1337
1.6440	0.3799	0.0187
2.0010	1.2920	0.0676
2.0540	0.2586	0.1274
1.9440	1.3040	0.1190
1.9430	2.6880	0.1319
2.4020	2.0930	0.1549
2.2570	1.8990	0.1502
2.4310	1.7380	0.1538
2.1540	0.1804	0.1502
2.0110	1.5860	0.1284
2.1630	1.4990	0.1306
2.0920	2.7510	0.0908
2.1590	0.0069	0.1160
2.2780	1.1810	0.0966
2.2300	3.1410	0.0722
1.3680	0.0608	-0.0338
1.7990	0.8659	0.0690
1.4360	2.7020	-0.0247
1.8510	1.5170	0.0811
1.8170	1.6170	0.0755
1.9740	2.7700	0.1142
1.9820	3.9680	0.1021
1.8870	1.2670	0.0717
2.2960	2.5810	0.1246
2.0850	0.5816	0.1020
2.2330	0.5345	0.1170
2.3120	5.7200	0.1406
2.3630	1.2780	0.1092
2.3210	3.6030	0.0779
2.0670	0.3958	0.0799
2.0510	1.1540	0.0795
2.1330	2.8640	0.0881
2.2330	3.3370	0.0785
2.2220	3.2560	0.0594
2.1320	2.6710	0.0742
2.2260	2.9170	0.0557
2.2730	1.2960	0.0675
1.1420	1.9940	-0.0833
0.8022	0.1843	-0.0981
0.9234	1.0970	-0.0950
1.1550	2.2510	-0.0639
1.1290	1.4720	-0.0546
0.7202	0.1989	-0.0630
0.7371	0.0958	-0.0861
0.9744	0.0343	-0.0159
0.7277	0.1899	-0.0409
0.7946	0.1080	-0.0319
0.9094	0.3106	-0.0627
1.3720	1.8490	-0.0140
0.7548	0.0144	-0.0815
0.8282	0.0254	-0.0472
1.0130	0.1923	-0.0133
1.7690	0.1513	0.0485
1.5080	1.3030	0.0242
1.9230	0.8424	0.0687
