1.8000	0.7910	0.0607
1.8530	0.4799	0.2064
1.9840	2.2750	0.2106
1.8830	1.6800	0.2461
1.8920	1.3250	0.1918
1.8090	0.5717	0.2446
1.9710	2.4040	0.2781
2.0530	2.9630	0.2964
2.1240	1.4060	0.1928
2.0250	5.7970	0.2059
1.5580	2.8530	-0.0561
2.1240	1.3840	0.3269
1.9860	3.3670	0.2263
2.0710	7.4960	0.2798
2.0080	3.8590	0.2287
1.9920	1.1490	0.2216
1.9990	2.0610	0.1870
1.7970	0.7430	0.1728
2.1220	0.2615	0.2149
1.9700	0.0951	0.2396
1.5690	0.5821	-0.0487
2.0330	1.1370	0.2447
1.9970	1.3740	0.2104
2.2240	1.5500	0.1991
2.0800	0.7356	0.2183
2.1560	2.3110	0.2325
1.9470	3.0660	0.2269
2.0100	2.3290	0.2736
2.0050	0.4274	0.2616
1.9910	0.2560	0.2653
1.7880	4.4370	0.1744
1.9210	1.6210	0.2129
2.0020	3.2570	0.1896
2.0160	0.7937	0.2260
1.2800	0.5323	0.0696
2.1560	3.6720	0.2727
2.1720	2.8190	0.3071
1.9680	0.4500	0.2617
2.0340	3.1970	0.2877
2.1310	2.0640	0.2983
2.1040	2.6760	0.2182
1.6810	2.1570	0.0258
2.0080	1.9760	0.1838
2.0170	0.6896	0.2277
1.9880	4.6040	0.2008
2.1030	2.5240	0.3003
2.1270	0.0029	0.3083
2.1050	4.0140	0.2729
2.0830	2.4830	0.2527
1.9500	1.6630	0.2588
1.9180	2.2450	0.2500
2.0000	2.2740	0.2031
2.0180	0.3251	0.1841
1.8530	0.8634	0.2482
1.8710	2.7970	0.2122
1.9600	3.5410	0.2022
1.9830	3.9230	0.2141
2.1030	2.0160	0.3092
2.0970	2.7630	0.2354
2.0580	0.9953	0.3123
1.8640	0.3320	0.2351
1.9970	2.3210	0.1456
2.0740	3.3030	0.0446
1.7100	0.3418	0.0428
2.0260	3.1860	0.0368
1.7760	3.4750	0.2661
1.8990	2.1760	0.2376
1.8730	0.9125	0.1231
1.4570	0.3367	-0.0181
1.8150	1.2290	0.1152
1.8230	2.1970	0.1355
1.5420	0.7214	-0.0636
2.0290	1.6850	0.2221
2.0230	3.3470	0.1607
1.7490	1.0860	0.2515
1.8920	2.4100	0.2656
2.0190	2.8970	0.2314
2.0460	3.0990	0.2071
1.9200	0.9639	0.2072
2.2520	1.2190	0.2164
2.1320	1.8400	0.1858
2.0130	0.0878	0.2443
2.0780	3.6500	0.2130
2.0230	1.2820	0.2121
2.1710	1.3470	0.2053
1.9270	1.5240	0.1940
1.9640	1.4260	0.2284
2.1690	0.9349	0.2260
2.3680	2.0750	0.2353
2.1660	1.9110	0.2235
2.3360	4.5440	0.2393
2.0140	1.2190	0.2055
2.1960	1.4110	0.2057
1.9450	2.0370	0.2130
1.9130	0.4497	0.2362
1.8500	2.8220	0.2375
2.0430	0.8050	0.2388
1.9890	1.4410	0.1975
1.8990	2.6610	0.2482
1.9400	0.1428	0.2335
1.9850	0.2690	0.2540
1.9810	1.3380	0.2795
1.9580	1.7610	0.2676
1.6740	2.3950	0.1721
1.9880	2.2410	0.1885
1.9680	0.9689	0.2721
1.8960	1.3070	0.2670
1.7240	5.0760	0.1651
2.0990	2.7580	0.1987
2.0080	4.2130	0.1705
1.9150	0.5865	0.2134
1.8510	2.5360	0.2119
1.9730	1.9450	0.2090
1.9610	0.2829	0.1966
2.1070	2.0850	0.2032
1.9000	2.0540	0.2252
2.1330	2.1480	0.2117
1.9880	0.1332	0.2170
1.9940	0.6834	0.2066
1.8170	0.0599	0.1345
1.8870	1.9250	0.1252
1.3020	0.5501	0.0309
2.1100	3.8520	0.2163
1.9810	2.6570	0.2004
1.7980	0.9329	0.1640
1.8230	0.8439	0.2010
1.5320	0.1762	0.1250
2.0860	2.4040	0.2464
2.0150	4.6340	0.2445
2.1200	1.1940	0.2635
2.1080	3.4690	0.2648
2.0950	0.2951	0.2888
2.1030	0.1943	0.2720
1.9540	3.2470	0.2628
2.0790	2.2260	0.3056
2.1370	3.3430	0.3163
2.0440	1.8070	0.2849
2.0390	2.3820	0.3184
1.9810	4.3820	0.2680
2.1250	2.9170	0.2994
2.1060	2.4650	0.3125
2.0670	1.3270	0.2867
2.0500	0.1619	0.2710
1.9300	4.8150	0.2595
2.0140	1.5830	0.3201
1.9990	0.9596	0.3065
2.1570	2.6420	0.2890
2.0720	2.5670	0.2965
1.9710	1.3920	0.2831
1.9760	2.5440	0.2976
1.8280	3.7390	0.1135
1.9940	0.5712	0.2268
2.2300	2.3220	0.2635
2.0800	1.5780	0.2731
1.5140	0.7511	-0.0324
1.9700	0.3697	0.1539
1.7600	2.4960	0.1689
1.9440	3.4820	0.2344
2.0130	2.7700	0.2495
1.2520	0.0828	-0.0726
1.1510	0.5528	-0.0211
1.2660	0.0776	0.0440
2.0000	4.9700	0.1938
2.0020	4.0680	0.1887
1.9860	4.2070	0.2076
1.9850	1.8900	0.1895
2.0020	2.5970	0.2276
1.9930	2.7540	0.1954
1.9990	3.1670	0.2010
2.0320	0.1698	0.2292
1.9970	5.4240	0.2103
2.0320	2.1720	0.2736
2.1050	4.0660	0.2887
2.0460	1.5320	0.2649
2.1410	1.0900	0.3210
2.1250	0.2227	0.3202
2.1430	0.4372	0.3081
2.1340	0.8524	0.2888
2.1030	2.9870	0.2937
2.1210	1.4930	0.2670
2.0570	0.5552	0.2448
2.0560	2.6350	0.2437
2.0460	1.7920	0.2523
2.1040	3.5510	0.2563
2.1000	2.9690	0.2556
2.0160	0.9903	0.2519
1.9710	1.5420	0.2450
1.9900	3.4320	0.2681
2.0400	0.8823	0.2528
1.9420	3.0460	0.2518
1.9070	0.2896	0.2514
1.8800	4.1780	0.2481
1.9890	2.9440	0.2063
2.0140	4.0570	0.1898
2.0160	4.4890	0.2077
2.0080	4.3210	0.2028
2.0200	2.6530	0.1938
2.0190	0.7030	0.1807
1.9830	2.4980	0.1816
1.9200	2.8680	0.2384
1.8990	2.7440	0.2297
1.9700	1.3260	0.2184
1.8280	0.5386	0.2464
1.8550	1.1760	0.2376
1.8590	0.0970	0.2373
1.9080	1.1280	0.2079
1.9690	3.3380	0.1696
1.9610	2.8350	0.1630
1.9930	1.2320	0.1752
1.9760	3.9210	0.2202
1.9940	0.4507	0.1888
1.9810	1.2700	0.1693
1.9940	2.8310	0.2068
2.0300	2.6160	0.2797
2.0430	2.8970	0.2724
2.0350	2.6300	0.2803
2.1010	1.6240	0.3093
2.1380	1.0050	0.3295
2.1380	0.0901	0.3218
2.1000	1.3440	0.3292
2.0500	2.8750	0.2357
2.1140	1.9190	0.2892
2.1380	0.1703	0.2860
2.1360	0.6039	0.2215
2.0740	0.4365	0.2752
1.9500	2.9610	0.1720
2.0100	1.5120	0.1527
1.8210	0.5977	0.2420
1.8570	1.3030	0.2211
1.8790	2.1290	0.1866
1.8160	0.6387	0.2122
1.9310	2.5410	0.1531
2.0860	3.4550	0.1357
2.1040	3.3290	0.1161
2.0790	3.2580	0.1514
2.0220	0.8912	0.0973
1.9450	2.9660	0.1155
2.0970	3.6390	0.0197
2.1190	2.6530	0.1259
1.7520	0.7848	0.1213
2.0090	0.7161	0.0439
1.8700	0.0867	-0.0219
1.6310	2.7640	-0.0565
1.6920	3.0570	-0.0331
1.7790	0.0371	0.2512
1.8030	0.9306	0.2539
1.8600	3.0680	0.2647
1.9460	1.5860	0.2433
1.8500	3.3770	0.2611
1.8510	3.1200	0.2477
1.8200	0.6845	0.2209
1.9600	1.1770	0.1885
1.8640	0.0374	0.1128
1.9570	1.4490	0.1920
1.8470	1.0180	0.0726
1.6180	0.0529	0.0147
1.8090	0.0834	0.0419
1.7550	0.4952	0.0280
1.3710	0.4041	-0.0382
1.6870	0.8550	0.0296
1.8630	2.7820	0.1967
1.7790	0.7176	0.1763
1.9180	0.4533	0.1971
1.8220	1.2820	0.1258
1.6840	1.8530	0.0344
1.7520	1.9540	0.1134
1.5090	0.7119	-0.0589
1.7060	1.5600	0.0400
1.6700	0.0701	0.0008
1.5310	2.0930	-0.0801
1.9350	3.1570	0.1362
1.8520	0.3197	0.1093
1.9750	1.6690	0.2344
2.0350	0.0243	0.1909
2.0420	0.4330	0.1901
2.0310	0.1665	0.2129
2.0000	0.0219	0.1965
1.7970	2.1790	0.2700
1.9050	1.7340	0.2612
1.7790	1.1000	0.2482
1.7360	2.3610	0.2592
1.7770	2.0440	0.2630
1.8050	0.1876	0.2510
1.9130	2.0550	0.2589
2.0120	2.6830	0.2325
2.0190	1.4860	0.2174
1.9710	2.0210	0.2491
1.9640	2.3570	0.2514
2.0110	0.0833	0.2444
2.0040	2.8400	0.2146
1.9610	2.5710	0.2118
2.0800	0.9885	0.2295
2.0570	0.9926	0.2234
2.0090	0.4942	0.2075
1.9240	1.2780	0.1946
1.8960	0.4834	0.2006
2.0210	1.8100	0.1927
1.9090	0.6303	0.1850
2.1260	0.3093	0.2324
2.1170	0.0346	0.2137
2.2250	0.0165	0.1981
2.2660	0.3241	0.1998
2.2590	2.2990	0.1893
1.8120	1.9950	0.2490
1.9730	1.3260	0.2441
1.8010	2.4130	0.2500
1.9100	1.5110	0.2505
2.0010	3.2600	0.2360
2.1690	1.3710	0.2158
2.2010	1.2130	0.2035
2.1020	1.5370	0.2325
2.0770	2.7310	0.2275
2.0360	2.8230	0.2185
2.0280	2.2140	0.2068
2.0910	3.3320	0.2051
2.0220	1.3980	0.2084
2.0000	1.9100	0.2080
1.9780	0.8882	0.2164
1.9130	0.9815	0.1852
1.9040	1.3530	0.1898
2.2120	1.4480	0.1987
2.2000	2.0790	0.1902
1.9660	2.7030	0.1972
2.1190	0.2745	0.2197
2.0350	2.1470	0.2159
2.0400	0.7293	0.2208
2.1430	1.4140	0.2104
1.9740	1.2810	0.2202
1.9940	2.0230	0.2252
2.0730	2.6180	0.2302
1.9890	3.1520	0.2233
2.1740	3.3470	0.2306
2.2550	1.3570	0.2267
2.3370	1.4280	0.2356
2.1900	1.9110	0.2172
2.2500	3.2790	0.2289
2.2500	0.1964	0.2306
2.3950	0.3307	0.2406
2.2340	1.2280	0.2358
2.1620	0.4302	0.2161
2.3280	3.9640	0.2334
2.3540	4.5360	0.2362
2.1370	0.0791	0.2178
2.1780	1.0210	0.2233
2.1170	3.4300	0.2077
2.0780	1.7540	0.1999
2.0200	4.5320	0.2076
2.0590	1.7710	0.2081
2.0680	3.6660	0.2073
1.9800	3.1470	0.2199
2.0720	2.3900	0.2225
1.9530	0.7449	0.2193
1.9750	3.6140	0.2134
1.9690	0.5574	0.2167
1.9680	2.9810	0.2115
1.9560	2.9780	0.2203
1.9490	3.0740	0.2227
1.9240	1.8240	0.2308
1.9620	2.6870	0.2082
1.9440	2.5970	0.2239
1.9340	0.5242	0.2367
1.8810	3.2420	0.2416
1.8780	1.5090	0.2335
1.9060	3.2240	0.2440
1.8720	1.8300	0.2454
1.8580	4.3890	0.2407
2.1880	1.5910	0.2025
2.0110	3.1180	0.1926
2.0260	3.2570	0.2332
2.1170	1.9560	0.2269
2.1670	0.5905	0.2275
2.0580	4.2200	0.2504
2.0040	0.0308	0.2396
1.9020	0.6683	0.2291
1.9380	3.1080	0.2290
1.8790	0.7431	0.2432
1.8680	0.6305	0.2355
1.9050	1.6310	0.2401
1.9510	3.3710	0.2615
1.9660	2.7380	0.2539
2.0110	1.6100	0.2462
2.0140	4.2570	0.2565
1.9780	2.8770	0.2380
1.9800	2.8750	0.2440
1.9930	1.8880	0.2659
1.9770	1.6330	0.2615
1.9760	3.2030	0.2652
2.0000	2.4110	0.2783
1.9850	4.3450	0.2695
1.9670	2.5900	0.2697
1.9710	2.7280	0.2805
1.9620	0.3281	0.2708
1.8870	3.4430	0.1802
2.0220	3.4800	0.2008
1.8910	2.3630	0.2447
1.7810	3.0210	0.1832
1.7180	3.1020	0.1674
1.6600	3.2020	0.1610
1.8740	4.0920	0.1779
1.9590	3.4270	0.2710
1.9520	0.9659	0.2663
1.9700	0.1491	0.2706
1.9570	1.2720	0.2719
1.9590	1.5750	0.2733
1.9980	1.7530	0.2726
1.9420	1.3470	0.2652
1.6460	0.6107	0.1642
1.7150	0.9614	0.1573
1.7870	1.0100	0.2371
1.7240	1.3790	0.2233
1.9000	3.5440	0.2206
1.8130	0.5539	0.1589
1.8850	0.2322	0.1714
2.0500	1.1080	0.2391
1.9610	0.9665	0.1760
2.0280	2.0510	0.1709
2.1100	0.7007	0.1906
2.1120	0.5173	0.1801
1.8900	2.1970	0.2001
1.8680	1.9920	0.2009
2.0790	0.6639	0.2242
1.9010	3.2090	0.2069
1.8640	3.0110	0.2118
1.8750	1.0440	0.2129
1.8480	1.0600	0.2177
2.1590	0.5095	0.2251
2.0710	2.3550	0.2219
2.1800	4.7940	0.2192
2.0090	0.4552	0.2087
1.8600	2.7460	0.1985
1.9490	2.2590	0.2068
1.9520	2.5990	0.2054
1.9760	3.9620	0.2109
1.9440	2.2380	0.1999
1.9040	2.8820	0.1891
2.0480	2.0990	0.1983
1.9960	2.7180	0.2071
2.0120	3.3650	0.1856
2.0860	1.9190	0.1881
2.1210	1.1720	0.1954
1.8610	1.7120	0.2096
1.8880	1.5810	0.2232
1.8570	1.6720	0.2199
1.8930	2.5640	0.2156
1.9450	1.6840	0.2177
2.0570	3.0680	0.2119
1.9340	1.9210	0.2152
2.1270	1.4770	0.2033
2.1270	2.0340	0.2080
2.0790	0.5378	0.2124
2.0680	3.0650	0.2080
2.0010	3.9410	0.2103
1.9430	1.7090	0.2229
1.9780	0.6364	0.2096
1.9290	1.0770	0.2247
1.9890	1.4550	0.2165
1.9720	2.8960	0.1976
2.0210	1.2040	0.1873
1.9050	0.7036	0.1638
1.9750	1.7220	0.1745
1.9700	1.5890	0.1455
1.8130	0.3252	0.0961
1.7210	0.3217	0.0768
1.5610	0.0940	0.0369
1.9510	0.0109	0.1635
1.8560	1.9870	0.1202
1.7020	0.4969	0.0655
1.5600	0.0966	0.0812
1.2080	0.6591	0.0523
2.0800	2.7030	0.2058
2.0100	2.9950	0.1911
2.1240	1.4600	0.2042
2.1180	1.1150	0.2101
2.0740	4.8270	0.2134
2.0940	0.2585	0.2279
2.0060	2.7710	0.2094
1.8100	0.1569	0.1431
1.5700	0.1185	0.1103
1.9200	0.8173	0.1729
1.9200	0.3511	0.1850
1.9200	0.6153	0.1985
1.6170	0.1314	0.1410
1.3680	0.3864	0.0917
1.9720	2.3710	0.2171
1.7960	0.2360	0.1851
1.6590	0.3523	0.1637
1.8280	1.4690	0.1959
1.7420	1.1470	0.1684
1.9430	0.3794	0.2199
1.9430	1.9130	0.2283
2.0590	2.1960	0.2448
2.0020	2.2740	0.2287
2.0440	1.1060	0.2378
2.1270	1.2090	0.2498
2.0800	3.6020	0.2557
2.1200	2.1040	0.2434
2.0890	0.6445	0.2492
2.1210	3.4530	0.2111
2.1150	1.4260	0.2482
2.1190	1.5740	0.2688
2.1160	3.5470	0.2574
2.1530	3.4410	0.2605
2.1040	0.4202	0.2612
2.1210	1.4840	0.2705
2.0720	1.4940	0.2739
2.1170	0.8533	0.2672
2.1310	1.7980	0.2884
2.0340	3.2230	0.2684
2.0310	2.3740	0.2690
2.0310	1.6450	0.2818
2.0120	0.1451	0.2534
1.9060	3.9580	0.2371
2.1190	2.9910	0.2768
2.0770	2.9940	0.2605
2.0300	0.8913	0.2611
2.0090	3.2760	0.2689
1.9780	3.0410	0.2665
2.1130	3.9940	0.3105
2.1220	3.4360	0.3047
1.9950	2.2290	0.2917
2.0720	2.6730	0.3018
2.1520	1.0420	0.3146
2.1640	0.9397	0.3083
2.1880	1.7620	0.3109
2.1110	0.1710	0.2795
1.9940	1.7090	0.2685
2.1410	0.5687	0.2981
2.1400	3.2220	0.2991
2.1240	3.0120	0.3033
1.9490	1.2390	0.2735
1.9520	1.4380	0.2605
2.0980	3.5220	0.3108
1.9790	3.3600	0.3001
1.9570	0.2850	0.2917
2.0270	3.1930	0.3106
2.0060	2.4930	0.2853
2.0910	3.3950	0.3202
2.0690	1.4410	0.3104
2.1480	0.5559	0.3022
2.1090	0.0810	0.3139
2.0960	3.7140	0.3144
2.1070	2.0640	0.2931
2.0960	2.4680	0.3036
2.0630	2.6780	0.2986
2.1460	3.4710	0.2971
1.9960	2.7060	0.2911
2.0240	2.5280	0.2854
2.0380	2.1330	0.2803
2.1040	2.1600	0.2808
2.0430	1.2980	0.2780
2.1210	4.9060	0.2861
2.0610	0.7138	0.2762
2.0220	2.4110	0.2721
1.9830	0.4132	0.2648
1.9870	3.5290	0.2709
1.9790	1.9840	0.2641
1.9150	1.7560	0.2537
1.9160	4.0750	0.2508
2.0640	1.6440	0.3240
2.0790	1.4810	0.3166
1.9950	1.5600	0.3091
2.0410	2.5110	0.3067
2.0010	0.6220	0.3126
2.0430	0.5331	0.3054
2.0470	0.5456	0.3004
2.1980	1.1590	0.2913
2.1260	0.0179	0.2962
2.1060	2.7790	0.3002
2.1060	2.6650	0.2946
2.1080	2.5800	0.3002
2.0810	2.1400	0.3012
2.0350	1.1000	0.2937
2.0020	0.9137	0.2984
1.9930	0.7367	0.2901
2.0490	1.3540	0.3031
2.0370	1.2110	0.2918
2.0040	1.4870	0.2792
1.9590	1.6700	0.2770
1.9450	3.6860	0.2697
1.9400	4.0060	0.2638
2.0390	1.3930	0.3270
2.0790	0.3038	0.2706
2.0290	0.9403	0.3075
2.0030	1.2810	0.3167
2.1160	0.6630	0.2971
2.0740	1.1390	0.1496
2.1000	0.6267	0.2155
1.6310	0.1047	0.0017
1.9370	1.9590	0.0760
1.9050	3.0780	0.1840
2.0970	2.8890	0.1904
2.1450	1.4750	0.2243
2.1950	0.3406	0.2772
2.1890	0.8524	0.2837
2.0200	2.3320	0.2615
2.2270	1.2850	0.2449
2.1920	0.1262	0.2419
2.2120	2.6990	0.2773
2.1220	1.9910	0.2525
2.1920	0.6198	0.2654
2.1500	3.2670	0.2821
2.0920	3.6780	0.2843
1.5380	0.3096	-0.0516
1.6650	0.1287	0.0481
1.5420	1.5850	-0.0202
1.7820	0.7467	0.0819
1.7330	0.5870	0.0530
1.9230	3.8870	0.1318
2.0580	3.9260	0.1954
1.6830	2.2310	0.1021
1.8480	2.7760	0.2158
1.8080	1.5420	0.1564
1.8260	0.4988	0.1965
1.8580	6.2000	0.2421
1.9280	0.1757	0.2593
1.9730	4.0240	0.2555
2.0040	2.0680	0.2217
2.0420	2.2890	0.2396
1.9410	2.6320	0.1980
1.9840	2.7840	0.2392
1.9760	3.0940	0.2539
2.0470	1.6860	0.2620
1.9900	2.0700	0.2572
2.0180	3.0950	0.2707
1.4370	0.4068	-0.0821
1.3480	0.1845	-0.0887
1.3580	0.6273	-0.0948
1.3780	2.6320	-0.0636
1.3530	0.9909	-0.0302
1.2210	0.6237	-0.0380
1.2520	0.4313	-0.0659
1.2710	0.6235	-0.0030
1.1340	0.7027	0.0088
1.1520	0.6159	0.0291
1.2350	0.0488	-0.0165
1.4850	1.0160	0.0263
1.1930	0.3275	-0.0512
1.1800	0.3907	0.0078
1.1970	0.5042	0.0495
1.5310	0.1815	0.0793
1.3510	0.1397	0.0861
1.6010	1.3880	0.1311
1.7720	1.1350	0.0882
1.6910	1.6540	0.2218
1.9370	3.0220	0.2172
1.9040	0.1751	0.2621
1.8810	2.6620	0.2052
1.9350	0.3380	0.2394
1.9950	1.6830	0.2907
1.8490	2.6550	0.3026
2.1530	1.9360	0.1980
1.8320	2.6140	0.2068
1.5520	1.4190	-0.0306
2.0860	1.7940	0.3194
1.9540	2.4610	0.2303
1.8620	4.3260	0.2806
1.8990	4.8000	0.2180
1.8320	1.3620	0.2288
1.9700	3.3060	0.1787
1.8680	0.8668	0.1792
2.1190	1.2580	0.2436
1.9750	1.2300	0.2301
1.6230	0.1198	0.0046
1.9560	0.6579	0.2444
1.9850	1.6480	0.2175
2.0240	0.7905	0.2330
1.9090	0.7554	0.2292
2.1920	1.8030	0.2347
1.8480	2.7260	0.2286
2.0750	0.3076	0.2670
1.9300	2.4500	0.2300
1.9970	0.3228	0.2404
1.9900	2.7080	0.1868
1.9630	2.1570	0.2053
2.0610	3.1990	0.1854
2.0400	0.0853	0.2093
1.1420	0.2097	0.1034
1.8900	3.0880	0.2825
1.9710	2.3200	0.2963
1.8990	0.6229	0.2844
1.9980	2.0210	0.2731
2.0260	3.7080	0.2988
1.8370	2.9410	0.2283
1.7390	4.0240	0.0682
1.9230	2.2250	0.1907
1.9440	0.4332	0.2256
1.9090	4.2120	0.1998
2.0330	2.1840	0.3015
2.0100	2.7740	0.3063
1.9240	3.1360	0.2830
1.9010	3.5540	0.2620
1.8750	2.1810	0.2607
1.9030	2.6070	0.2585
1.8880	4.3370	0.2127
1.8780	0.7198	0.1889
1.8930	0.8373	0.2347
1.8130	3.4810	0.2059
1.8370	4.1690	0.1967
1.9610	3.4930	0.2208
2.0880	2.3240	0.3030
2.0520	3.2050	0.2382
2.1120	1.5640	0.3166
1.9380	0.2418	0.2197
1.8950	1.4330	0.1720
1.9490	2.8650	0.0622
1.7950	1.5350	0.0976
1.9510	1.4020	0.0610
1.9580	2.2200	0.2645
1.9870	1.5040	0.2295
1.9040	0.8535	0.1605
1.8610	0.2068	0.0083
1.8620	2.9680	0.1456
1.8570	0.4039	0.1463
1.3630	0.1186	-0.0167
1.9830	2.0580	0.2249
1.9810	3.7840	0.1828
1.9300	1.7680	0.2542
1.9580	1.5140	0.2494
1.9860	2.3510	0.2335
1.9870	0.4996	0.2226
1.9270	1.9990	0.2127
2.0210	1.6770	0.2336
1.9040	1.3720	0.2089
1.9490	1.9800	0.2471
1.9080	2.6030	0.2441
1.9310	2.6090	0.2315
2.0640	4.3390	0.2261
1.8840	0.0465	0.2102
1.9480	2.2400	0.2326
2.1210	1.5000	0.2389
2.0770	1.8700	0.2450
1.8680	0.6032	0.2302
2.0420	2.5700	0.2471
1.8100	2.3590	0.2060
1.7960	2.1700	0.1998
1.8350	1.7990	0.2102
1.8230	3.2320	0.2238
1.9140	2.0480	0.2600
1.9470	1.3560	0.2288
1.6970	0.3945	0.1747
2.0230	1.4410	0.2622
2.0640	1.6090	0.2556
2.1210	2.0340	0.2581
1.9950	3.1490	0.2736
2.0540	2.5920	0.2800
1.6800	4.4630	0.1591
1.9100	1.6830	0.1824
1.9890	0.9006	0.2871
1.8220	2.7760	0.2339
1.8650	2.0940	0.1731
2.0660	0.1325	0.1898
2.1470	2.6830	0.1920
1.9810	1.2300	0.2100
1.8950	2.5190	0.2083
2.1760	1.1030	0.2271
2.1500	0.0694	0.2034
2.1280	2.9320	0.2055
2.0030	1.8700	0.2158
2.0950	0.5233	0.2067
2.0720	0.5898	0.2127
2.0640	1.6120	0.2069
1.7240	0.8632	0.1316
1.7270	0.7968	0.1167
1.4960	0.2525	0.0514
2.0720	3.9510	0.1999
1.9790	1.5390	0.1878
1.7320	0.8068	0.1470
1.7470	0.7343	0.2094
1.4590	1.4450	0.1414
1.9740	2.9720	0.2562
1.7160	4.5800	0.2550
2.0940	1.2320	0.2389
2.0060	3.9730	0.2816
2.0090	3.6670	0.2983
1.8490	3.2500	0.2790
1.7390	5.4490	0.2617
1.9730	2.4570	0.2994
2.0190	0.5235	0.3012
2.0300	2.2510	0.2930
1.8970	2.7970	0.3164
1.8500	4.3180	0.2995
2.0180	0.6861	0.2908
1.9670	2.3540	0.2947
2.0020	4.0040	0.2784
2.0460	1.3740	0.2658
2.0220	2.1050	0.2580
2.1370	0.3729	0.3228
2.2060	0.6946	0.3046
1.9180	1.6340	0.2827
2.0300	3.3310	0.2780
2.1190	2.6380	0.2732
2.1150	1.4450	0.3192
1.9160	0.0415	0.1158
1.9880	2.4200	0.2371
1.9350	2.2250	0.2615
1.8060	1.0290	0.2817
1.5260	0.2952	-0.0299
1.8300	1.2380	0.1666
1.6980	2.5990	0.1947
1.8740	3.3430	0.2447
1.8440	2.7970	0.2691
0.9577	0.0214	-0.0461
0.9768	0.6112	0.0254
1.1450	0.2753	0.0920
1.9320	5.2300	0.2003
1.9240	4.2740	0.1918
1.9300	3.4090	0.2126
1.9300	2.4510	0.1947
1.9520	1.9070	0.2302
1.9300	3.0700	0.1957
1.9230	2.9980	0.1959
1.9240	1.6700	0.2226
1.9030	5.7840	0.1972
1.9910	2.8720	0.2761
1.9730	3.0890	0.2945
1.9600	1.9090	0.2713
2.0620	0.2303	0.3201
2.0650	2.4310	0.3143
2.0120	0.8506	0.3119
1.9330	2.2380	0.2972
1.9230	0.8310	0.2949
1.8840	1.4130	0.2774
1.9340	1.2760	0.2505
1.9210	0.5865	0.2474
1.9430	1.1720	0.2596
1.9070	3.4960	0.2678
1.8530	0.0790	0.2653
1.9040	1.7710	0.2597
1.9000	1.5200	0.2440
1.8510	4.9200	0.2666
1.8510	1.3820	0.2616
1.8740	2.4600	0.2625
1.8960	0.4326	0.2611
1.8920	1.9630	0.2634
1.9360	3.6000	0.2137
1.9120	3.5110	0.1961
1.8570	4.5760	0.2197
1.8500	4.8170	0.2051
1.8780	3.1640	0.1976
1.9100	0.7081	0.1887
1.9240	1.6930	0.1898
1.8390	3.4280	0.2330
1.8140	3.2140	0.2180
1.8320	0.1289	0.2151
1.9180	0.2464	0.2340
1.8960	2.8300	0.2216
1.8320	0.4653	0.2228
1.8140	2.4180	0.2014
1.8750	1.6920	0.1843
1.8960	1.6040	0.1702
1.9120	1.6470	0.1843
1.9580	3.5780	0.2257
1.8560	0.5298	0.1898
1.8980	1.5390	0.1766
1.9720	3.5360	0.2091
2.0180	3.2280	0.2782
2.0440	3.1680	0.2645
2.0340	2.6990	0.2769
2.0670	2.3970	0.3064
2.0910	0.2493	0.3247
2.1050	0.7391	0.3154
2.1040	2.0910	0.3205
2.0280	3.2840	0.2206
2.0830	2.9330	0.2837
2.1030	0.2531	0.2889
2.0700	2.2080	0.2403
2.1170	0.8161	0.2939
1.8300	1.8190	0.1907
1.9440	3.6140	0.1615
1.9400	0.2505	0.2330
1.8790	0.4087	0.2093
1.8580	0.9273	0.1948
1.9300	4.6190	0.2027
1.8500	0.2653	0.1805
1.9860	2.4260	0.1490
2.0090	3.9780	0.1447
1.9790	0.7807	0.1527
1.9410	4.3810	0.1221
1.8890	0.4870	0.1458
1.9310	1.3760	0.0433
2.0450	2.6140	0.1554
1.8580	0.1043	0.1424
1.8440	2.8880	0.0852
1.7500	3.7500	0.0275
1.5650	1.6440	0.0038
1.7020	1.4310	0.0021
1.9500	1.7780	0.2546
1.9640	2.0580	0.2522
1.9700	3.3140	0.2522
1.9810	2.4290	0.2337
1.9860	3.5120	0.2533
1.9810	1.9950	0.2407
1.9680	2.9770	0.2124
1.9410	3.0510	0.2009
1.8690	1.6650	0.1509
1.9470	0.3529	0.1981
1.8290	0.1574	0.1163
1.7820	0.7291	0.0445
1.8440	0.8261	0.0951
1.8020	0.2621	0.0797
1.8830	0.1422	-0.0007
1.7260	1.4270	0.0771
1.9500	1.5630	0.1950
1.9240	0.2142	0.1782
1.9420	0.8271	0.1974
1.8440	0.3352	0.1456
1.7030	1.4480	0.0713
1.8530	1.7720	0.1332
1.4420	0.2728	-0.0004
1.6920	0.9546	0.0675
1.7340	3.0410	0.0566
1.4450	2.0510	-0.0388
1.9390	2.6730	0.1696
1.8330	0.0757	0.1338
1.9760	1.4030	0.2276
1.9570	2.1670	0.2052
1.9770	1.7510	0.2080
1.9840	0.7476	0.2209
2.0000	1.0400	0.2113
1.9530	3.0570	0.2589
1.9730	3.4750	0.2448
1.9370	1.4310	0.2507
1.9440	1.8430	0.2622
1.9460	1.9410	0.2567
1.9340	0.8590	0.2503
1.9510	0.4837	0.2487
1.9860	2.4970	0.2319
1.9770	1.6200	0.2241
1.9800	0.9417	0.2378
1.9750	2.6400	0.2413
1.9760	1.8400	0.2409
1.9660	2.5900	0.2228
1.9610	2.2090	0.2168
1.9790	1.3360	0.2362
1.9800	0.8174	0.2308
1.9310	1.4260	0.2195
1.8920	0.8789	0.2117
1.8980	0.5562	0.2094
1.9320	2.8830	0.2138
1.8800	2.5230	0.2052
1.9800	1.2280	0.2395
1.9990	2.1200	0.2282
2.0200	1.8560	0.2203
2.0480	0.8000	0.2290
1.9910	4.7870	0.2170
1.9240	1.2640	0.2478
1.9410	1.3210	0.2462
1.9150	3.3370	0.2437
1.9140	1.4940	0.2450
1.8750	2.8470	0.2445
2.0100	1.9410	0.2420
1.9810	1.4660	0.2402
1.9770	1.7600	0.2428
1.9560	1.6840	0.2487
1.8540	0.0327	0.2393
1.9050	2.5620	0.2372
1.9380	3.7990	0.2376
1.8700	1.1610	0.2304
1.9050	0.9550	0.2236
1.9470	1.9450	0.2239
1.8890	0.1460	0.2056
1.8790	2.3440	0.2038
1.9880	2.1480	0.2263
1.9470	3.2780	0.2148
1.9240	2.1640	0.2193
2.0980	3.6690	0.2296
1.9290	1.5020	0.2206
1.9910	0.7580	0.2372
2.0010	2.1500	0.2360
1.9380	1.6650	0.2254
1.9830	1.1610	0.2327
2.0380	2.8810	0.2386
1.9650	1.5990	0.2300
2.0440	1.9180	0.2393
2.1320	0.4706	0.2344
2.1830	1.7780	0.2429
2.0810	0.8753	0.2342
2.1370	2.4010	0.2369
1.9810	1.3750	0.2424
2.0800	0.1805	0.2529
2.1660	2.2670	0.2449
1.8740	2.4100	0.2276
1.9570	3.5030	0.2468
1.9710	4.9530	0.2399
1.8590	0.3556	0.2192
1.9240	1.8500	0.2225
1.8100	2.3630	0.2101
1.7920	2.3790	0.1997
1.8490	3.9830	0.2176
1.8130	3.0870	0.2153
1.7980	2.8880	0.2048
1.7910	0.7576	0.2132
1.8350	1.2040	0.2183
1.8800	0.8890	0.2215
1.8590	4.3400	0.2187
1.9130	1.1460	0.2193
1.8780	2.3800	0.2084
1.8650	1.5100	0.2069
1.8000	2.7740	0.2097
1.8100	1.9050	0.2245
1.8240	2.6460	0.2094
1.8250	1.4710	0.2096
1.8640	5.5960	0.2210
1.8730	0.6778	0.2456
1.9050	2.5970	0.2479
1.8810	2.4500	0.2434
1.9060	3.7690	0.2597
1.9080	1.6160	0.2636
1.7690	1.0000	0.1892
1.7620	2.8120	0.1880
1.8990	2.2140	0.2312
1.8300	1.9140	0.2119
1.7880	4.6660	0.1920
1.9180	1.8700	0.2206
1.7830	3.5100	0.1881
1.9680	2.8910	0.2594
1.9870	1.2820	0.2465
1.9590	4.4070	0.2620
1.9420	0.8677	0.2629
2.0320	1.0910	0.2619
2.0690	2.3120	0.2640
2.0970	1.1770	0.2607
2.1470	1.4550	0.2430
2.1260	4.3160	0.2491
2.0680	1.6550	0.2434
2.1510	2.7810	0.2541
2.1110	0.4344	0.2630
2.0800	0.7449	0.2679
1.9910	0.4649	0.2602
2.0300	1.4370	0.2701
2.0440	1.9860	0.2667
2.0170	2.4130	0.2747
1.9890	1.2550	0.2854
2.0040	1.6120	0.2880
1.7350	3.4270	0.1703
1.8500	2.2380	0.1976
1.7880	1.1970	0.1901
1.6950	5.7540	0.1621
1.6970	3.5960	0.1609
1.7330	3.1440	0.1666
1.9520	2.3830	0.1788
1.8830	1.2880	0.2692
1.8380	2.9340	0.2356
2.0120	2.4960	0.2912
2.0030	2.2880	0.2853
1.9170	1.4680	0.2723
1.9670	3.8600	0.2771
1.8890	2.2000	0.2340
1.7100	1.4930	0.1648
1.8680	0.3396	0.1745
1.7540	1.0420	0.1934
1.7580	2.2580	0.1881
1.9080	3.5170	0.1881
2.0750	3.6130	0.1800
2.1200	2.0700	0.1911
2.0340	2.1200	0.2041
2.0330	1.8050	0.1799
2.1300	2.1440	0.1869
2.1180	0.5461	0.1923
2.1630	1.1160	0.1954
1.8780	1.1190	0.2064
1.8880	2.6900	0.2044
2.0770	3.5520	0.2216
1.8810	0.0143	0.2106
1.8780	1.5980	0.2101
1.9400	0.5048	0.2067
1.9140	1.9180	0.2102
2.1410	0.6231	0.2370
2.2510	2.8230	0.2306
2.0210	5.3480	0.2197
2.0670	0.3422	0.2199
2.0720	3.2890	0.2163
2.0970	0.4155	0.2083
2.0290	2.8800	0.2044
2.1980	2.8630	0.2171
2.1970	1.4620	0.2172
2.1590	2.3220	0.2073
2.1190	0.4421	0.2010
2.0450	2.9900	0.2047
2.1640	2.9380	0.1995
2.1650	1.7860	0.1973
2.1630	2.2700	0.2019
1.9120	0.1196	0.2069
1.9680	2.6950	0.2113
1.9350	1.9520	0.2107
1.9570	2.6830	0.2116
2.0040	1.6530	0.2159
2.0620	0.0495	0.2125
2.0130	3.1350	0.2082
2.1220	2.3850	0.2015
2.1260	0.1567	0.2097
2.0980	1.2570	0.2159
2.0750	4.1590	0.2063
2.0710	4.3430	0.2104
2.0440	0.1563	0.2166
2.0280	0.9728	0.2149
2.0320	1.4900	0.2138
2.0750	2.2100	0.2114
2.0420	3.4270	0.1958
2.0250	3.8080	0.1974
1.9400	1.8510	0.1605
1.9660	1.2100	0.1754
1.9520	1.3320	0.1537
1.7840	0.7037	0.1052
1.6940	0.5852	0.0830
1.7460	0.0619	0.0495
1.9460	0.8737	0.1524
1.7510	0.8990	0.1170
1.6250	0.4927	0.0749
1.5010	0.6458	0.0937
1.2250	0.4122	0.0872
2.0550	3.1510	0.1960
2.0180	3.5610	0.1833
2.1060	2.2200	0.1961
2.0740	0.4984	0.1980
2.0380	3.7330	0.1981
2.0590	1.2740	0.2090
1.9730	0.7846	0.1938
1.7900	0.3489	0.1310
1.5030	0.7782	0.1134
1.9050	0.1270	0.1568
1.9070	0.8086	0.1642
1.9300	0.0132	0.1815
1.5560	0.9984	0.1375
1.2630	0.1933	0.1164
1.9640	1.1500	0.2138
1.7890	0.0379	0.1766
1.6510	0.4861	0.1739
1.6890	1.8750	0.2103
1.6360	0.7710	0.1823
1.7520	0.9012	0.2329
1.6980	2.9080	0.2405
2.0510	2.6660	0.2400
1.8950	2.2010	0.2359
1.8080	2.0270	0.2513
1.8800	1.3110	0.2651
1.7730	4.5070	0.2666
2.0840	2.0060	0.2176
2.0810	2.5330	0.2285
2.0740	2.9480	0.1979
2.0750	0.1990	0.2163
2.0680	0.9287	0.2418
1.9940	3.8050	0.2710
1.9490	2.6090	0.2783
2.0670	0.4325	0.2573
2.0620	2.0120	0.2686
2.0210	3.5100	0.2744
2.0030	2.4200	0.2864
1.9750	0.5095	0.2949
1.9980	2.2300	0.2877
2.0110	1.2480	0.2900
2.0070	2.6050	0.2937
1.7110	1.8980	0.2582
1.6930	4.9170	0.2437
1.8600	1.9840	0.2826
1.7420	2.5160	0.2687
1.7660	2.8400	0.2683
1.9170	4.4200	0.2789
1.8140	2.9960	0.2753
1.9860	4.1410	0.3043
1.9550	3.5860	0.2990
1.9830	0.6333	0.2942
1.9840	2.9290	0.3016
1.9800	2.8000	0.3029
1.9550	0.6778	0.2971
2.0110	3.8060	0.2955
1.9900	1.9440	0.2843
1.9510	2.7230	0.2880
1.9660	3.0930	0.2929
2.0540	2.0020	0.2903
2.0180	4.3410	0.2973
1.9310	0.5002	0.3016
1.9040	0.0472	0.2921
1.9490	2.2870	0.3074
1.9500	1.0050	0.3105
1.8740	4.3820	0.3125
1.8750	3.1260	0.3111
1.8300	1.5140	0.3039
1.9360	0.9783	0.3065
1.9130	2.9660	0.2997
1.9500	0.9560	0.2954
1.9590	2.7960	0.3035
2.0020	1.8990	0.3000
2.0530	1.8020	0.2803
2.0190	2.0690	0.2855
1.9620	2.2970	0.2905
1.9380	1.9730	0.2880
1.9780	0.5181	0.2882
2.0000	3.2690	0.2774
2.0350	2.4340	0.2725
2.0540	2.3070	0.2727
2.0160	1.6870	0.2684
2.0070	0.7138	0.2788
2.0330	0.9662	0.2705
2.0500	2.3140	0.2683
2.0180	2.0330	0.2585
2.0100	3.6440	0.2613
2.0530	2.3400	0.2626
2.0250	2.8870	0.2578
1.9450	4.7690	0.2569
2.0930	1.6680	0.3197
2.0710	2.4240	0.3144
2.1640	1.8430	0.3200
2.1760	2.5020	0.3076
2.2190	1.5910	0.3173
2.0480	3.1390	0.3050
2.0220	1.8800	0.2949
1.9550	4.2320	0.2783
1.9770	0.4789	0.2828
2.0370	0.1865	0.2839
1.8580	2.1830	0.2923
1.9570	1.3980	0.2903
1.9780	2.6830	0.2859
1.9960	1.1610	0.2759
2.1800	1.0470	0.2900
1.9960	1.1670	0.2822
2.1680	2.5770	0.2899
2.1160	0.8491	0.2747
2.0370	1.9470	0.2655
1.9520	0.7864	0.2702
2.0510	0.3032	0.2642
1.9300	3.6860	0.2614
2.1130	0.5833	0.3258
2.1390	2.1210	0.2966
2.1200	1.3540	0.3218
2.1540	0.2024	0.3269
2.0730	2.2920	0.3127
2.1000	0.3026	0.1704
2.1470	2.6770	0.2398
1.7270	0.5491	0.0202
2.0320	0.1414	0.1011
1.9450	1.1360	0.1897
1.8510	0.7462	0.2023
1.8770	3.0540	0.2308
2.0290	0.8351	0.2936
2.0140	0.4893	0.2844
2.0680	3.1020	0.2861
1.9250	2.0550	0.2499
1.8710	2.2170	0.2451
1.9260	2.7830	0.2725
1.8150	1.2980	0.2578
1.8600	0.3980	0.2654
1.8400	2.5000	0.2829
1.8250	2.0730	0.2938
1.5380	0.1983	-0.0383
1.7020	1.4530	0.0416
1.4880	2.2930	0.0022
1.7970	1.6980	0.0988
1.7030	1.3370	0.0659
1.8190	3.5310	0.1464
1.8300	2.8800	0.2062
1.7470	2.4660	0.1450
1.7640	4.5100	0.2241
1.8220	0.8818	0.1683
1.6900	1.8820	0.2126
1.7150	6.3240	0.2448
1.7850	1.6420	0.2599
1.8700	3.5570	0.2706
1.8520	0.4161	0.2350
1.8020	3.6520	0.2487
1.8930	2.8830	0.2078
1.9040	4.2230	0.2586
1.8870	3.5970	0.2790
1.8070	3.6960	0.2772
1.8370	3.8600	0.2862
1.8120	2.5280	0.2934
1.3300	0.4145	-0.0665
1.1180	0.3193	-0.0485
1.1460	0.7216	-0.0596
1.2720	2.3140	-0.0538
1.2660	1.3320	-0.0014
1.3000	0.7297	-0.0061
1.1890	0.5982	-0.0304
1.5180	0.3973	0.0146
1.1280	0.7514	0.0565
0.9533	0.5113	0.0807
1.0110	0.0548	0.0272
1.4910	2.0290	0.0861
0.8908	0.3983	-0.0163
0.8757	0.3833	0.0547
1.0080	0.2274	0.0954
1.5280	0.5266	0.1319
1.3440	0.7056	0.1220
1.5900	1.0500	0.1593
