1.7860	0.5504	0.0135
2.1350	1.0490	0.1444
2.0380	1.5090	0.1087
2.1890	0.2405	0.1857
2.1690	3.9020	0.1496
2.1460	1.7090	0.1586
2.1440	0.4269	0.1490
2.2090	0.6535	0.0680
2.1120	1.6930	0.0784
2.4740	0.2948	0.0860
1.4300	1.8520	-0.0847
2.0700	1.4060	0.1720
2.0920	2.1400	0.1195
2.1640	3.9750	0.1826
2.2410	2.2670	0.1590
2.0570	1.3460	0.1233
2.0200	1.6610	0.0832
1.9320	2.2190	0.1127
2.0590	2.9940	0.1522
2.0590	0.8931	0.1534
1.6090	0.8508	-0.0590
2.2360	2.4890	0.1655
2.0660	2.3440	0.1632
2.1680	0.3063	0.1339
2.1660	0.5515	0.0924
2.1870	2.4040	0.1578
2.3280	2.7010	0.1832
2.2940	3.4030	0.2022
2.2020	2.9030	0.1494
2.4220	0.1287	0.1412
2.4150	3.2220	0.0493
2.1380	3.0550	0.1597
2.0270	3.5130	0.1303
2.2210	1.4620	0.1534
1.3480	0.1162	0.0074
2.2560	2.7710	0.1216
2.1910	0.7551	0.1210
2.1790	0.8350	0.0787
2.2420	0.1534	0.1943
2.4270	3.0530	0.2437
2.1970	2.6380	0.1626
1.4950	1.0810	0.0294
2.1540	0.4416	0.0901
2.1920	0.0280	0.1318
2.1690	4.8760	0.0942
2.0940	3.6940	0.1527
2.1230	0.0908	0.1779
2.0890	4.4510	0.1229
2.1190	3.5430	0.1330
2.1500	1.7750	0.1701
2.1980	1.0370	0.1718
2.0120	2.8990	0.1185
2.0300	0.8803	0.1127
2.1330	2.2830	0.1364
2.0680	3.1060	0.1320
2.0110	4.4370	0.1164
2.0350	2.1300	0.1264
2.1080	2.4180	0.1809
2.1320	3.0830	0.1382
2.1360	3.8320	0.1855
2.1100	0.0370	0.1497
1.9780	1.6010	0.0833
2.1300	3.2460	-0.0024
1.7540	1.6270	0.0204
2.1460	3.0140	-0.0122
2.0600	3.7880	0.1645
2.0140	2.2340	0.1378
1.9520	1.2770	0.1091
1.4130	0.1011	-0.0426
1.9320	0.3467	0.1039
1.9160	1.5670	0.0840
1.5100	0.6647	-0.0964
2.0990	2.1460	0.1638
2.0390	1.3820	0.1369
2.1580	2.5460	0.1668
2.1200	2.9800	0.1735
2.1760	3.5200	0.1741
2.2300	3.0320	0.1588
2.1060	1.4060	0.1609
2.2390	1.4360	0.1460
2.2850	2.6050	0.1413
2.1540	2.7490	0.1430
2.0640	3.7050	0.1287
2.0670	1.7980	0.1199
2.2760	0.0486	0.1385
2.2040	1.2050	0.1473
2.0490	1.8360	0.1048
2.1610	2.2850	0.1266
2.2010	3.5070	0.1422
2.4100	2.5190	0.1004
2.3690	2.8670	0.1415
2.2840	1.5130	0.0945
2.2310	2.6340	0.0940
2.1970	0.7478	0.0901
2.2230	0.3824	0.1896
2.2570	3.7920	0.1950
2.2970	2.8710	0.1812
2.1810	2.1560	0.0649
2.2550	4.9990	0.2104
2.4460	3.2590	0.2083
2.2340	4.0410	0.1909
2.1650	4.9890	0.1890
2.2570	3.7240	0.1710
2.1040	0.9187	0.0419
2.5370	1.5460	0.0713
2.2360	2.3510	0.1580
2.1860	2.3150	0.1452
1.9600	3.8260	0.0424
2.0220	3.2020	0.0631
2.1780	2.6950	0.0405
2.1770	1.4740	0.1553
2.1340	0.0308	0.1554
2.2480	1.6930	0.1371
2.2290	1.8900	0.1127
2.3480	0.3315	0.1140
2.0710	2.1830	0.1663
2.1560	1.0030	0.1177
2.1680	0.5704	0.1534
2.0710	1.3010	0.1556
1.6890	0.9559	0.0694
1.7670	0.9675	0.0663
1.3020	0.2007	-0.0157
2.0780	4.4510	0.1233
2.0390	2.9950	0.1396
1.9240	0.6709	0.0911
2.1720	0.9057	0.1228
1.7650	0.9948	0.0693
2.3970	2.0520	0.1366
2.1360	2.2320	0.1380
2.3160	2.7620	0.1458
2.3340	4.1750	0.1451
2.1970	3.0700	0.1260
2.2140	4.3830	0.0715
2.0120	0.2004	0.1227
2.2080	1.8630	0.1478
2.1000	3.1390	0.1039
2.2850	4.3350	0.0671
2.1610	0.8890	0.0975
2.0930	5.0180	0.0718
2.1180	3.1080	0.1686
2.1400	2.5240	0.1551
2.3190	0.3602	0.1811
2.2510	1.0150	0.2057
2.3650	3.2130	0.2036
2.3660	2.3560	0.2049
2.4990	1.7170	0.2396
2.2380	1.1820	0.1773
2.2700	2.9370	0.2311
2.4870	2.3880	0.2329
2.3950	1.1470	0.2111
1.8020	1.1580	0.1149
2.2500	3.0870	0.1799
2.4250	0.6455	0.2079
2.1750	0.1283	0.1170
1.3280	0.1295	-0.0380
2.0870	2.3300	0.1348
1.9460	1.1120	0.1378
1.9910	2.7880	0.1039
1.9720	3.4120	0.1048
1.2160	0.1249	-0.0812
1.1920	0.2873	-0.0567
1.2550	0.1559	-0.0141
2.1130	5.0720	0.0996
2.1990	0.8357	0.0945
2.0930	2.7190	0.0989
2.1130	1.9710	0.1058
2.1440	3.2950	0.1233
2.1580	1.8150	0.1050
2.1880	2.1980	0.1115
2.2320	0.3164	0.1448
2.1930	4.2030	0.1162
2.1070	1.6580	0.1399
2.0880	4.2220	0.1384
2.1350	1.8060	0.1296
2.0510	1.4780	0.1728
2.0820	1.4570	0.1748
2.0520	1.4920	0.1652
2.0480	1.2450	0.1494
2.1660	3.9540	0.1794
2.0440	2.4230	0.1302
2.2350	0.0452	0.1270
2.2500	2.3910	0.1473
2.1950	3.1400	0.1206
2.0900	3.0160	0.1153
2.0480	2.3860	0.1224
2.1680	2.3690	0.1490
2.2570	2.1790	0.1766
2.1550	2.6230	0.1724
2.0840	3.6240	0.1331
2.1470	3.8480	0.1503
2.1660	0.7565	0.1779
2.1960	3.7150	0.1768
2.0270	1.1770	0.1120
2.0680	4.0250	0.1059
2.0160	3.3970	0.1228
2.0190	4.9320	0.1231
2.0280	2.3660	0.1179
2.0970	1.4640	0.1005
2.0650	2.0600	0.1025
2.1020	3.4390	0.1249
2.0760	2.7300	0.1211
2.0420	0.2555	0.1176
2.1450	0.4952	0.1526
2.1370	3.4810	0.1501
2.1270	1.0570	0.1338
2.0280	0.8910	0.1201
1.9350	2.7750	0.1039
1.9370	1.0210	0.0993
2.0230	0.6544	0.1004
2.0570	2.2890	0.1233
2.0030	2.1570	0.1174
1.9760	0.5396	0.0994
2.0380	2.6120	0.1107
2.1050	2.8490	0.1584
2.1240	3.8850	0.1634
2.1120	3.3300	0.1667
2.0990	3.2850	0.1765
2.0490	1.2880	0.1767
2.0460	1.3440	0.1784
2.1080	3.0490	0.1830
2.1250	3.6740	0.1247
2.1090	1.2670	0.1650
2.0440	0.1481	0.1695
2.0640	2.4050	0.1351
2.1240	1.0890	0.1785
1.9160	1.7060	0.0996
2.0220	1.1730	0.0702
2.1320	1.1400	0.1563
2.1180	0.0150	0.1431
2.0270	2.5920	0.1294
2.0430	0.2546	0.1342
1.9310	2.2440	0.1018
2.1490	3.5620	0.0779
2.1440	4.4370	0.0752
2.1460	2.3880	0.0719
2.0360	0.7342	0.0407
1.9110	1.9430	0.0742
2.1410	4.0350	-0.0374
2.1340	3.9210	0.0999
1.9430	0.3177	0.0780
1.9830	1.0770	0.0239
1.7380	0.3519	-0.0469
1.5120	1.1530	-0.0772
1.5080	3.1200	-0.0786
2.1300	1.1100	0.1625
2.0860	1.0250	0.1543
2.0660	3.8340	0.1600
2.0360	2.1130	0.1452
2.0480	3.0550	0.1520
2.0460	3.0920	0.1446
1.9910	0.7966	0.1264
2.0090	0.6994	0.1414
1.9560	1.2820	0.0994
2.0020	2.2720	0.1346
1.8950	0.9085	0.0483
1.5540	0.2019	-0.0165
1.8780	0.8033	0.0156
1.8180	0.2887	0.0151
1.3730	0.1025	-0.0520
1.8150	0.7676	0.0284
1.9630	2.1670	0.1136
1.9670	1.1680	0.1031
1.9740	0.4489	0.1233
1.9080	0.6825	0.0931
1.7890	0.7497	0.0250
1.8930	1.0800	0.0626
1.4790	1.0730	-0.0825
1.7470	0.6367	0.0035
1.7000	2.3920	-0.0249
1.4180	0.3836	-0.1036
2.0060	0.7232	0.1223
1.8770	0.7576	0.0790
2.0900	2.1280	0.1566
2.0400	2.2210	0.1495
2.0500	0.1200	0.1559
2.0860	1.1380	0.1651
2.0550	0.7245	0.1584
2.0690	3.6680	0.1697
2.0990	3.0750	0.1664
2.1440	1.2750	0.1614
2.1250	2.6430	0.1690
2.1130	0.1887	0.1710
2.1860	1.8640	0.1684
2.1410	2.9600	0.1734
2.1400	3.2600	0.1706
2.1040	1.4330	0.1699
2.1340	2.1180	0.1722
2.1590	3.8590	0.1783
2.1860	1.0160	0.1707
2.1330	2.2910	0.1693
2.0720	3.2710	0.1674
2.2390	2.3010	0.1608
2.2090	2.4620	0.1682
2.1780	2.0680	0.1641
2.1830	1.0610	0.1549
2.1560	0.8411	0.1573
2.2370	1.0210	0.1517
2.1860	1.3190	0.1434
2.2930	1.2380	0.1525
2.2710	0.5923	0.1512
2.2890	2.6470	0.1440
2.2080	3.1760	0.1406
2.2560	0.4972	0.1373
2.1920	3.4260	0.1584
2.2440	0.0074	0.1584
2.1450	1.9530	0.1549
2.1250	2.4470	0.1413
2.0890	2.9480	0.1288
2.1440	0.9813	0.1402
2.1130	2.5030	0.1355
2.2260	2.4840	0.1445
2.1070	1.8660	0.1333
2.0540	2.1980	0.1239
2.0560	1.5490	0.1270
2.0930	3.7660	0.1324
2.0290	1.5820	0.1219
2.0270	0.2122	0.1186
2.0190	1.1720	0.1132
2.1950	0.6911	0.1396
2.1880	1.3730	0.1426
2.2010	0.6491	0.1356
2.2940	2.9220	0.1374
2.2290	1.9280	0.1393
2.2530	1.6660	0.1482
2.2260	2.8170	0.1481
2.0810	3.1200	0.1251
2.1250	2.0730	0.1344
2.0370	0.2611	0.1075
2.0450	2.3670	0.1132
2.1360	1.6090	0.1127
2.0960	2.3700	0.0952
2.1500	2.5110	0.1138
2.2130	2.0940	0.1411
2.2150	3.4860	0.1531
2.1930	1.1250	0.1359
2.1720	1.8820	0.1318
2.1520	0.4430	0.1190
2.2420	0.0298	0.1531
2.2240	0.0121	0.1565
2.2570	1.0080	0.0891
2.2300	4.2010	0.1198
2.3970	4.1690	0.1113
2.4930	3.2520	0.0999
2.5080	1.3700	0.1101
2.4670	2.4500	0.0880
2.4150	4.1660	0.0684
2.2350	3.8830	0.0844
2.3780	0.7194	0.0875
2.2560	2.5540	0.0990
2.2420	2.1400	0.1780
2.2460	2.4770	0.1637
2.1130	1.5000	0.0912
2.1470	1.8190	0.0829
2.0980	1.0720	0.0977
2.1760	2.8760	0.0929
2.1960	1.7280	0.1327
2.2210	1.7520	0.1521
2.2510	2.0610	0.1902
2.2280	1.6370	0.0889
2.2180	1.5100	0.1366
2.2070	3.1560	0.1868
2.2300	3.7990	0.2002
2.2980	0.6890	0.1950
2.2260	4.1180	0.1977
2.2200	2.5170	0.1900
2.2220	4.2790	0.1843
2.1630	0.3761	0.0821
2.2890	4.0760	0.0699
2.3040	3.4510	0.1919
2.1750	2.7190	0.1632
2.1510	3.7930	0.0969
2.3140	3.1400	0.1594
2.2350	3.8610	0.1003
2.4740	0.0189	0.2025
2.4730	1.2990	0.1955
2.2030	1.4670	0.1947
2.3450	2.0820	0.1985
2.3240	0.6108	0.2125
2.2830	1.8520	0.2138
2.3310	0.7945	0.2130
2.4180	1.7720	0.2027
2.2630	1.0840	0.1867
2.5510	0.8808	0.1965
2.3780	2.7840	0.2092
2.2020	3.6010	0.1968
2.2320	0.8981	0.1817
2.2270	3.1070	0.1672
2.1910	0.2149	0.1971
2.1880	1.4100	0.1904
2.1940	5.4650	0.1829
2.1420	1.8220	0.1615
2.1850	0.9603	0.1692
2.2530	3.7640	0.0665
2.4800	2.1540	0.0811
2.2210	3.2400	0.0931
2.1650	1.9330	0.0513
2.2030	3.3320	0.0571
2.2030	0.8273	0.0529
2.5600	4.3900	0.0614
2.2280	3.3220	0.1576
2.1830	1.3590	0.1429
2.1820	0.8448	0.1555
2.2560	2.7620	0.1620
2.2480	0.1069	0.1554
2.3390	4.5290	0.1521
2.3040	3.1410	0.1419
2.0540	1.5050	0.0492
2.1190	2.0870	0.0393
2.1760	2.0470	0.0915
2.1350	0.5862	0.0918
2.1950	3.2530	0.1109
2.1270	1.1370	0.0283
2.2610	2.5850	0.0349
2.1350	2.3740	0.1175
1.9600	0.0775	0.0329
2.0430	2.7320	0.0361
2.0530	1.7730	0.0659
2.2300	0.5437	0.0585
2.1750	4.1770	0.1496
2.1510	2.0630	0.1526
2.1740	1.5140	0.1634
2.1880	3.9350	0.1520
2.1590	0.5691	0.1572
2.1530	0.1422	0.1571
2.1020	2.2330	0.1625
2.3410	2.5100	0.1435
2.1980	2.1070	0.1598
2.5860	2.7240	0.0927
2.5810	3.8480	0.0841
2.4940	2.8680	0.0754
2.1450	0.3693	0.1428
2.1380	0.9402	0.1393
2.1560	2.9580	0.1617
2.1990	0.3916	0.1318
2.4320	0.2477	0.0646
2.3120	3.4080	0.1095
2.2080	3.2750	0.1435
2.3600	2.6790	0.0723
2.3350	1.3810	0.0824
2.1600	2.0770	0.0839
2.0830	1.4280	0.1586
2.1010	3.0430	0.1662
2.0650	2.5970	0.1648
2.0370	3.6500	0.1667
2.0570	2.7020	0.1621
2.3130	0.3448	0.1420
2.1290	2.5790	0.1592
2.1030	1.3960	0.0973
2.2750	1.0570	0.1200
2.2950	1.5840	0.1341
2.1410	1.8670	0.1243
2.0950	3.1250	0.1439
2.0650	1.5550	0.1629
2.0570	0.6566	0.1565
2.0940	1.8380	0.1646
2.1420	1.5830	0.1626
2.0350	0.4607	0.1438
2.0450	0.6335	0.1399
1.8430	0.1980	0.1095
1.8850	1.4670	0.1221
1.8820	2.5040	0.0944
1.7520	0.2913	0.0312
1.5890	1.0560	0.0215
1.4960	0.1577	-0.0104
1.8980	0.2914	0.1086
1.7160	1.4800	0.0725
1.5410	0.8351	0.0206
1.4960	0.3238	0.0231
1.2680	0.2511	-0.0070
2.0760	4.0450	0.1258
2.0130	3.6650	0.1326
2.0620	0.4860	0.0931
2.0830	1.0840	0.1105
2.0720	5.1280	0.1440
2.1420	0.6426	0.1500
2.0850	0.5228	0.1489
1.8110	0.5076	0.0722
1.5910	0.2305	0.0411
1.9200	0.5601	0.1112
2.0100	1.6380	0.1235
2.1000	1.1030	0.1301
1.8020	0.8256	0.0687
1.4540	0.0853	0.0318
2.2550	4.1490	0.1397
2.0730	0.1767	0.1153
2.0040	0.3143	0.0977
2.1390	2.1380	0.1163
2.0690	2.4410	0.1100
2.2280	1.0530	0.1332
2.1340	4.8300	0.1587
2.3570	0.1680	0.1512
2.3430	2.0670	0.1320
2.2410	0.9392	0.1422
2.2440	0.9962	0.1407
2.2000	6.7480	0.1176
2.1880	1.8680	0.1450
2.2840	1.5730	0.1542
2.0580	3.7610	0.0982
2.1710	0.9558	0.1303
2.3390	1.1700	0.1416
2.3810	3.9250	0.1401
2.2480	3.7240	0.1376
2.4320	2.1660	0.1503
2.4730	0.4666	0.1465
2.4590	1.1630	0.1475
2.2160	1.0630	0.1380
2.2470	0.4442	0.1181
2.2760	3.6750	0.1472
2.1550	3.7480	0.1414
2.1340	3.2230	0.1407
2.0420	2.9320	0.1490
2.0670	5.5430	0.1853
2.1140	0.3384	0.0900
2.1190	2.7930	0.0890
2.2450	0.7157	0.0858
2.3340	1.3680	0.0746
2.1670	1.0490	0.0880
2.1760	3.5110	0.1134
2.1340	0.3356	0.1104
2.1440	0.4517	0.1422
2.1610	2.9470	0.1246
2.2040	0.6995	0.1279
2.2460	2.7720	0.1425
2.1700	3.6600	0.1089
2.3420	1.7180	0.0726
2.3220	2.4400	0.0691
2.1490	1.5170	0.0835
2.2440	0.7384	0.0823
2.2310	0.3502	0.0752
2.1790	0.2983	0.0631
2.1100	0.8381	0.0737
2.1490	3.3270	0.0962
2.2170	4.7270	0.0670
2.1560	3.0870	0.0669
2.1840	2.7010	0.0727
2.1550	0.1390	0.0744
2.1110	2.4310	0.1178
2.1870	2.6140	0.1032
2.1620	0.2971	0.1320
2.0970	1.4620	0.1315
2.1070	2.2110	0.1637
2.1960	0.7732	0.1906
2.1960	3.3290	0.1897
2.2690	0.8940	0.1618
2.2670	2.4360	0.1617
2.1770	1.7080	0.1605
2.2310	2.9670	0.1922
2.3420	3.0250	0.2013
2.2060	1.8130	0.1947
2.2390	0.3585	0.1990
2.1800	1.4470	0.1717
2.3190	1.6530	0.2016
2.3400	0.9292	0.2115
2.2440	4.2430	0.2080
2.2900	1.9890	0.2026
2.2390	3.3330	0.2118
2.2240	3.4980	0.2056
2.1920	4.5740	0.1961
2.1880	3.3890	0.1837
2.2140	1.2150	0.1902
2.4920	2.2580	0.2338
2.4520	1.0290	0.2473
2.4650	0.5995	0.2229
2.3250	3.7950	0.2102
2.3180	3.6020	0.2222
2.2880	2.7190	0.2235
2.2140	0.7199	0.2156
2.3010	1.2380	0.2398
2.2210	2.6570	0.0962
2.1980	2.0380	0.1418
2.2160	0.3230	0.1845
2.2560	3.2130	0.1981
2.5090	2.6230	0.2424
2.3090	2.6290	0.2250
2.4500	1.7030	0.2462
2.3920	3.0630	0.2354
2.3800	0.2223	0.2129
2.2830	0.3524	0.2137
2.4320	2.7110	0.2143
2.2300	4.2670	0.2046
2.2000	3.4330	0.1962
2.1440	0.9653	0.1865
2.2220	1.0280	0.1930
2.3410	2.2740	0.2108
2.4410	2.8420	0.2329
2.1830	1.6090	0.1110
2.1310	0.2815	0.1636
1.3410	1.0690	0.0045
1.9490	0.6389	0.0701
1.9960	1.5210	0.1435
2.2150	1.3100	0.1636
2.2980	2.4920	0.1800
2.4110	2.4230	0.2283
2.4400	0.4688	0.2324
2.3050	2.2140	0.2111
2.4140	2.8920	0.2117
2.3400	0.3980	0.1795
2.3220	1.6410	0.2080
2.2190	1.5500	0.1360
2.2270	2.7130	0.1707
2.2160	3.8970	0.1393
2.2180	3.0030	0.0971
1.2990	0.2443	-0.0555
1.5330	0.1317	0.0655
1.3890	1.2670	-0.0334
1.8580	1.0820	0.0888
1.8860	0.0027	0.0534
2.0440	3.7270	0.1517
2.1570	0.8301	0.1675
1.7360	0.5673	0.0927
1.9730	2.9230	0.1376
1.9190	0.0209	0.1117
2.0930	1.6660	0.1538
2.0060	4.7270	0.1810
2.0100	0.3874	0.1127
2.0570	3.0160	0.0825
1.9340	2.8870	0.1419
2.0140	1.0400	0.1476
1.9710	0.4519	0.1070
1.9270	1.3940	0.0740
1.9820	3.7050	0.0823
2.0950	2.9710	0.1117
2.0030	1.4070	0.0876
2.0940	2.9590	0.0902
1.2860	0.2983	-0.0883
1.3010	0.0532	-0.0920
1.2860	0.1471	-0.0973
1.2360	2.1560	-0.0745
1.2450	0.8956	-0.0537
1.2500	0.2993	-0.0615
1.2690	0.1929	-0.0777
1.2870	0.2812	-0.0394
1.1990	0.3506	-0.0381
1.2250	0.2484	-0.0286
1.2130	0.0905	-0.0561
1.3420	1.5170	0.0002
1.2020	0.2833	-0.0711
1.2060	0.1300	-0.0431
1.2670	0.0865	-0.0063
1.4860	0.3656	0.0482
1.3910	0.7568	0.0316
1.7930	1.4090	0.0916
1.8320	0.8624	0.0923
2.3090	0.7484	0.1268
2.0740	2.3760	0.1039
2.2840	1.0170	0.1735
2.0720	0.3060	0.1387
2.2200	0.0648	0.1574
2.3530	1.0040	0.1318
1.9900	1.7020	0.1141
2.4750	1.3900	0.0833
2.4140	2.5420	0.1004
1.3190	0.7203	-0.0808
2.4070	1.9690	0.2111
2.2430	2.9840	0.1136
2.0740	4.1340	0.1807
2.3600	5.2680	0.1355
2.1550	2.3080	0.1162
2.1590	0.2975	0.1358
2.0960	0.0445	0.0672
2.4060	3.0990	0.2235
2.4200	0.7343	0.1300
1.2590	0.5903	-0.0193
2.2210	2.4830	0.1467
2.3330	0.2881	0.1514
2.2760	1.7650	0.1391
2.1250	1.5690	0.1143
2.3260	2.3790	0.1487
2.6930	3.2760	0.1773
2.6480	2.5270	0.1868
2.5020	3.9460	0.1242
2.6120	2.3710	0.1490
2.4470	4.0820	0.1029
2.3270	3.0640	0.1516
2.4090	0.3170	0.1422
2.3280	0.1567	0.1355
1.0310	0.0476	0.0301
2.3180	1.8290	0.1151
2.6070	0.9307	0.0886
2.6560	1.4970	0.0954
2.4360	1.9480	0.2275
2.4150	2.4080	0.2155
1.9790	1.5560	0.1177
1.5590	1.7540	0.0008
2.1830	1.0390	0.0950
2.2810	2.8950	0.1131
2.1830	4.4460	0.0925
2.1690	3.3230	0.1428
2.2280	0.6421	0.1985
2.1450	3.9560	0.1148
2.2240	5.1160	0.1287
2.1560	1.1430	0.1649
2.2460	2.5050	0.1705
2.0860	5.9460	0.1096
2.1410	0.4096	0.1051
2.2520	0.2513	0.1426
2.1270	2.1990	0.1202
2.0930	3.9380	0.1080
2.1950	2.4380	0.1230
2.3700	0.3001	0.1929
2.3750	4.4810	0.2112
2.4910	0.6144	0.2347
2.1280	0.9668	0.1371
1.9860	2.0810	0.0312
1.8900	1.1860	0.0450
1.8390	0.1084	-0.0230
1.7750	3.4740	0.0168
2.3130	3.1840	0.1528
2.3590	2.3600	0.1297
2.1860	0.8730	0.1202
1.2990	0.2503	0.0281
2.0890	2.5580	0.0839
2.0890	1.2450	0.0721
1.2950	1.3110	-0.0646
2.4070	0.2510	0.1422
2.2440	1.4040	0.1287
2.2600	3.4590	0.1609
2.3080	4.0080	0.1428
2.2920	3.7080	0.1491
2.1780	1.8050	0.1422
2.1260	2.7420	0.1586
2.3970	2.2380	0.1403
2.3050	3.0580	0.1345
2.4040	2.7060	0.1455
2.2630	3.7510	0.1280
2.1880	2.3440	0.1261
2.2920	2.5910	0.1390
2.1560	2.1680	0.1406
2.1230	3.0020	0.1077
2.1770	1.4160	0.1365
2.1860	3.1560	0.1447
2.0950	2.1370	0.1080
2.2250	3.5330	0.1471
2.5790	0.9932	0.0974
2.6580	3.2470	0.1050
2.2600	1.1870	0.0945
2.4250	1.5550	0.1720
2.5890	0.2095	0.1791
2.4970	3.2590	0.1786
2.4400	2.7430	0.0798
2.3250	1.0160	0.1960
2.5490	2.0650	0.1917
2.7150	2.4140	0.1788
2.3900	3.3640	0.1669
2.4430	0.1617	0.1518
2.7360	4.9740	0.0552
2.3670	0.4396	0.0947
2.3480	2.4810	0.1455
2.5840	1.6240	0.1341
2.5300	3.8050	0.0477
2.3400	3.8310	0.0975
2.6310	2.7500	0.0747
2.2080	0.9764	0.1533
2.1160	1.0090	0.1573
2.1950	0.5973	0.1420
2.3180	0.7927	0.1387
2.5290	0.7038	0.1230
2.3430	2.6910	0.1553
2.4420	0.0851	0.1041
2.5060	1.3960	0.1445
2.3920	1.6120	0.1355
2.0710	0.0650	0.1139
1.8300	0.0223	0.1087
1.2120	0.2502	0.0564
2.2610	5.0140	0.1238
2.2070	3.5570	0.1401
1.9230	0.3608	0.1024
2.3770	1.7620	0.1054
1.6460	1.6680	0.0500
2.4870	4.2670	0.1352
2.2380	4.7270	0.1332
2.4720	2.4910	0.1471
2.3410	3.9020	0.1433
2.4630	3.9720	0.1022
2.5210	2.4080	0.0661
2.2030	4.7950	0.1377
2.5830	1.1440	0.1104
2.7010	0.6596	0.0853
2.8700	0.8931	0.0644
2.4810	2.9670	0.0878
2.2340	4.4680	0.0730
2.4640	0.1360	0.1575
2.3770	1.9410	0.1974
2.4600	1.5290	0.1451
2.3930	3.2240	0.1968
2.5660	1.2150	0.2165
2.4970	0.6309	0.2240
2.5370	0.7012	0.2284
2.0170	1.1310	0.1929
2.5050	0.0946	0.2475
2.7090	1.0390	0.2282
2.3700	1.9650	0.1956
2.0890	1.5400	0.0612
2.2260	1.1450	0.1482
1.8410	2.3810	0.1538
1.8780	2.8400	0.0908
1.4370	1.0620	-0.0380
2.1080	1.3230	0.0917
2.0340	1.1820	0.1028
2.2520	2.9280	0.0952
2.3280	2.2480	0.0716
0.9495	0.5557	-0.0726
0.7242	0.1953	-0.0341
1.0070	0.4404	-0.0117
2.0990	5.6780	0.0919
2.1800	3.4520	0.0946
2.1000	3.3040	0.0977
2.2200	2.3580	0.1105
2.2610	3.0280	0.1118
2.2270	2.6170	0.1036
2.2550	1.9600	0.1048
2.3220	3.6500	0.1237
2.2840	4.9190	0.1066
2.2120	2.2320	0.1207
2.1430	3.1730	0.1286
2.2560	2.2470	0.1132
2.2500	0.6041	0.1865
2.2900	2.5870	0.2031
2.1850	2.1080	0.1740
2.1020	2.3820	0.1526
2.1290	1.0130	0.1906
2.0560	0.0609	0.1340
2.3060	0.5869	0.1202
2.3000	1.4140	0.1337
2.2900	0.8112	0.1136
2.2030	4.0430	0.1194
2.0860	0.5999	0.1275
2.2100	2.6290	0.1370
2.2990	4.0100	0.1482
2.1080	4.8940	0.1674
2.1270	2.4800	0.1335
2.1940	3.4170	0.1543
2.2090	2.2520	0.1711
2.3060	3.1660	0.1692
2.0770	3.4510	0.1084
2.1010	3.9510	0.0993
2.1030	2.9570	0.1100
2.0780	4.8930	0.1116
2.0890	2.8160	0.1050
2.1820	0.9337	0.0977
2.2130	1.9090	0.1088
2.2350	2.1460	0.1306
2.1640	2.9590	0.1250
2.1110	0.2732	0.1136
2.2260	0.6068	0.1562
2.1630	1.5540	0.1490
2.1900	0.5927	0.1376
2.1080	2.2270	0.1110
2.0800	0.2806	0.0798
2.1110	0.8440	0.0947
2.1980	0.9917	0.1084
2.2190	2.5260	0.1162
2.0940	0.9389	0.1103
2.1650	1.2230	0.1057
2.1780	1.5510	0.1384
2.1820	2.9400	0.1357
2.2660	3.5980	0.1739
2.2050	3.5810	0.1545
2.2380	3.6550	0.1630
2.4390	2.8450	0.2080
2.5070	0.4543	0.2235
2.4850	2.1550	0.2238
2.2680	1.5000	0.1887
2.4400	4.1130	0.2114
2.5050	0.1006	0.2429
2.4350	3.2440	0.2291
2.4730	2.8640	0.2371
2.0760	2.1070	0.0803
2.1060	2.2140	0.1046
2.1780	0.5605	0.1517
2.1320	2.4170	0.1302
2.0910	0.7957	0.0913
2.0880	1.9800	0.1135
2.0490	2.1430	0.0448
2.2580	4.7750	0.1888
2.2380	2.9610	0.1652
2.1950	0.0717	0.1829
1.9160	1.8840	0.0265
1.8660	1.5660	-0.0232
1.7680	1.5510	0.0171
2.2260	0.3007	0.1576
2.0410	4.3400	0.0262
1.7480	2.5860	-0.0469
1.6080	3.3260	-0.0736
1.4660	0.3302	-0.0841
1.4380	2.1290	-0.0731
2.2620	2.2540	0.1562
2.2270	1.8240	0.1487
2.4250	4.0220	0.1390
2.4220	1.2840	0.1279
2.3520	3.8950	0.1448
2.2040	3.4330	0.1383
2.1440	0.9991	0.1135
2.3210	2.8490	0.1226
2.1350	0.3381	0.1043
2.3190	1.7170	0.1126
2.0020	0.1822	0.0958
1.5940	1.2130	0.0676
1.8450	0.8783	0.0787
1.7560	0.8881	0.0607
1.1240	0.0872	-0.0208
1.7220	1.9070	0.0494
2.2300	2.6800	0.1017
2.1080	0.4901	0.0869
2.3190	1.1190	0.1097
2.1160	1.4380	0.0789
1.7200	1.6390	0.0373
1.9990	1.9940	0.0365
1.3590	1.4210	-0.0293
1.7500	2.5380	0.0284
1.5840	0.5054	-0.0511
1.2740	1.9720	-0.0983
2.2480	0.4076	0.1340
2.1070	0.4949	0.1130
2.3990	1.7690	0.1319
2.3180	0.3961	0.1296
2.3230	2.1360	0.1366
2.3730	0.7786	0.1489
2.3130	2.7240	0.1409
2.3190	1.1060	0.1472
2.4130	2.4170	0.1381
2.2790	1.2060	0.1590
2.2660	2.9540	0.1556
2.2290	0.1096	0.1520
2.2260	0.3777	0.1569
2.2260	2.6500	0.1455
2.3990	2.7670	0.1450
2.3380	2.4460	0.1560
2.4110	2.7950	0.1391
2.3100	0.9095	0.1425
2.2310	2.9030	0.1445
2.1950	3.3520	0.1564
2.2680	3.7530	0.1593
2.2040	2.4470	0.1446
2.2080	0.6773	0.1469
2.1350	0.9674	0.1554
2.1310	2.2470	0.1398
2.0650	0.3298	0.1557
2.2320	2.0460	0.1376
2.1640	1.4680	0.1372
2.2800	2.0480	0.1443
2.2520	2.5360	0.1394
2.3390	2.7690	0.1350
2.3520	1.6730	0.1353
2.3470	1.4640	0.1354
2.3390	1.0650	0.1548
2.3250	1.8730	0.1504
2.3070	2.6040	0.1539
2.3280	3.7510	0.1437
2.2890	3.5720	0.1311
2.3670	1.9440	0.1354
2.3000	1.6120	0.1365
2.4240	0.6278	0.1426
2.3410	2.2170	0.1345
2.2110	2.8030	0.1215
2.2240	2.4570	0.1236
2.2360	3.2650	0.1335
2.1590	1.2250	0.1151
2.1460	1.7360	0.1193
2.1190	1.0100	0.1163
2.2150	1.7810	0.1365
2.0700	0.6583	0.1372
2.2620	2.9340	0.1395
2.3300	1.8560	0.1346
2.3280	0.6399	0.1388
2.3610	1.7580	0.1440
2.3030	2.9090	0.1433
2.1890	3.1060	0.1282
2.2160	2.1500	0.1385
2.0840	0.1662	0.1045
2.1620	3.1020	0.1161
2.1400	1.8970	0.1258
2.1600	3.6880	0.1107
2.1050	3.7520	0.1282
2.2670	2.9810	0.1463
2.2990	0.4755	0.1498
2.2150	2.1990	0.1407
2.1760	0.3551	0.1423
2.0570	0.6733	0.1325
2.1860	2.7190	0.1500
2.2800	2.8800	0.1531
2.0780	2.4540	0.1081
2.0460	3.5600	0.1370
2.1020	4.8920	0.1279
2.2180	1.6360	0.1044
2.2130	3.9390	0.1107
2.3240	3.6820	0.1035
2.4990	3.0960	0.1092
2.2550	3.0480	0.0899
2.2770	3.4070	0.0989
2.6890	2.1710	0.0994
2.8040	2.3580	0.1167
2.8010	1.9270	0.1220
2.1560	1.3400	0.1009
2.2430	3.9610	0.0970
2.1030	1.0250	0.0998
2.1960	1.2330	0.0956
2.3060	3.2340	0.1214
2.5830	2.2800	0.1201
2.5780	2.6660	0.1727
2.4500	2.7400	0.0919
2.3700	1.3530	0.1273
2.3880	5.8710	0.1529
2.4310	2.9620	0.1814
2.6200	1.0980	0.1905
2.3000	3.5740	0.1710
2.3740	2.9110	0.1749
2.4330	2.5580	0.1788
2.5170	2.2180	0.0945
2.4990	2.1510	0.1145
2.5740	3.3230	0.1834
2.6940	0.0673	0.0954
2.6840	4.0610	0.1015
2.5230	2.8360	0.1535
2.5410	2.1230	0.0744
2.5400	1.0150	0.1867
2.5560	1.5990	0.1968
2.3080	4.0000	0.1937
2.3450	0.1181	0.1831
2.3520	0.9727	0.1985
2.5180	2.2570	0.1948
2.5270	3.0280	0.1972
2.6600	1.7590	0.1764
2.6490	0.3778	0.1646
2.6110	1.4240	0.1928
2.6640	1.9280	0.1877
2.6690	1.7140	0.1879
2.6470	0.6662	0.1765
2.5160	4.9830	0.1597
2.4800	4.1480	0.1784
2.5610	2.5380	0.1800
2.4130	4.7200	0.1614
2.3860	4.1510	0.1394
2.3600	0.3949	0.1359
2.4500	3.2800	0.0980
2.4180	2.7040	0.1029
2.4990	3.5650	0.0668
2.5960	2.7220	0.0643
2.4880	3.7310	0.0843
2.5410	2.8910	0.0712
2.3750	3.9210	0.0909
2.4150	0.6117	0.1525
2.5370	0.2586	0.1180
2.3350	3.8890	0.1359
2.3510	3.1560	0.1425
2.4490	2.3830	0.1428
2.4580	5.0770	0.1433
2.6550	4.5250	0.1409
2.7160	3.3850	0.0468
2.6390	3.0850	0.0649
2.5380	1.8820	0.0525
2.5250	2.1740	0.0719
2.4980	1.4160	0.1042
2.6020	2.9280	0.0551
2.5630	0.7546	0.0884
2.4870	2.7480	0.1314
2.3800	2.6870	0.0629
2.4450	2.8130	0.0627
2.3610	0.1988	0.0752
2.5560	0.6888	0.0738
2.0740	3.4280	0.1478
2.0400	1.6590	0.1538
2.2220	3.5420	0.1507
2.1760	2.9250	0.1446
2.1640	0.5428	0.1551
2.2670	1.5340	0.1556
2.2640	1.4030	0.1564
2.2390	2.5930	0.1470
2.2180	1.3270	0.1569
2.2930	2.1820	0.1291
2.2860	2.4340	0.1311
2.2790	2.4040	0.1335
2.2680	2.3510	0.1509
2.3200	0.8023	0.1457
2.1880	3.0320	0.1528
2.2500	2.4620	0.1409
2.3430	2.0150	0.1260
2.3920	3.3110	0.1300
2.4110	3.2530	0.1425
2.4250	2.6250	0.1153
2.5920	2.4980	0.1007
2.5590	0.4610	0.0980
2.0900	2.8470	0.1589
2.3340	3.8610	0.1544
2.2460	0.4443	0.1577
2.2320	3.6000	0.1593
2.3200	2.1800	0.1537
2.5250	0.9506	0.1291
2.4220	2.9960	0.1485
2.4420	1.6010	0.0911
2.5350	0.5950	0.1115
2.5480	1.5010	0.1289
2.4760	3.0150	0.1148
2.5500	0.3495	0.1387
2.3990	0.6891	0.1512
2.3380	0.9374	0.1453
2.4180	2.3050	0.1507
2.4980	0.9745	0.1470
2.4130	0.9388	0.1271
2.2910	0.5662	0.1285
2.1570	0.5105	0.1180
2.2580	3.7830	0.1212
2.1490	1.0090	0.1177
1.8460	3.0760	0.0883
1.8100	1.2550	0.1104
1.5080	0.8371	0.0710
2.1680	0.7217	0.1382
1.8730	0.2900	0.1032
1.5470	1.1920	0.0883
1.4340	0.6302	0.0761
0.9839	0.0014	0.0338
2.3060	4.4950	0.1122
2.2830	4.7920	0.1323
2.3270	1.8430	0.0923
2.3090	1.9020	0.0975
2.2270	4.5740	0.1380
2.2600	1.5700	0.1369
2.1940	1.3290	0.1393
1.8650	0.4838	0.1056
1.4680	0.6475	0.0685
2.1270	0.8866	0.1346
2.0870	2.1490	0.1290
2.2140	1.5390	0.1272
1.8250	1.3110	0.0789
1.2140	0.2563	0.0346
2.3980	1.1140	0.1304
2.1980	0.6972	0.1083
2.1220	0.4532	0.0862
2.3700	2.2600	0.1030
2.1060	1.2660	0.0868
2.4630	2.1950	0.1259
2.2980	4.3060	0.1401
2.4640	0.8079	0.1419
2.4970	0.0092	0.1197
2.4330	1.5440	0.1366
2.3840	3.5160	0.1407
2.2410	3.9450	0.1207
2.3230	0.4615	0.1329
2.4080	2.4220	0.1422
2.3030	4.2320	0.1114
2.4140	2.3810	0.1331
2.5530	0.7394	0.1485
2.4230	4.0890	0.1391
2.3340	4.1550	0.1374
2.4970	0.2507	0.1441
2.5050	1.8030	0.1459
2.4710	1.7050	0.1438
2.3000	2.7160	0.1330
2.4100	0.8103	0.1025
2.3240	2.9420	0.1444
2.3090	0.5910	0.1327
2.4060	3.2830	0.1145
2.1840	0.2388	0.1067
2.2360	4.4410	0.1430
2.2510	2.0280	0.0692
2.1640	2.2340	0.0839
2.2600	1.3800	0.0877
2.6440	1.7780	0.0874
2.2920	1.9120	0.1170
2.5810	4.4000	0.0970
2.4030	0.5816	0.0907
2.4270	0.1420	0.1184
2.5190	3.5730	0.1012
2.6450	0.9801	0.0988
2.5850	0.9916	0.0945
2.6610	4.1760	0.0869
3.0930	3.2940	0.0554
2.8620	3.0110	0.0828
2.7600	1.6180	0.0668
2.9150	2.8250	0.0648
2.7260	4.2640	0.0740
2.5650	2.3590	0.0851
2.6270	0.4571	0.0852
2.5640	3.9100	0.0933
2.6010	1.1980	0.0772
2.2700	3.5940	0.0821
2.2570	4.4250	0.0840
2.0250	1.5130	0.0847
2.4080	1.3740	0.1384
2.1940	3.7550	0.1617
2.5110	2.3120	0.1033
2.4690	3.1340	0.1213
2.4620	1.5200	0.1669
2.4500	2.5150	0.2103
2.4800	1.1000	0.2306
2.4750	1.4440	0.1186
2.5330	2.6100	0.1118
2.4450	3.0270	0.1272
2.4410	1.7050	0.1540
2.5170	1.3270	0.1692
2.4220	2.8990	0.1970
2.3810	3.3080	0.2187
2.4860	3.3130	0.1449
2.4560	2.0720	0.1716
2.5360	1.9590	0.1845
2.3880	4.2600	0.2027
2.4330	3.7010	0.2178
2.3910	3.6100	0.1915
2.3860	3.1600	0.1990
2.3360	1.3970	0.2022
2.4740	1.2710	0.2184
2.4680	1.9560	0.2168
2.4700	1.7790	0.2144
2.5170	0.8134	0.2240
2.5020	0.2097	0.2244
2.3460	3.8480	0.2120
2.2540	3.7940	0.2098
2.1650	2.3150	0.2112
2.3140	1.3180	0.2249
2.4610	3.2420	0.2294
2.0060	0.9124	0.1338
2.1720	1.5090	0.1844
2.4510	3.0400	0.2344
2.4970	1.1600	0.2544
2.6030	2.1800	0.2310
2.3060	0.4600	0.2131
2.5800	0.6050	0.2371
2.6330	1.7310	0.2383
2.5410	3.6510	0.2263
2.3170	0.4304	0.2096
2.6860	2.9170	0.2218
2.3360	1.7790	0.2053
2.4770	0.9664	0.2215
2.3440	2.3960	0.1965
2.4300	2.7380	0.2147
2.4210	2.6310	0.2045
2.3680	2.7110	0.2010
2.2220	0.9782	0.1019
2.3100	1.9470	0.1828
1.6050	0.2106	-0.0126
1.8810	2.2840	0.0324
2.2270	1.9710	0.1178
2.1390	2.0870	0.1197
2.0210	1.0560	0.1356
1.9980	2.2140	0.1813
2.0300	0.5496	0.1919
2.2720	1.9500	0.1800
1.9360	0.5192	0.1516
1.8540	2.2050	0.1260
1.8990	2.6110	0.1776
1.9630	1.6600	0.1018
1.8120	0.2346	0.1253
1.9010	3.4980	0.1275
1.8760	3.6180	0.0878
1.3570	0.1379	-0.0599
1.8230	0.7683	0.0320
1.4500	2.5930	-0.0328
1.8700	1.5180	0.0643
1.9000	1.2160	0.0551
2.1420	2.0790	0.0902
2.0550	4.0700	0.1015
1.7600	1.6530	0.0543
2.1680	2.2260	0.1149
2.0050	0.5168	0.0806
2.1840	1.3750	0.1177
2.1950	5.6890	0.1463
2.2140	2.2620	0.1341
2.3260	2.0310	0.0917
2.1880	1.5830	0.0751
2.1440	2.3640	0.0865
2.2030	0.0803	0.0860
2.3390	3.2160	0.0698
2.4870	4.5930	0.0719
2.1590	1.8010	0.0750
2.2850	1.4800	0.0623
1.9510	3.8580	0.0730
1.1640	3.1390	-0.0808
0.9222	0.2230	-0.0755
1.0070	0.9826	-0.0852
1.1930	2.2480	-0.0627
1.1420	1.4920	-0.0508
0.7773	0.2233	-0.0335
0.8105	0.1066	-0.0600
1.0780	0.0350	0.0241
0.7591	0.2369	-0.0066
0.7890	0.2035	-0.0034
0.9164	0.3012	-0.0461
1.2480	1.9750	-0.0261
0.7961	0.0160	-0.0563
0.8097	0.0302	-0.0271
0.9132	0.0150	0.0028
1.5150	0.0202	0.0250
1.2980	1.1490	0.0220
1.8400	0.9605	0.0692
