1.5560	0.1362	-0.0203
1.7950	0.8841	0.2547
1.9210	2.4560	0.1993
2.0130	0.3310	0.2564
1.9330	3.3290	0.1878
1.8480	0.4150	0.2315
2.0400	0.8083	0.2395
2.1080	1.9680	0.2752
1.9750	1.3330	0.1736
1.7080	3.5210	0.2018
1.4700	1.8900	-0.0582
1.7400	1.2600	0.2754
1.9660	2.6390	0.2112
1.6990	4.3960	0.2743
2.1020	4.3670	0.2263
1.9290	0.3629	0.1965
1.8470	2.7220	0.1329
1.9210	0.1911	0.1352
1.8570	0.8488	0.1772
1.9220	1.1360	0.2161
1.4080	0.3209	-0.0740
1.9270	1.2430	0.2327
1.9220	1.7060	0.1942
1.8570	1.8300	0.2032
1.9770	1.8930	0.2373
1.8820	0.1376	0.1886
2.0370	3.1300	0.2492
2.3070	2.1130	0.2623
2.1170	3.2140	0.2285
2.1760	2.5330	0.2127
2.0110	4.3130	0.1988
1.8970	1.4780	0.1828
1.7840	1.6940	0.1127
1.8800	0.2696	0.1584
1.1570	0.7781	-0.0076
2.0170	0.8146	0.2642
1.9590	1.2500	0.3177
2.2640	2.6710	0.2846
2.1210	1.4210	0.2974
2.0320	1.6160	0.2976
2.2800	1.5130	0.2289
1.6520	2.2990	0.0668
1.9470	1.3360	0.1781
2.0700	1.7150	0.2299
2.0460	5.4040	0.2037
1.9490	3.0300	0.2603
1.6920	1.6690	0.2824
2.0790	3.5360	0.2829
2.1680	2.9000	0.2880
1.8420	1.8310	0.2601
2.0980	2.1000	0.2674
1.8590	2.0070	0.1872
1.8460	0.4437	0.1696
1.9110	0.0618	0.2198
1.9190	2.1680	0.1913
1.9050	2.5160	0.1855
1.8620	3.3460	0.1775
1.8830	2.4240	0.2318
1.9060	3.2340	0.1610
1.7850	0.8183	0.2609
1.8450	0.1452	0.2036
1.8520	2.7130	0.0923
1.9220	3.9580	0.0116
1.7590	0.1924	0.0207
1.9540	3.2940	0.0043
1.8150	2.7180	0.2492
1.8360	2.8820	0.1971
1.7760	0.4324	0.1094
1.2880	0.7549	-0.0815
1.7330	2.3040	0.0912
1.7670	2.3830	0.0894
1.4740	0.6782	-0.0882
1.9500	1.8620	0.2150
1.7870	2.3880	0.1280
1.8740	2.1660	0.2431
1.8960	2.6680	0.2520
1.9280	2.6560	0.2296
1.9340	1.2680	0.2019
1.8910	1.7110	0.1953
1.9880	1.3660	0.1989
1.8920	0.2453	0.1898
2.0080	1.7830	0.2129
1.9540	1.1210	0.1975
1.7930	2.2940	0.2069
1.8270	3.2870	0.1984
1.9850	0.2620	0.2036
1.9300	1.1950	0.2242
1.6680	2.4370	0.2247
1.6610	3.0240	0.2153
1.9050	0.5243	0.2144
1.8020	4.2930	0.2006
2.2500	1.6230	0.2419
1.9080	1.3280	0.2135
2.1470	1.4160	0.2393
2.0870	1.5200	0.2541
2.1120	1.8560	0.2620
2.1160	1.5710	0.2352
1.8300	2.1090	0.2154
2.2530	2.1100	0.2466
2.2890	1.4350	0.2420
2.1450	2.6370	0.2340
2.1040	3.8410	0.2569
2.1040	1.9040	0.2356
2.1410	1.5190	0.1944
1.8210	1.7380	0.2120
2.0910	1.5610	0.2368
2.1060	2.2370	0.2239
2.1680	4.2200	0.1651
1.9550	3.4830	0.1658
2.0440	3.3930	0.1892
2.0560	2.0260	0.1971
1.9310	2.4450	0.1941
1.9150	2.0070	0.2029
1.9640	0.0505	0.2034
1.9600	1.2290	0.1884
1.8740	2.1810	0.1843
1.9580	1.8280	0.1646
1.9250	0.7374	0.1722
1.9180	0.1659	0.1600
1.5920	0.1730	0.0261
1.5180	0.0382	0.0051
1.1500	0.8081	-0.0866
1.8510	4.9390	0.1658
1.6920	2.2700	0.1289
1.5660	0.0314	0.0792
1.8920	0.5046	0.1794
1.6100	0.4378	0.0945
2.1400	1.3720	0.2189
1.9360	3.2660	0.2781
2.1140	0.0922	0.2011
2.1560	3.1230	0.2324
2.0170	1.7980	0.2524
2.1470	1.1210	0.2874
2.0010	4.4550	0.3324
2.0400	0.5069	0.2929
1.9910	3.2180	0.3028
1.9990	1.3360	0.2839
1.9400	1.8840	0.2968
2.0510	2.0210	0.2576
2.0930	0.1997	0.3213
2.1710	1.8550	0.3147
2.1760	1.4420	0.3030
2.2400	0.2748	0.2881
1.9000	1.8030	0.2647
1.7640	0.6627	0.3000
1.7710	0.2170	0.2990
2.2370	2.3910	0.2931
2.0090	2.3200	0.2916
1.7590	2.5230	0.2822
1.9350	1.1940	0.2777
1.7830	1.2990	0.1136
1.9890	2.4890	0.1888
2.1980	2.0250	0.2653
2.2190	1.9320	0.2674
1.4570	1.3840	-0.0209
2.1930	0.0427	0.1940
1.7450	3.4590	0.2389
2.1670	3.6840	0.2728
2.2020	2.3100	0.2528
1.1940	0.2118	-0.0723
1.1030	0.7329	-0.0693
1.2220	0.4793	0.0145
1.9430	5.3700	0.1842
2.0210	3.2750	0.1871
1.9730	4.1900	0.2014
1.9600	1.8960	0.1824
2.0350	2.2500	0.2245
2.0240	2.5460	0.1919
2.0550	3.3700	0.1986
2.1050	1.3340	0.2291
2.0930	5.6830	0.2095
1.9920	2.5970	0.2456
2.0350	3.3240	0.2737
2.0710	1.9460	0.2592
1.7890	0.9150	0.2708
1.7190	1.9280	0.2805
1.8080	0.0891	0.2783
1.8600	0.5395	0.2825
1.6850	2.9610	0.2811
1.9200	1.4860	0.2825
2.1490	1.9460	0.2670
2.1630	0.0737	0.2599
2.1200	1.0780	0.2671
2.1430	2.6170	0.2920
1.9480	1.7640	0.2789
2.1500	0.3315	0.2768
2.1110	2.6940	0.2522
1.7610	3.9300	0.2656
1.9960	3.1100	0.2727
1.9930	2.7010	0.2680
1.9560	0.5778	0.2578
2.0530	3.7140	0.2643
1.8890	2.2890	0.1928
1.8830	3.3730	0.1762
1.9310	4.6070	0.1888
1.9170	4.0020	0.1837
1.8740	1.5360	0.1762
1.8680	0.3932	0.1705
1.8720	2.0640	0.1708
1.9150	4.0780	0.2071
1.9100	2.8790	0.2044
1.9150	0.1114	0.1952
1.8710	0.7308	0.2266
1.8910	0.9851	0.2146
1.9130	1.1420	0.2131
1.9110	1.3440	0.1893
1.8370	3.2470	0.1458
1.8370	2.4480	0.1487
1.8200	0.6182	0.1624
1.8930	3.4390	0.1933
1.8880	1.5560	0.1741
1.8330	0.9423	0.1568
1.8460	2.6440	0.1609
1.9310	3.0470	0.2294
1.8970	3.0540	0.1972
1.9000	2.9200	0.2145
1.8970	2.5780	0.2470
1.7940	1.2630	0.2616
1.7930	0.9674	0.2466
1.7350	0.9461	0.2755
1.8950	2.5490	0.1606
1.8770	1.8040	0.2070
1.8030	0.2226	0.2164
1.8430	0.4305	0.1644
1.8330	1.7520	0.2338
1.8420	2.6840	0.1541
1.8550	2.1250	0.0947
1.8360	0.4262	0.2235
1.9120	1.1780	0.1940
1.9200	1.9310	0.1665
1.9020	0.3380	0.1704
1.8530	2.2650	0.1399
1.9180	3.3160	0.0700
1.9290	2.8160	0.0629
1.9190	3.2850	0.0810
1.8680	0.4194	0.0514
1.8430	2.9600	0.1029
1.9440	3.1960	-0.0138
1.9500	2.6970	0.0777
1.8810	0.7604	0.0870
1.8780	0.1176	0.0337
1.7880	0.3921	-0.0316
1.5930	3.6250	-0.0621
1.6300	4.4560	-0.0339
1.8240	1.3500	0.2424
1.7980	1.5140	0.2357
1.8800	2.9850	0.2398
1.8880	0.9419	0.2112
1.8270	3.5050	0.2325
1.7810	3.0250	0.2164
1.7950	0.8097	0.1710
1.8880	3.1960	0.1714
1.7890	0.3645	0.0971
1.8720	1.3820	0.1651
1.6060	0.4600	0.0342
1.3830	0.5875	-0.0608
1.6530	1.2370	0.0158
1.6230	1.0450	0.0025
1.2430	0.7571	-0.0807
1.5590	0.6966	0.0051
1.8010	2.4950	0.1494
1.8040	0.8997	0.1239
1.8350	0.6540	0.1589
1.7290	0.1174	0.0916
1.5580	1.0590	0.0085
1.7940	1.9440	0.0660
1.3900	0.0973	-0.0773
1.6300	0.2505	0.0004
1.6420	1.1200	-0.0345
1.4420	0.5528	-0.0839
1.7170	2.3170	0.1149
1.6260	0.2198	0.0523
1.9340	0.0234	0.2204
1.9120	0.2512	0.1794
1.9010	0.6719	0.1776
1.9460	1.3930	0.2061
1.9180	0.0168	0.1758
1.8730	2.5700	0.2537
1.9120	2.9090	0.2423
1.8500	1.4000	0.2401
1.8460	2.1040	0.2516
1.8750	1.9270	0.2525
1.8940	1.4750	0.2393
1.8960	1.6040	0.2485
1.9350	2.5120	0.2292
1.9370	2.9940	0.2124
1.9250	1.4940	0.2389
1.9110	2.3250	0.2449
1.9150	0.8915	0.2386
1.9240	2.2010	0.2102
1.8990	2.6980	0.1972
1.9370	1.2710	0.2205
1.9380	1.6960	0.2205
1.9400	0.1574	0.2026
1.9220	0.3780	0.1905
1.9160	2.4210	0.1916
1.9060	0.3600	0.1890
1.9460	2.3870	0.1863
1.9600	1.2150	0.2141
1.9520	0.5764	0.2010
1.9390	1.1500	0.1930
1.9210	3.8860	0.1974
1.9030	0.9200	0.1945
1.9200	2.4420	0.2301
1.9630	0.8429	0.2242
1.8990	1.8180	0.2315
1.9560	3.8750	0.2166
1.9630	2.3670	0.2039
2.0130	0.9041	0.1998
1.9110	0.4277	0.2006
2.0020	1.3350	0.2065
2.0120	1.6200	0.2011
1.9440	2.0060	0.1964
1.8510	2.1030	0.1992
1.8070	3.4080	0.2061
1.8860	1.2200	0.1942
1.8200	1.7330	0.1977
1.8610	0.8499	0.2057
1.9620	1.0780	0.1933
1.9620	2.0330	0.1942
1.8010	1.1780	0.2010
1.9010	0.6684	0.1954
1.9180	2.0810	0.1977
1.7590	1.6260	0.1956
1.8530	2.6710	0.1959
1.7780	2.9790	0.2180
1.7530	2.8830	0.2122
1.9170	1.5930	0.2110
1.8150	4.1420	0.2177
1.7530	2.2140	0.2275
1.9460	1.7880	0.2354
1.7160	1.5620	0.2312
1.6600	2.6900	0.2084
1.7530	3.3910	0.1997
1.6840	2.1910	0.2142
1.6190	3.6460	0.2227
1.7710	1.2410	0.2268
1.7610	0.4018	0.2067
1.8180	1.7080	0.1965
1.9560	0.2780	0.2293
1.8130	4.3200	0.2158
1.7960	4.9630	0.2032
1.7870	0.6933	0.2032
1.7700	0.2817	0.2010
1.9620	2.2310	0.2097
1.7410	3.8130	0.2039
2.1460	3.1030	0.2402
2.1040	3.4990	0.2272
2.1780	3.2710	0.2290
2.1310	3.2220	0.2489
1.9620	1.0770	0.2384
2.0850	1.4490	0.2332
2.1350	3.0050	0.2429
2.0110	1.7560	0.2175
2.1020	2.1590	0.2232
2.1230	0.3692	0.2305
2.1540	3.4460	0.2542
2.0760	3.4180	0.2557
2.2130	1.6380	0.2470
2.1760	3.2790	0.2484
2.0850	0.8756	0.2439
2.0710	2.8090	0.2592
2.1120	1.3670	0.2567
2.0790	2.8850	0.2532
2.0830	2.2440	0.2647
2.0660	3.0560	0.2579
1.8360	1.2910	0.2115
1.7320	3.0430	0.2073
1.9600	2.4340	0.2419
1.8990	1.8300	0.2307
1.8950	4.5070	0.2224
2.1490	3.3380	0.2283
2.0570	2.8630	0.2251
2.2930	0.9530	0.2503
2.1600	1.5820	0.2478
2.0390	1.2750	0.2515
2.2910	1.2750	0.2501
2.3500	1.1600	0.2443
2.3820	0.4753	0.2506
2.3260	1.7340	0.2426
2.2190	2.4930	0.2327
2.1630	1.0100	0.2296
2.2400	1.8040	0.2410
2.2430	2.6260	0.2355
2.1880	3.1100	0.2472
2.1170	1.0290	0.2350
2.1190	1.1570	0.2320
2.1680	1.4080	0.2635
2.1250	0.0575	0.2470
2.0910	3.8010	0.2401
2.0580	0.1883	0.2461
2.0570	0.6458	0.2349
1.8390	2.9310	0.2143
1.7240	2.6590	0.2070
2.0920	3.3590	0.2239
2.1060	0.7524	0.2113
2.0310	3.3920	0.2095
2.0990	3.4050	0.1927
1.9260	4.2770	0.2059
2.1220	1.4580	0.2342
2.1030	2.2840	0.2262
2.0530	0.5755	0.2339
2.1050	0.5467	0.2371
2.1090	1.9280	0.2341
2.1430	3.2220	0.2329
2.1420	2.6780	0.2182
2.1750	0.2130	0.1744
2.1140	0.1112	0.1772
2.1200	2.6550	0.2124
2.1810	2.4020	0.1942
2.1770	3.4990	0.1828
2.1290	0.7373	0.1707
2.0460	1.5620	0.1955
2.1090	2.5050	0.1887
2.0600	0.9494	0.1602
2.0320	1.2060	0.1688
1.9590	2.2100	0.1685
1.9980	1.3800	0.1813
1.9680	3.5520	0.1995
1.9340	1.2840	0.1921
1.9750	1.3330	0.1908
2.0180	3.6620	0.2010
1.9880	0.2066	0.1982
1.9910	1.8530	0.1925
1.9210	1.2360	0.1895
1.8600	0.5058	0.2010
1.9000	1.7360	0.1910
1.8170	4.4220	0.2035
1.8750	0.8878	0.2087
1.9200	2.4700	0.2131
2.0010	1.2010	0.1997
1.9230	1.5090	0.1950
2.0040	3.1250	0.1948
1.9700	0.9907	0.2053
1.9620	2.8120	0.2117
1.9140	2.0270	0.1980
1.8700	2.6580	0.1837
1.9600	1.8080	0.2041
1.9630	0.9703	0.1923
1.9900	1.1340	0.1852
1.8800	1.9080	0.1908
1.8900	2.2520	0.1801
1.8570	1.8270	0.1889
1.8580	2.5250	0.1902
1.8830	1.8080	0.1883
1.9140	0.8404	0.1791
1.9000	2.4640	0.1749
1.9690	1.5400	0.1712
1.9860	1.3420	0.1789
1.9610	2.1710	0.1686
1.8790	1.0730	0.1490
1.8860	1.5860	0.1547
1.8980	0.1718	0.1801
1.9080	0.7710	0.1766
1.9100	1.3130	0.1768
1.9390	1.0130	0.1707
1.8510	3.6870	0.1389
1.8500	0.2975	0.1441
1.7010	0.7430	0.0708
1.7520	3.9170	0.1063
1.6790	3.1680	0.0720
1.5570	0.0261	-0.0097
1.4870	0.0341	-0.0605
1.3360	0.5226	-0.0829
1.6760	1.0050	0.0639
1.5500	0.0565	-0.0080
1.3430	0.4031	-0.0588
1.2230	0.6273	-0.0110
1.0980	0.8644	-0.0360
1.8160	3.1780	0.1508
1.7290	4.6670	0.1135
1.9160	2.5530	0.1671
1.8510	1.5640	0.1628
1.7850	5.0550	0.1559
1.8400	0.8238	0.1661
1.7080	0.1210	0.1413
1.4570	0.9202	0.0452
1.2940	0.6171	0.0280
1.6040	1.0580	0.0837
1.6250	0.7176	0.1054
1.6910	0.5691	0.1237
1.5420	0.4778	0.0724
1.2810	0.6470	0.0272
1.9620	1.2710	0.1628
1.7710	0.2938	0.1212
1.7350	0.0905	0.1396
1.8480	1.9080	0.2084
1.7670	0.8125	0.1913
1.9570	1.4780	0.2298
1.8410	3.7350	0.2732
2.0690	2.2100	0.1946
2.0660	1.2290	0.2046
2.0510	1.5450	0.2370
2.0840	0.7124	0.2392
1.9780	0.9974	0.2708
1.9600	0.6700	0.1833
2.0140	2.2310	0.1840
1.9080	4.3150	0.1692
2.0410	1.8010	0.1919
2.1590	1.3720	0.2101
2.1720	1.4620	0.2280
2.0760	1.8600	0.2384
2.1390	1.6530	0.2137
2.1870	1.0870	0.2252
2.1780	0.0761	0.2309
2.0710	1.6030	0.2358
2.0160	0.7506	0.2619
2.1180	0.7247	0.2345
2.0430	3.6850	0.2329
2.0150	3.2550	0.2425
1.9840	4.7930	0.3041
1.8280	4.4780	0.3120
2.0070	0.6122	0.2811
2.0280	2.1050	0.2876
2.2260	3.5070	0.2999
2.2900	1.1360	0.2923
2.2190	0.9255	0.3149
1.9910	2.0330	0.2825
1.9920	4.0600	0.2840
2.0360	1.3570	0.2586
2.0080	1.9850	0.2717
1.9980	0.9379	0.3044
2.0130	2.2370	0.3135
1.9620	1.8670	0.3151
2.0980	0.4100	0.2863
2.1710	1.8970	0.2780
2.0420	2.2010	0.2923
1.9450	3.5200	0.2986
1.8840	1.3630	0.3033
1.9700	0.5473	0.2674
2.1480	0.1725	0.2644
1.9130	2.0540	0.3086
1.8710	2.9710	0.2862
1.9570	3.6120	0.2689
2.0400	3.1770	0.2805
2.0570	3.4580	0.2635
2.0770	1.0800	0.3069
2.0820	2.4000	0.2955
1.9620	1.5790	0.3190
1.9960	2.0770	0.3189
2.0880	0.9893	0.3215
2.1680	3.1160	0.3156
2.1130	1.2930	0.3153
2.0970	0.0425	0.3009
2.0400	1.0550	0.3171
2.0810	1.2340	0.2710
2.1670	2.1780	0.2818
2.2610	0.2361	0.2840
2.1810	0.0305	0.3103
2.2060	2.6990	0.2931
2.0740	0.1533	0.3159
2.2600	1.2660	0.3018
2.3960	1.6620	0.2757
2.1640	3.2180	0.2703
2.0630	2.0250	0.2766
2.3770	0.3482	0.2594
2.0700	5.0100	0.2529
1.8840	4.2840	0.2544
1.7280	1.5760	0.2862
1.6840	2.1930	0.2891
1.8930	0.4791	0.3062
1.9260	0.9113	0.3025
1.7740	0.6640	0.3018
1.6510	3.0200	0.2906
1.6500	2.8710	0.2895
2.2000	1.5480	0.2906
2.1740	0.2074	0.2985
2.0180	0.7984	0.2910
2.1890	1.1310	0.2884
2.1030	1.6290	0.3032
2.0540	0.7926	0.3079
2.0490	2.3370	0.2963
1.7580	1.5660	0.2915
1.6640	0.6825	0.2829
1.9050	1.2160	0.2910
1.8940	0.7378	0.2839
1.9170	0.0648	0.2801
1.7120	1.4470	0.2743
1.8210	1.3850	0.2740
1.7780	4.6660	0.2647
1.7700	1.0380	0.2861
1.8770	2.0210	0.2438
1.8360	1.3850	0.2731
1.8290	0.6490	0.2967
2.0410	1.1310	0.2967
1.9750	2.7910	0.1090
1.8930	1.2250	0.1827
1.4380	2.3870	0.0123
1.8300	1.0170	0.0640
1.9420	0.1343	0.1558
2.2800	1.1780	0.1984
2.2120	0.7451	0.2201
2.0990	1.5100	0.2707
2.1280	1.3400	0.2857
1.9890	2.3510	0.2385
2.2400	1.3700	0.2380
2.2820	0.2418	0.2454
2.2220	0.2404	0.2806
2.2580	1.6930	0.2529
2.2630	1.7030	0.2670
2.2620	2.0190	0.2814
2.1760	0.2356	0.2715
1.3870	1.9500	-0.0363
1.6260	0.3092	0.0605
1.5840	1.6490	0.0009
1.9950	0.3685	0.1352
1.9500	0.0109	0.0922
2.1450	3.1350	0.1656
2.2540	3.2230	0.2159
1.6710	0.9599	0.1597
1.9570	2.7340	0.2801
1.9310	2.5160	0.2100
1.7490	4.0360	0.2617
1.9100	5.4060	0.3278
2.0910	0.9389	0.3187
2.2440	4.2330	0.2907
2.1850	2.4450	0.2353
2.2030	0.8726	0.2421
2.1490	1.6880	0.2323
2.2060	1.3290	0.2576
2.2260	2.9280	0.2671
2.2050	1.5280	0.2581
2.1980	2.7250	0.2545
2.1610	1.5550	0.2598
1.3110	1.0640	-0.0609
1.2420	0.2366	-0.0947
1.2650	0.3137	-0.0885
1.3190	1.0510	-0.0537
1.3480	0.3459	-0.0257
1.1310	0.8115	-0.0959
1.1620	0.6638	-0.0956
1.1540	0.8701	-0.1014
1.0760	0.8521	-0.0634
1.1130	0.7784	-0.0365
1.1890	0.4057	-0.0371
1.4230	0.2736	0.0426
1.1380	0.5123	-0.0750
1.1440	0.6342	-0.0389
1.1700	0.6736	-0.0037
1.4990	0.1875	0.1071
1.3450	0.0790	0.0597
1.6200	0.0142	0.1625
1.8350	0.3707	0.0364
1.6690	3.6310	0.2117
1.8650	2.5340	0.1925
1.6590	0.5679	0.2603
1.6900	0.0040	0.1887
1.7180	2.0140	0.2518
1.8680	1.3680	0.2543
1.9820	2.2790	0.2922
1.8270	3.2770	0.1853
1.6950	3.4400	0.2082
1.2220	0.9142	-0.0680
1.4610	2.4010	0.2621
1.6390	2.5940	0.1932
1.4670	3.8270	0.2543
1.6420	7.0320	0.2376
1.7820	1.1530	0.2170
1.5540	3.0560	0.1472
1.5850	1.6690	0.1436
1.5080	0.7711	0.1912
2.0200	0.6594	0.2285
1.5880	0.2539	-0.0296
1.8600	0.9309	0.2672
1.8270	1.1860	0.1997
1.7460	1.7530	0.1950
1.8650	0.7423	0.2382
1.8730	1.2670	0.1749
1.9010	1.5670	0.2624
2.1540	1.2200	0.2505
2.0600	2.4360	0.2464
2.1680	1.7990	0.2262
1.8550	1.0220	0.1860
1.9320	2.3350	0.2080
1.9830	2.7220	0.1253
2.0960	0.1479	0.1714
1.1750	0.0959	0.0150
1.7250	3.7670	0.2552
2.1050	2.4370	0.3374
1.9910	1.9310	0.2823
1.8710	2.8430	0.2918
2.2220	2.5080	0.3180
1.9090	4.3520	0.2324
1.6290	3.0070	0.0381
1.7070	2.3800	0.1771
1.6340	1.0390	0.2194
1.7330	4.9050	0.1978
1.6800	2.6270	0.2337
1.4320	2.2540	0.2623
1.8020	2.7740	0.2356
1.8700	2.8640	0.2698
1.5790	1.0720	0.2459
1.8750	1.6620	0.2830
1.8410	4.4150	0.1873
1.7350	0.5866	0.1792
1.7580	0.7711	0.2365
1.7020	1.6310	0.2004
1.6830	3.3410	0.1961
1.6280	3.0350	0.1851
1.5680	2.2150	0.2428
1.4900	3.0120	0.1933
1.5000	2.1980	0.2609
1.6830	0.6228	0.2144
1.5160	1.2230	0.1303
1.4850	1.3400	0.0272
1.5000	1.9550	0.0501
1.5240	1.0210	0.0122
1.7810	0.6972	0.2834
1.8860	2.7100	0.2258
1.9990	0.5341	0.1232
1.6850	0.8389	-0.0305
1.9350	0.0064	0.1111
1.7900	1.7070	0.1196
1.2250	0.4284	-0.0607
1.9880	0.3642	0.2199
1.9750	3.7340	0.1468
1.7730	1.2860	0.2805
1.9060	2.4450	0.2687
1.8680	2.5480	0.2446
1.7690	0.7586	0.2213
1.6770	2.4500	0.1996
1.9190	0.5647	0.2302
1.6990	1.2990	0.1925
1.9060	1.6040	0.2522
1.8460	1.5410	0.2096
1.8240	2.6760	0.1855
1.6160	3.7540	0.1825
1.7750	0.1081	0.1860
1.8840	1.4270	0.2103
1.6810	0.2439	0.1989
1.6870	2.4830	0.2126
1.7590	1.8420	0.2179
1.6280	3.0550	0.1951
1.8890	0.2681	0.2404
1.8040	2.1900	0.2196
1.7780	1.6740	0.2324
1.8040	3.0140	0.2611
1.8240	2.3660	0.2798
1.8490	2.4500	0.2354
1.7250	2.0490	0.2153
1.8870	0.3528	0.2516
2.0820	1.0240	0.2482
2.2020	0.9814	0.2479
1.8240	2.5930	0.2553
2.0270	0.6166	0.2520
1.8420	2.7160	0.2045
1.6260	1.9750	0.1998
2.0200	1.0870	0.2520
2.1480	1.7500	0.2384
1.9410	3.1240	0.1874
1.8210	1.5660	0.1923
1.8900	3.9380	0.1813
2.0220	0.3800	0.2051
1.7120	1.4390	0.1974
1.6260	0.0168	0.1778
1.8490	3.0130	0.1842
1.9410	2.9690	0.1832
1.7990	2.3430	0.1951
1.8680	0.7382	0.1725
1.9820	0.6042	0.1851
1.9280	0.3270	0.1691
1.8240	0.6523	0.0556
1.6090	0.5790	0.0381
1.4210	0.3227	-0.0429
1.7990	4.5700	0.1866
1.8110	0.7440	0.1447
1.7360	1.3990	0.0905
1.8410	0.4223	0.1698
1.6610	3.1230	0.1062
1.8660	2.5200	0.2176
1.6840	5.6780	0.2324
2.1110	0.5646	0.2164
1.9110	2.8600	0.2455
1.8470	1.5640	0.2666
1.8550	3.9100	0.2665
1.7200	5.4380	0.2617
1.8050	1.8310	0.2990
2.0230	2.2580	0.3050
2.2410	3.3030	0.3051
2.1540	2.2510	0.3287
2.1570	4.1340	0.2795
1.9620	3.0180	0.3179
1.9680	2.4490	0.3101
1.8600	0.0084	0.2912
2.0780	3.3380	0.2683
1.8260	2.8080	0.2701
1.6230	0.0485	0.2829
1.6920	0.6072	0.2984
1.9420	0.0162	0.3034
2.0120	1.2200	0.3173
1.8380	1.2920	0.2913
1.9570	0.7719	0.2653
1.6260	0.6366	0.0875
1.7950	1.6570	0.1884
1.9730	0.9343	0.2818
1.9780	2.7410	0.2682
1.3550	1.4200	-0.0422
1.8600	1.7040	0.1701
1.6760	3.8950	0.2165
2.0060	2.6780	0.2494
2.1060	3.6060	0.2549
0.8604	0.1394	-0.0571
0.8608	0.3270	-0.0388
1.2010	0.4144	0.0254
1.8120	5.0100	0.1833
1.7250	4.6460	0.1833
1.8300	3.4620	0.1961
1.6060	1.9490	0.1772
1.6420	2.2030	0.2037
1.5990	2.8710	0.1852
1.6060	4.3170	0.1946
1.6390	2.4430	0.2341
1.6160	6.8850	0.2080
1.7300	3.5720	0.2153
1.7400	2.9280	0.2320
1.7620	2.3670	0.2196
1.5250	0.1608	0.2547
1.4440	3.0590	0.2625
1.5280	2.9180	0.2523
1.5830	1.8620	0.2490
1.4460	0.8468	0.2607
1.6390	1.2900	0.2474
1.7750	0.5495	0.2572
1.7820	0.6469	0.2698
1.7750	2.4710	0.2343
1.8520	2.5490	0.2543
1.6710	1.1280	0.2498
1.8710	0.9038	0.2784
1.8450	4.3510	0.2721
1.4900	6.0540	0.2460
1.6820	1.3890	0.2545
1.7290	3.3030	0.2630
1.6310	0.2809	0.2543
1.7180	1.4560	0.2711
1.8660	3.5970	0.1873
1.8200	3.5990	0.1794
1.8260	5.7840	0.1999
1.7750	4.6650	0.1980
1.8080	2.2030	0.1842
1.7410	0.4143	0.1749
1.6260	1.8310	0.1725
1.7730	3.4260	0.2292
1.7330	2.7350	0.2173
1.7520	0.2896	0.2132
1.7330	0.6898	0.2409
1.7230	2.0570	0.2200
1.7260	0.3727	0.2214
1.6770	1.7640	0.1992
1.5700	2.2770	0.1632
1.5860	1.4670	0.1589
1.6400	1.3220	0.1711
1.6360	3.3070	0.1879
1.7250	0.5931	0.1866
1.6260	0.9911	0.1681
1.5930	3.1720	0.1746
1.6820	3.3600	0.2179
1.5810	3.0990	0.2145
1.6410	3.0730	0.2212
1.6090	2.1240	0.2402
1.5090	1.4750	0.2597
1.4740	1.0920	0.2562
1.4830	2.0370	0.2626
1.5320	2.9600	0.1774
1.5210	2.5340	0.2306
1.4690	1.8100	0.2378
1.4720	1.4300	0.1954
1.5050	1.9790	0.2420
1.6330	2.2450	0.1707
1.5260	3.6830	0.1295
1.7110	1.7610	0.2391
1.6960	1.1390	0.2004
1.6540	0.8366	0.1758
1.6450	0.1966	0.1801
1.5350	1.5630	0.1495
1.4780	1.7980	0.1045
1.5210	2.8950	0.0925
1.4950	0.3012	0.1142
1.4910	3.8380	0.0820
1.5000	0.1781	0.1098
1.5240	1.1810	0.0017
1.5710	3.4180	0.0940
1.5590	1.7170	0.1024
1.4480	1.6260	0.0472
1.3970	3.3530	-0.0058
1.3360	0.7125	-0.0366
1.2990	4.3740	-0.0375
1.7180	1.5000	0.2741
1.7040	1.8370	0.2658
1.8990	2.9130	0.2634
1.9670	1.1000	0.2350
1.8490	3.0030	0.2641
1.7050	2.4960	0.2454
1.7140	3.0570	0.1968
2.0850	2.5280	0.1782
1.9970	0.8152	0.1127
2.0330	1.1560	0.1779
1.8780	0.4218	0.0764
1.8250	1.5610	0.0000
1.8820	0.1006	0.0545
1.8400	0.8723	0.0405
1.4860	0.4159	-0.0359
1.7550	0.4471	0.0430
1.8700	2.1380	0.1775
1.6940	0.4709	0.1514
1.9600	0.8058	0.1798
1.8630	1.2470	0.1160
1.6650	0.1333	0.0375
1.6280	2.9070	0.0958
1.3080	1.3670	-0.0376
1.6210	0.8010	0.0336
1.5510	2.5630	0.0074
1.2180	0.3393	-0.0757
2.0090	1.7750	0.1340
1.8810	0.7591	0.0887
2.0230	0.4567	0.2263
2.0580	1.5090	0.1841
2.0060	2.1270	0.1854
1.9220	1.8510	0.2121
1.9440	0.2830	0.1855
1.8750	2.4790	0.2783
1.9580	2.4460	0.2553
1.7340	1.9360	0.2725
1.7730	1.2090	0.2871
1.8520	1.8280	0.2813
1.8370	1.2130	0.2755
1.8680	1.5320	0.2729
1.9240	2.6500	0.2380
1.8510	2.7130	0.2203
1.9550	2.6350	0.2474
1.8990	2.6170	0.2601
1.8600	2.0280	0.2614
1.7760	2.6910	0.2205
1.7520	2.5490	0.2020
1.8400	1.1770	0.2519
1.8290	2.3190	0.2385
1.6860	1.0150	0.2138
1.6650	3.5230	0.1997
1.6660	1.6190	0.1950
1.6760	2.2540	0.2035
1.6910	2.9170	0.1882
1.8720	0.0524	0.2534
1.8240	0.4390	0.2318
1.7780	1.2260	0.2091
1.8330	3.3690	0.2094
1.6870	1.6050	0.1952
1.8270	1.6810	0.2689
1.8720	1.5670	0.2655
1.7730	2.0940	0.2601
1.8190	1.9680	0.2470
1.8400	2.8150	0.2320
1.9140	0.3924	0.2230
1.8190	0.3701	0.2027
1.9250	0.7147	0.2458
1.9170	1.3980	0.2295
1.8280	0.8662	0.2136
1.8020	1.3770	0.1935
1.7330	3.3800	0.1892
1.8270	0.7458	0.1968
1.8440	0.1456	0.1864
1.8750	1.0550	0.1900
1.7410	1.9090	0.1839
1.7360	0.2229	0.1843
1.6130	2.7110	0.1895
1.6630	4.0430	0.1874
1.7380	0.7833	0.1816
1.6920	2.6850	0.1790
1.9280	0.4739	0.1862
1.7670	1.1090	0.1896
1.6290	2.7610	0.1874
1.8680	2.2370	0.1996
1.8730	1.7380	0.1948
1.8340	2.8750	0.2041
1.8870	3.5890	0.2302
1.7910	2.5480	0.2239
1.6450	2.5470	0.1887
1.6760	1.2820	0.1861
1.6200	1.4830	0.1881
1.6820	2.3140	0.2089
1.7710	2.2540	0.2302
1.6610	1.4460	0.2026
1.6610	1.9110	0.1803
1.8360	1.7920	0.2307
1.7470	2.8850	0.2207
1.6960	4.6050	0.2071
1.7090	1.0640	0.2101
1.6660	0.1382	0.2038
1.7940	2.0240	0.2168
1.7270	3.0690	0.2126
1.9080	2.9670	0.2402
1.8900	3.6980	0.2268
1.9000	1.9430	0.2317
1.9060	2.4950	0.2560
1.8620	1.6390	0.2448
1.8390	0.3705	0.2265
1.8900	2.7910	0.2402
1.8200	1.3070	0.2099
1.7300	2.8680	0.2151
1.6590	3.2880	0.2262
1.8160	4.1560	0.2536
1.8510	0.2106	0.2684
1.8490	1.6790	0.2437
1.7930	3.1450	0.2420
1.7520	2.2730	0.2486
1.8600	0.7180	0.2807
1.9140	2.2520	0.2774
1.8390	1.4690	0.2751
1.8940	1.6170	0.2853
1.7070	0.4014	0.2699
1.7520	0.2834	0.2154
1.7160	2.7670	0.2107
1.8520	2.5740	0.2439
1.7790	3.1940	0.2286
1.7410	5.1140	0.2226
1.8840	0.5194	0.2373
1.7940	3.5300	0.2238
1.9090	2.2180	0.2614
1.9540	1.0500	0.2552
1.6570	4.9110	0.2580
1.7200	3.6510	0.2607
1.9530	3.0470	0.2503
2.1330	2.7210	0.2480
2.1670	0.1095	0.2450
2.1410	0.9189	0.2433
2.1960	2.3020	0.2497
1.9940	0.3387	0.2432
2.1760	0.6933	0.2462
2.2070	0.1800	0.2466
2.1230	2.2300	0.2482
2.1800	0.2216	0.2514
1.9440	2.3790	0.2546
1.9690	2.0510	0.2478
1.9000	2.5740	0.2482
1.8330	0.6537	0.2564
1.8990	0.1053	0.2503
1.7060	2.7620	0.2074
1.6650	0.9055	0.2051
1.9180	1.0420	0.2250
1.7720	5.1470	0.2111
1.7740	1.2670	0.2026
1.8820	3.2860	0.1942
1.6340	3.0880	0.1928
2.1850	1.7140	0.2506
2.1000	2.3080	0.2438
1.9210	1.6650	0.2507
2.0390	1.1950	0.2536
2.1430	3.3790	0.2489
2.0990	3.3920	0.2466
2.1690	0.0071	0.2309
1.9330	2.0670	0.1943
1.9080	2.5680	0.1864
1.9540	0.6527	0.2227
1.9840	0.4974	0.2104
2.0620	3.4490	0.2029
1.8840	4.4530	0.1809
1.8910	2.1960	0.1826
2.0620	0.4884	0.2085
1.8560	0.1561	0.1861
1.8270	2.2690	0.1824
1.7960	1.0810	0.1879
1.8410	3.0040	0.1828
1.7390	0.9821	0.1929
1.6860	0.7035	0.1884
2.0570	1.6420	0.1864
1.8190	1.5090	0.1974
1.8190	1.2020	0.2099
1.9660	1.5450	0.2113
1.8660	1.9740	0.2102
1.5870	0.4415	0.1842
1.8550	1.8520	0.1719
1.6080	5.3310	0.1954
1.5750	0.3216	0.1902
1.6150	2.0040	0.1881
1.9380	1.7270	0.1974
1.9360	2.6020	0.2001
1.8760	3.7510	0.1832
1.7310	0.2267	0.1791
1.7880	2.7030	0.1877
1.8960	2.7470	0.1854
1.9270	3.1220	0.1930
1.8880	3.0040	0.1838
1.8970	1.3150	0.1815
1.8850	1.4540	0.1830
1.6820	1.4210	0.1910
1.8790	2.1010	0.2047
1.7450	2.8800	0.1969
1.7080	2.7580	0.1929
1.7750	1.5730	0.1930
1.9560	2.2830	0.1862
1.9300	2.6440	0.1959
1.8260	2.1890	0.1822
1.9450	0.6646	0.1800
1.9740	1.1300	0.1746
1.9360	3.1380	0.1569
2.0070	1.1230	0.1623
1.8480	2.2720	0.1901
1.8510	1.6870	0.1851
1.9040	1.9130	0.1960
1.9840	0.1542	0.1789
2.0310	2.4290	0.1467
1.9400	2.6860	0.1587
1.9180	0.4728	0.0898
1.9540	1.4580	0.1221
1.9460	0.3030	0.1006
1.8420	0.6659	0.0396
1.7340	0.8182	-0.0147
1.8030	1.3060	-0.0235
1.8450	0.6524	0.0827
1.7060	0.8214	0.0257
1.5690	0.8679	-0.0243
1.4580	1.5470	0.0111
1.1030	0.1770	-0.0117
1.8460	4.4970	0.1637
1.8790	2.4970	0.1289
1.7990	1.3390	0.1872
1.8150	1.8360	0.1802
1.8110	3.5350	0.1740
1.8810	0.2669	0.1850
1.8500	2.1380	0.1585
1.6950	1.0380	0.0666
1.5330	1.7480	0.0425
1.7790	0.1246	0.0981
1.7920	0.1960	0.1162
1.9980	0.0385	0.1356
1.6840	2.3760	0.0838
1.3800	0.7602	0.0476
2.0360	2.0820	0.1692
1.9130	1.2480	0.1278
1.8230	0.6362	0.1396
1.7220	0.3892	0.1843
1.7310	0.0201	0.1701
1.7010	0.3959	0.2015
1.6640	5.7980	0.2227
2.1170	2.2590	0.1995
1.8430	2.3070	0.1947
1.6950	2.1690	0.2167
1.7390	3.1500	0.2298
1.6840	5.1030	0.2414
1.8970	1.6210	0.2007
2.1120	2.8400	0.1984
1.8020	3.4340	0.1935
1.9530	1.0330	0.2101
2.1700	0.2361	0.2248
1.8770	2.9510	0.2346
1.7830	4.0880	0.2418
2.1330	0.3010	0.2228
2.1040	1.2470	0.2374
2.1040	1.5710	0.2442
1.8540	1.8110	0.2475
1.8280	2.5300	0.2673
1.9870	0.5941	0.2503
1.9170	3.8350	0.2490
1.8600	2.6320	0.2583
1.7000	8.6410	0.2466
1.6730	6.2010	0.2443
1.8000	1.7340	0.2625
1.7340	1.6160	0.2503
1.7990	0.1591	0.2577
1.9150	2.4190	0.2753
1.8600	1.8630	0.2752
1.9000	3.5630	0.2900
1.8960	2.1850	0.2819
1.8110	1.1440	0.2694
1.8350	2.9080	0.2827
1.9180	2.2640	0.3108
1.9140	2.1250	0.3213
2.1020	2.7970	0.3284
2.0230	2.8320	0.2888
2.0300	3.3580	0.2896
1.9660	2.0740	0.2883
2.1740	0.0449	0.3104
2.3080	1.8960	0.3288
2.2130	1.8810	0.2947
2.1630	2.5830	0.2812
2.2000	2.7720	0.3382
2.2630	2.3770	0.3217
2.1770	2.2320	0.3024
2.0840	2.4620	0.3092
2.0570	2.5390	0.2868
2.0730	2.6650	0.3207
1.9950	1.2990	0.3053
2.0730	2.0240	0.3333
2.0870	2.7370	0.3309
2.0070	0.3689	0.3203
1.9160	0.9396	0.2966
1.8990	2.8080	0.3037
1.8140	0.9405	0.3004
1.9950	1.4260	0.3225
1.7790	1.2210	0.2751
1.8200	0.6768	0.2725
1.9740	1.6500	0.2660
1.9200	1.2270	0.2882
1.9560	0.7343	0.2797
1.9290	2.0360	0.3066
1.9430	1.3660	0.2769
2.1040	1.6230	0.2575
2.0120	1.4710	0.2658
1.9240	0.8527	0.2796
2.0980	2.4080	0.2544
1.9230	3.6370	0.2559
1.5990	5.5290	0.2538
1.4860	2.0770	0.2688
1.4600	3.3500	0.2717
2.0590	1.2440	0.3034
2.0470	0.6512	0.3172
1.7860	0.1771	0.2908
1.4560	3.3890	0.2751
1.4730	3.0610	0.2734
2.1020	1.1550	0.3186
1.9760	2.1840	0.3164
2.1370	1.3090	0.3259
1.9230	2.8280	0.2932
1.9020	0.0298	0.3050
1.8750	0.9964	0.3103
1.8720	0.8649	0.3048
1.7310	1.9530	0.2957
1.4900	0.4344	0.2706
2.0110	0.9836	0.3211
1.9880	0.1668	0.3111
1.8820	0.7796	0.2944
1.5480	1.1090	0.2646
1.8310	1.7870	0.2814
1.5740	3.5320	0.2590
1.5510	1.7690	0.2713
1.5940	1.6760	0.2420
1.5870	1.3960	0.2662
1.7920	0.2169	0.2804
2.1630	2.6280	0.2981
1.6750	2.0500	0.1124
1.5780	3.1260	0.1829
1.2800	1.2480	-0.0115
1.5620	2.8370	0.0536
1.7090	0.3630	0.1440
1.7500	0.2877	0.1799
1.7990	2.2550	0.2113
2.0650	1.6470	0.2699
2.1730	2.0120	0.3035
1.8490	1.6720	0.2319
1.9080	1.2780	0.2386
1.9320	2.0270	0.2554
2.0390	2.2160	0.2998
1.9750	2.4140	0.2584
1.9460	0.7259	0.2774
1.9140	1.7220	0.2837
1.9650	3.3830	0.2793
1.1870	0.5639	-0.0548
1.5050	0.4996	0.0223
1.4940	2.3390	-0.0301
1.8090	2.7830	0.0965
1.6710	1.7800	0.0399
1.7460	3.6650	0.1287
1.8720	5.3030	0.2082
1.7200	1.8070	0.1564
1.7480	2.8600	0.2392
1.8510	0.5783	0.1830
1.6700	3.8690	0.2201
1.6780	7.2870	0.2585
1.7990	0.0412	0.2660
2.0140	2.4900	0.2710
2.0290	0.6297	0.2337
2.0000	2.6400	0.2437
1.9980	0.2647	0.2150
2.1170	2.5570	0.2548
2.1240	3.8480	0.2697
2.0700	3.3600	0.2590
2.1520	3.8620	0.2647
2.0880	3.5200	0.2705
1.0880	2.4260	-0.0720
0.9628	0.1328	-0.0677
1.0410	1.4990	-0.0765
1.1390	2.1620	-0.0597
1.1150	0.7052	-0.0373
0.9536	0.3012	-0.0548
0.8895	0.1521	-0.0604
1.4950	0.3250	-0.0481
0.9032	0.3389	-0.0320
0.9506	0.2686	-0.0111
0.9305	0.0344	-0.0285
1.4300	1.3210	0.0348
0.8086	0.2081	-0.0478
0.8771	0.2252	-0.0199
1.0920	0.1102	0.0195
1.5480	1.4650	0.1240
1.3930	1.1150	0.0790
1.6990	1.2420	0.1614
