1.9480	1.5100	0.0289
2.2500	1.5660	0.1116
2.3800	1.9260	0.0745
2.3790	0.5448	0.0835
2.3520	1.0590	0.0418
2.3140	2.9410	0.0584
3.7560	1.0090	0.0462
2.0620	1.6780	0.0489
2.8440	1.7150	0.1172
2.4730	1.6320	0.0908
1.6000	1.0490	-0.0619
2.2180	1.1560	0.0818
2.2320	1.5910	0.0612
2.6220	3.9630	0.0800
2.3800	3.0840	0.0611
2.1760	2.3930	0.0849
2.1260	0.2480	0.0239
2.1470	0.6758	0.0460
2.1770	3.1100	0.0223
2.3070	1.6120	0.0418
1.6400	1.6840	-0.0189
2.2670	1.3910	0.0217
2.4230	0.4865	0.0562
2.2730	1.1360	0.0721
2.5370	3.0720	0.0878
2.2330	2.5700	0.0771
2.4210	1.6750	0.0798
2.7490	2.7250	0.0978
2.6990	2.5200	0.0350
2.3220	2.7400	0.0555
2.6110	1.3050	0.1203
2.3900	3.3810	0.0895
2.4960	1.3570	0.1262
2.3650	1.5410	0.1026
1.4980	0.8194	-0.0078
2.8200	0.8206	0.0442
2.4820	3.3130	0.0250
2.5230	0.5848	0.0691
2.3940	3.1240	0.0987
2.6450	3.5700	0.0914
2.1110	3.5220	0.0479
1.5550	0.0713	-0.0180
2.2900	0.0298	0.0456
2.2880	0.8917	0.0498
2.3350	2.7250	0.0528
2.2640	3.4870	0.0793
2.3250	1.6160	0.0865
2.3840	3.9210	0.0766
2.3930	3.9870	0.0752
2.3910	1.1270	0.0743
2.3540	2.8480	0.0875
2.3390	3.6680	0.0736
2.2460	1.1980	0.0636
2.3270	1.9200	0.0811
2.1280	1.4480	0.0755
2.2010	3.0880	0.0840
2.1610	3.3600	0.0573
2.1870	2.1960	0.0677
2.1560	3.3110	-0.0089
2.2120	2.2440	0.0338
2.4100	1.6860	0.0683
2.0940	1.0050	0.0021
2.1140	1.5800	-0.0329
1.7920	2.0280	0.0022
2.1320	2.5020	-0.0256
2.0430	3.7670	0.0473
2.0340	3.5930	0.0601
2.3000	1.2750	0.0621
1.5610	0.7638	0.0104
2.3240	5.5340	0.0674
1.9560	3.4790	0.0599
1.7290	1.8260	-0.0617
2.4600	1.2080	0.0444
2.2870	3.3010	0.0601
2.0900	1.7720	0.0297
2.3140	2.1280	0.0354
2.3460	1.8770	0.0363
2.2660	3.9260	0.0289
2.3230	1.5870	0.0524
2.0810	3.0160	0.0458
2.1710	0.9306	0.0452
2.1480	3.0000	0.0536
2.2880	2.6770	0.0842
2.2370	0.6844	0.0946
2.1020	2.5980	0.0601
2.3140	4.2370	0.0575
2.3810	0.5986	0.0854
2.3400	1.0360	0.0861
2.3320	4.1650	0.0702
2.6910	2.1050	0.0747
2.3990	4.0280	0.0874
2.5300	3.9130	0.0935
2.7260	2.2380	0.0754
2.3510	0.6703	0.0813
2.3070	1.7570	0.0788
2.4440	5.9500	0.1071
2.6800	2.5990	0.0459
2.5540	0.0349	0.0663
2.5340	5.2790	0.1145
2.5250	2.4180	0.1196
2.7920	0.0307	0.1069
3.0980	1.6160	0.0612
3.0030	4.4460	0.0921
2.7940	2.5880	0.0577
2.6130	3.7790	0.1030
2.8590	1.2710	0.0954
2.6450	3.5550	0.0563
2.7360	3.9290	0.0621
2.3480	1.7860	0.0624
2.6540	3.8910	0.1431
2.4600	4.3740	0.0824
2.3770	1.3190	0.0677
2.3060	2.6960	0.0971
2.3540	1.0910	0.1023
2.6080	0.5252	0.1337
2.3650	0.3390	0.0749
2.7980	0.7960	0.1291
2.4400	0.8699	0.1054
2.3540	1.5780	0.0762
1.9740	0.9037	0.0729
2.3440	0.8862	0.0835
1.3960	0.5746	-0.0125
2.3310	3.9810	0.0776
2.3560	3.4660	0.1031
2.1810	1.4880	0.0812
2.2710	0.1549	0.0944
1.9600	0.8524	0.0518
2.4360	1.2610	0.0876
2.4760	3.7110	0.0847
2.4280	2.1040	0.0920
2.5370	1.5800	0.0837
2.9160	0.6600	0.0315
2.5140	2.6860	0.0576
2.6050	1.0370	0.0973
3.3870	1.7740	0.0211
2.6930	2.6280	0.0386
2.5610	2.5950	0.0237
2.5110	4.0310	0.0427
2.0990	3.8250	0.0396
2.3750	0.6685	0.0709
2.3360	3.4930	0.0753
2.8230	2.2550	0.0573
2.4100	1.3450	0.0817
2.6400	0.6315	0.0729
2.2460	0.7824	0.0971
2.4210	2.1340	0.1195
2.1450	0.5759	0.0720
2.3810	1.8790	0.1131
2.5370	2.2140	0.1053
2.4080	3.7070	0.0550
2.1170	0.6459	0.0007
2.2490	1.8640	0.0214
2.3070	1.4780	0.0669
1.9600	2.6020	0.0547
1.4810	1.2840	-0.0566
2.1100	1.8860	0.0512
2.2490	0.4778	0.0990
2.5870	4.6060	0.0814
2.1070	1.5200	0.0381
1.3120	1.4930	-0.0837
1.2490	0.6509	-0.0593
1.3140	0.9357	-0.0303
2.3630	3.2120	0.0560
2.3270	0.7086	0.0506
2.3780	3.7330	0.0665
2.2600	0.9912	0.0504
2.2760	2.1160	0.0590
2.2840	1.3750	0.0513
2.3000	1.9250	0.0457
2.3410	1.9050	0.0549
2.3570	1.7630	0.0461
2.2510	0.3545	0.0712
2.3420	4.3840	0.0811
2.3030	0.0183	0.0719
2.2290	2.1750	0.0833
2.2320	1.2140	0.0905
2.3120	2.1490	0.0821
2.5390	0.7629	0.0812
2.6200	4.0660	0.0960
2.5280	1.3230	0.0796
2.4090	0.1134	0.0683
2.4160	0.4997	0.0764
2.3580	2.5990	0.0660
2.4250	3.2510	0.0730
2.4620	1.8100	0.0704
2.3390	1.7760	0.0791
2.3750	1.5160	0.0912
2.4170	0.4278	0.0786
2.3100	4.7480	0.0725
2.3200	1.1180	0.0694
2.3690	0.0391	0.0756
2.3430	4.1390	0.0771
2.3740	3.0410	0.0716
2.3500	2.4150	0.0585
2.2610	3.0590	0.0768
2.2590	3.5140	0.0696
2.3310	0.7679	0.0624
2.2720	0.3787	0.0588
2.2180	2.3590	0.0565
2.2550	5.8720	0.0925
2.2290	3.2680	0.1028
2.1930	0.2561	0.0872
2.3870	2.3970	0.0642
2.4040	0.2867	0.0807
2.2880	2.6640	0.1038
2.1620	0.9108	0.0873
2.0790	1.8840	0.0027
2.1070	2.4050	0.0399
2.1880	0.2958	0.0587
2.1870	3.4810	0.0585
2.2370	0.2420	0.0675
2.1610	0.6803	0.0516
2.1430	0.3558	0.0468
2.2130	2.6680	0.0712
2.1790	2.1290	0.0478
2.1940	1.1100	0.0742
2.2110	3.6410	0.0778
2.2150	2.2460	0.0687
2.2060	3.3050	0.0451
2.2150	3.2360	0.0636
2.1610	3.0370	0.0026
2.1710	0.9420	0.0248
2.1890	2.6150	0.0137
2.1670	1.4500	-0.0013
2.2290	2.4830	0.0214
2.0600	2.0230	0.0206
2.1170	0.5616	-0.0061
2.3500	2.5560	0.0673
2.2790	1.2720	0.0843
2.0550	0.6038	0.0681
2.3540	0.5763	0.0650
2.0410	1.8850	0.0562
2.1460	4.5220	-0.0237
2.1340	4.4630	-0.0055
2.1380	3.8650	-0.0214
2.1080	0.7736	-0.0273
2.0410	1.5900	-0.0000
2.1070	2.6810	-0.0206
2.1080	4.4510	0.0026
2.1960	1.1690	0.0071
2.0610	0.7069	-0.0308
1.9400	0.9262	-0.0394
1.6260	2.4730	-0.0415
1.7500	1.0700	-0.0517
2.1560	2.9230	0.0534
2.1300	2.4060	0.0580
2.2080	2.9380	0.0469
2.1370	1.7140	0.0548
2.0580	3.3010	0.0540
2.1130	0.1005	0.0590
2.1260	0.3469	0.0571
2.3530	2.2170	0.0506
2.3090	0.7136	0.0671
2.3030	3.1770	0.0499
2.1020	0.9068	0.0461
1.7280	1.0800	0.0185
2.1310	0.1850	0.0486
2.1470	0.0211	0.0483
1.4530	0.7184	-0.0021
2.0450	0.8644	0.0450
1.9940	4.1240	0.0633
2.1250	0.1659	0.0524
2.0840	1.3410	0.0553
1.9440	1.3770	0.0561
1.8020	1.3730	0.0395
2.0830	0.2993	0.0296
1.6140	0.8023	-0.0407
1.8390	2.3890	0.0299
1.9550	0.7210	-0.0045
1.6370	1.7700	-0.0719
2.2440	1.6920	0.0579
2.0590	0.5194	0.0516
2.3950	1.4310	0.0427
2.4710	1.4800	0.0533
2.3780	0.9203	0.0551
2.4410	0.5430	0.0478
2.3620	1.7160	0.0602
2.1990	3.5490	0.0373
2.3440	0.7806	0.0407
2.1730	0.9485	0.0447
2.0690	2.3630	0.0369
2.2390	2.2430	0.0279
2.2520	3.4860	0.0239
2.2690	2.5850	0.0292
2.4310	1.0930	0.0434
2.4340	0.9166	0.0459
2.3970	3.1360	0.0421
2.3500	2.9230	0.0369
2.2690	0.4219	0.0284
2.3130	2.6630	0.0441
2.3970	2.6190	0.0546
2.2310	1.7020	0.0309
2.2360	2.2380	0.0341
2.2630	1.0760	0.0388
2.3250	0.1695	0.0360
2.3380	0.2379	0.0470
2.2610	3.1180	0.0375
2.3320	4.1240	0.0398
2.1840	1.6850	0.0397
2.2370	3.1190	0.0315
2.0910	1.2740	0.0420
2.2040	3.2040	0.0602
2.1110	1.6280	0.0532
2.1070	2.6570	0.0340
2.1000	2.9990	0.0323
2.2430	0.8932	0.0460
2.2530	1.1190	0.0646
2.2780	3.2810	0.0828
2.2210	2.1190	0.0654
2.3340	2.0360	0.0770
2.0670	0.6194	0.0504
2.3050	0.0742	0.0760
2.2050	1.2880	0.0852
2.2320	0.0533	0.0879
2.3200	1.9590	0.0846
2.1930	3.0310	0.0859
2.2310	0.9973	0.0870
2.3390	1.2670	0.0895
2.3280	5.1980	0.0489
2.3420	4.0530	0.0450
2.2430	3.8550	0.0635
2.1090	0.9433	0.0513
2.2620	1.6290	0.0566
2.1360	0.0159	0.0667
2.1820	1.9360	0.0683
2.2450	1.7410	0.0916
2.3410	3.1790	0.0780
2.3770	0.8499	0.0810
2.2710	2.6500	0.0956
2.3700	4.3770	0.0933
2.4310	0.8334	0.0913
2.4940	1.0690	0.0862
2.2620	3.0660	0.0698
2.2690	1.1100	0.0723
2.2860	1.6380	0.0714
2.3690	0.3007	0.0658
2.5320	2.2900	0.0690
2.3220	2.3530	0.0752
2.3060	0.2965	0.0825
2.6010	2.1820	0.0831
2.5630	1.1390	0.0748
2.4380	3.0320	0.0833
2.4970	3.5670	0.0845
2.5290	0.9106	0.0969
2.5400	1.6980	0.0852
2.4210	4.2970	0.0855
2.5430	3.5160	0.0980
2.6160	2.6340	0.0942
2.6180	3.4430	0.0865
2.5060	1.6880	0.0651
2.5870	0.3537	0.0605
2.3780	0.0874	0.0903
2.4260	3.1230	0.0991
2.3730	0.9636	0.0759
2.3280	1.6860	0.0700
2.4250	0.9059	0.0560
2.4930	2.4770	0.0721
2.3180	0.1142	0.0733
2.4210	1.4060	0.0906
2.4810	0.6176	0.0711
2.3730	0.7310	0.0799
2.3290	2.0230	0.1010
2.4440	1.7870	0.1075
2.3180	2.9150	0.0980
2.3860	2.1080	0.0916
2.3820	2.8660	0.0912
2.6300	3.1010	0.0658
2.4940	2.8390	0.0885
2.6080	4.1140	0.0791
2.7590	3.9400	0.0575
2.8440	2.2790	0.0533
3.0840	1.9630	0.0496
2.8840	1.0800	0.0454
2.5440	3.8590	0.1179
2.6950	2.7680	0.1169
2.4380	2.9180	0.1047
2.5070	0.9198	0.1166
2.5370	4.4010	0.1223
2.5400	0.9499	0.1185
2.5150	2.9780	0.1237
2.9190	2.2270	0.0914
3.1120	2.1130	0.0827
2.7600	0.9802	0.1089
2.5600	2.7240	0.1143
2.8700	3.2110	0.1102
2.9450	2.4160	0.0863
2.7930	0.4611	0.0786
3.0650	1.5780	0.0904
3.0170	4.2190	0.0912
3.0610	4.7470	0.0717
3.1060	4.1950	0.0423
3.1080	1.7600	0.0702
2.5840	4.7770	0.0999
2.6020	0.4024	0.0996
2.7380	3.0350	0.0321
2.7630	3.5920	0.0654
2.4760	2.8820	0.1047
2.5760	1.5970	0.1064
2.5720	0.5351	0.1157
2.8530	0.8111	0.0844
2.6810	1.2430	0.0222
3.1460	2.2240	0.0874
2.9770	0.8704	0.0958
2.8220	2.8200	0.0859
2.5270	3.8240	0.0833
2.4340	2.7550	0.0513
2.8400	2.7640	0.0632
2.6170	1.8030	0.1105
2.9090	2.5870	0.0335
2.6770	0.6966	0.0433
2.3220	5.1520	0.0438
2.7220	1.2680	0.1005
2.6110	3.0570	0.1354
2.2950	3.0270	0.0456
2.5180	1.9900	0.0668
2.8200	1.5950	0.0965
2.7680	0.6616	0.0843
2.7510	1.7920	0.1305
2.3770	2.9090	0.0535
2.3750	0.9965	0.0503
2.3740	2.5710	0.0846
2.4260	4.1850	0.0642
2.4310	3.4680	0.0687
2.4030	2.9270	0.0833
2.3930	2.2980	0.0801
2.3590	3.3120	0.0920
2.2860	1.8990	0.0898
2.4910	2.2010	0.0958
2.4270	3.4270	0.0942
2.4670	0.6612	0.1036
2.3480	1.7750	0.0884
2.3630	2.2430	0.0959
2.3000	2.7470	0.0910
2.3320	1.7670	0.0973
2.5040	1.6340	0.1167
2.5240	3.6240	0.1142
2.4910	2.5620	0.1056
2.5540	2.7130	0.1318
2.6050	1.3030	0.1437
2.8230	0.7756	0.1404
2.3550	2.0700	0.0619
2.3840	2.6740	0.0815
2.3950	3.2670	0.0746
2.4010	2.9100	0.0644
2.3670	2.2670	0.0669
2.4950	0.0983	0.1190
2.4270	1.7890	0.0965
2.8440	1.5890	0.1249
2.7070	1.8090	0.1387
2.5630	1.7950	0.1300
2.5940	2.2870	0.1292
2.3420	1.6940	0.1135
2.3500	0.0134	0.0754
2.3590	1.4250	0.0664
2.3800	1.1650	0.0872
2.4200	1.1200	0.0877
2.2740	3.7240	0.0965
2.3030	3.8020	0.0645
2.2120	0.7642	0.1102
2.1500	0.9847	0.0758
2.1500	1.0750	0.0587
1.9100	0.6081	0.0328
1.8900	0.9695	0.0308
1.6550	0.9947	0.0074
2.4480	2.0580	0.1075
2.2070	1.7430	0.0847
1.9930	1.5210	0.0269
1.8580	1.5950	0.0293
1.3790	0.6467	-0.0187
2.6210	2.3200	0.1006
2.5720	3.7690	0.1127
2.6860	0.3235	0.0867
2.5890	1.6370	0.0931
2.3520	4.2510	0.0906
2.2980	0.3670	0.0967
2.2780	0.8594	0.1050
2.1770	0.0832	0.0732
1.9090	1.1060	0.0399
2.3510	0.0939	0.1028
2.2720	0.5678	0.1019
2.3010	2.4790	0.0996
2.1120	1.2310	0.0672
1.6600	0.9820	0.0140
2.3840	3.6930	0.1046
2.3080	1.6020	0.0974
2.1610	1.5310	0.0868
2.2370	1.9650	0.0959
2.1460	2.4460	0.0878
2.4340	0.8178	0.0998
2.3510	3.2860	0.0978
2.4100	2.7940	0.0969
2.3620	1.5100	0.0922
2.6000	2.2860	0.0949
2.7680	1.0970	0.0862
2.6000	5.0470	0.0557
2.3410	2.3990	0.0949
2.4070	0.1072	0.0985
2.3300	3.0600	0.0720
2.3630	3.3040	0.0824
2.4300	2.0800	0.0802
2.5250	2.2160	0.0841
2.8770	1.9430	0.0678
2.4240	1.6980	0.0893
2.4370	1.8510	0.0854
2.4430	2.3330	0.0807
2.8540	2.0520	0.0657
2.9350	0.4396	0.0386
2.5660	3.4680	0.0905
2.8960	3.3150	0.0845
3.1740	0.1716	0.0110
2.4030	2.9190	0.0692
2.3670	2.8810	0.1090
2.5640	2.0340	0.0478
2.4220	3.6610	0.0583
2.5530	0.2491	0.0723
2.6160	0.7439	0.0620
2.6630	2.1150	0.0796
2.7930	4.4200	0.0273
2.6780	3.1120	0.0408
4.5300	3.5770	-0.0242
3.0900	1.3650	0.0113
3.2310	3.9690	0.0283
2.7880	2.3780	0.0328
2.6260	0.6449	0.0274
2.6390	0.8033	0.0468
2.5830	0.8211	0.0477
2.6210	1.8920	0.0486
2.5970	5.2150	0.0303
2.3380	5.0100	0.0191
2.3020	2.2900	0.0387
2.3080	3.0820	0.0485
2.4380	0.7242	0.0314
2.2810	2.4170	0.0280
2.1700	5.5400	0.0430
2.2260	1.3730	0.0340
2.0590	5.5250	0.0364
2.3730	1.2630	0.0539
2.3490	4.4430	0.0591
2.4580	2.4900	0.0488
2.4280	2.9880	0.0504
2.3590	0.5820	0.0823
2.3600	3.3470	0.0841
2.3380	0.1541	0.1033
2.9990	1.7780	0.0398
2.6780	1.0810	0.0422
3.2670	1.5760	0.0194
3.6740	3.6860	0.0529
3.0080	0.9354	0.0834
2.3910	4.8140	0.0701
2.3850	2.1440	0.0842
2.4460	0.1190	0.0605
2.5020	3.1870	0.0724
2.5720	1.4210	0.0934
2.4990	3.0110	0.0805
2.4870	3.3080	0.0946
2.5370	3.2500	0.1026
2.5710	1.3350	0.0969
2.4770	2.1940	0.0874
2.2260	2.9490	0.0835
2.2440	2.7720	0.0937
2.6290	0.9776	0.1010
2.6470	2.6970	0.1197
2.3320	2.2320	0.1070
2.3920	3.1620	0.0969
2.4010	3.3390	0.0945
2.2900	0.2130	0.0922
2.2590	3.4830	0.0946
2.5060	1.1900	0.0924
2.2320	3.4900	0.0616
2.3060	0.9975	0.0728
2.3000	3.6640	0.0963
2.3690	2.5670	0.1069
2.5400	0.8538	0.1104
2.4940	1.5630	0.0907
2.6460	0.8242	0.1098
2.5710	0.2332	0.1099
2.4890	3.2700	0.1115
2.5740	1.5800	0.0888
2.5180	1.8320	0.0882
2.6470	3.7780	0.0773
2.2190	0.9647	0.0722
2.2650	0.5464	0.0473
2.2290	0.8427	0.0594
2.2510	2.7800	0.0849
2.5280	0.5198	0.0793
2.1730	3.5690	-0.0044
2.2240	0.4392	0.0301
1.5150	0.1990	-0.0478
2.2090	2.0330	-0.0352
2.2900	0.2954	0.0054
2.0880	0.6706	0.0418
2.0910	1.3350	0.0441
2.3580	0.8870	0.0651
2.5550	0.5825	0.0799
2.3120	0.1908	0.0396
2.1310	1.0350	0.0507
2.0730	0.8418	0.0555
2.2570	1.4020	0.0738
2.0400	0.7429	0.0466
2.1170	1.1220	0.0609
2.0280	0.6598	0.0623
2.0200	2.5980	0.0582
1.4760	0.0808	-0.0702
1.7380	0.6417	-0.0046
1.5340	1.8690	-0.0590
2.0830	0.8604	0.0351
2.0560	0.8552	0.0105
2.0810	2.3650	0.0373
2.1130	3.9960	0.0480
1.9150	0.8212	0.0558
2.4630	0.4100	0.1002
2.1700	2.1100	0.0644
2.2290	0.6551	0.1105
2.5080	3.5940	0.1195
2.6550	1.5810	0.1029
2.6700	6.4820	0.0767
2.0570	2.9650	0.0482
2.0660	0.8051	0.0442
2.1350	0.1392	0.0522
2.2830	4.7440	0.0558
2.3960	2.6080	0.0617
2.0980	2.2400	0.0382
2.1690	0.4588	0.0388
2.1060	0.4614	0.0447
1.5030	1.1420	-0.0839
1.4350	1.7830	-0.0746
1.4610	2.2650	-0.0870
1.3590	2.3370	-0.0758
1.3230	1.8940	-0.0763
1.3160	0.6064	-0.0306
1.3270	0.8459	-0.0534
1.3780	0.5262	-0.0063
1.2590	0.5535	-0.0399
1.2710	0.6424	-0.0445
1.2780	0.9675	-0.0700
1.4140	1.5970	-0.0098
1.2730	1.3590	-0.0736
1.2540	0.7345	-0.0589
1.3270	0.7716	-0.0250
1.6530	2.0530	0.0424
1.4830	1.2800	0.0155
2.0010	2.8480	0.0774
2.0450	2.7230	0.0877
2.2790	1.2990	0.1217
2.2610	1.2780	0.0789
2.3180	0.3642	0.0936
2.2920	3.4450	0.0799
2.1930	0.4049	0.0649
2.5250	1.9140	0.0339
2.2610	0.6664	0.0556
2.6580	1.0210	0.0868
2.2030	0.6894	0.0635
1.5680	1.5020	-0.0801
2.4780	3.3000	0.0790
2.0310	2.3690	0.0700
2.2370	1.5400	0.0967
2.4960	5.4340	0.0608
2.4120	1.4170	0.0798
1.9280	3.8400	0.0699
2.0500	2.8180	0.0537
1.8890	2.2910	0.0094
2.8040	1.0710	0.1236
1.6780	2.3360	0.0058
2.1330	3.0650	0.0756
2.5600	0.0804	0.1343
2.3270	0.9433	0.0565
2.3820	0.2626	0.0823
2.4140	1.4200	0.0867
2.6350	2.8390	0.0913
2.8850	2.0280	0.1337
2.6250	2.9020	0.0762
2.4650	2.2280	0.0939
2.5700	1.5450	0.0891
2.4140	4.0630	0.1256
2.4280	5.3790	0.1064
2.5860	1.5360	0.1129
1.1260	0.7521	-0.0118
2.2490	2.4590	0.0774
2.2860	2.3230	0.0508
2.6550	1.6860	0.0765
2.7190	0.8528	0.0848
2.1770	2.9180	0.1177
1.9740	2.2470	0.0684
1.6890	0.5702	-0.0241
2.1630	0.5402	0.0482
2.2800	0.5574	0.0556
2.1570	4.4390	0.0570
2.2280	3.0630	0.1035
2.6280	3.1600	0.1195
2.3540	0.3752	0.0966
2.2940	3.9920	0.0643
2.1380	0.4166	0.0821
2.4740	2.3670	0.0761
2.2630	5.8010	0.0768
2.3270	1.1530	0.0649
2.2770	2.2090	0.0694
2.3660	3.1360	0.0722
2.3940	3.5400	0.0763
1.8910	2.1280	0.0707
2.1140	4.5790	0.0516
1.8400	1.0170	-0.0387
2.1560	3.5850	0.0460
2.1720	0.7948	0.0645
2.5360	0.7911	0.0971
2.4100	2.3780	0.0707
1.9700	0.7417	0.0218
1.8480	1.2950	-0.0531
2.2370	1.7820	0.0682
2.5180	2.5440	0.0739
2.1720	0.5664	0.1084
1.7640	0.9421	0.0620
2.2230	3.1190	0.0844
2.1320	1.9320	0.0552
1.3870	0.4893	-0.0486
2.8540	1.5930	0.1257
2.2070	3.1960	0.1121
2.1660	1.9130	0.0714
2.4920	4.6920	0.1163
2.5560	4.0910	0.1086
2.2050	0.8368	0.0609
2.4070	3.4820	0.1212
2.2800	0.6283	0.0451
2.2370	2.2190	0.0537
2.2570	2.7120	0.0636
2.2650	4.1400	0.0767
2.2830	1.0280	0.0882
2.5380	7.3420	0.0660
2.2920	2.8100	0.0616
2.3060	1.6340	0.0862
2.3810	1.9690	0.0870
2.4970	1.5170	0.0750
2.2660	2.4700	0.0743
2.4510	3.9620	0.1025
2.5350	3.1090	0.0710
2.5500	3.0390	0.0741
2.2100	0.7681	0.0716
2.5400	1.6040	0.0890
2.4700	1.4160	0.1009
2.3500	0.5575	0.0765
2.7150	3.3890	0.0297
2.3410	0.9731	0.1201
2.5200	1.9260	0.1371
2.5150	2.6550	0.1172
2.2930	6.3930	0.1027
2.3360	1.0070	0.0923
2.4630	1.5170	0.0219
2.3060	1.8640	0.0617
2.4210	2.1870	0.0638
2.5640	4.0340	0.0929
2.7890	3.1860	0.0536
2.5990	3.5940	0.0758
2.5080	3.3070	0.0939
2.3020	0.0704	0.0980
2.4020	0.9865	0.1010
2.3230	0.8758	0.1082
2.4550	0.1214	0.1318
2.3000	1.5050	0.1325
2.4540	1.6030	0.1291
2.6570	0.4803	0.0958
2.3330	2.4000	0.1267
2.2570	1.3540	0.1204
2.0280	1.6060	0.0980
2.0430	0.5371	0.0330
1.6220	0.3583	-0.0290
2.5740	4.0230	0.0888
2.5530	1.1220	0.0884
2.1200	0.2144	0.0531
2.2530	1.1480	0.1133
1.7110	1.6470	0.0420
2.4860	3.7050	0.1163
2.2840	4.9970	0.1068
2.5370	1.5720	0.1097
2.4640	2.3040	0.0902
2.2730	2.4960	0.0623
2.3060	4.5280	0.0718
2.3520	1.6180	0.0963
2.2730	2.5470	0.0792
2.3930	3.6480	0.0565
2.5290	0.2670	0.0610
2.6690	5.1530	0.0577
2.4410	4.9570	0.0494
2.4780	1.1040	0.0729
2.6360	0.6308	0.1012
2.7130	0.9222	0.0838
2.7290	0.1775	0.1070
2.4190	1.8190	0.0990
2.7640	2.6100	0.1049
2.6470	2.0210	0.1207
2.1710	2.2670	0.0847
2.7430	1.0470	0.1090
2.5810	2.0690	0.1070
2.4660	0.3657	0.0850
1.9720	0.9735	0.0296
1.9610	2.7590	0.0688
1.9350	2.4290	0.0849
2.0870	0.1206	0.0350
1.4880	0.5300	-0.0901
2.0190	0.4639	0.0640
2.1850	1.2670	0.0948
2.2330	6.6160	0.0997
2.2420	1.8580	0.0507
0.9205	0.5133	-0.0886
0.7261	0.2424	-0.0622
1.1340	1.2030	-0.0103
2.2150	5.5490	0.0657
2.1570	2.8900	0.0494
2.2260	2.8510	0.0707
2.0990	1.4550	0.0495
2.1620	3.1100	0.0605
2.1630	1.5180	0.0456
2.2370	1.8370	0.0445
2.4090	1.5180	0.0547
2.2930	4.9550	0.0491
2.0570	2.8340	0.0908
2.2640	3.6480	0.1035
2.1960	2.7990	0.0862
2.3840	1.0840	0.0945
2.6140	4.1060	0.1036
2.4540	1.8370	0.1148
2.4870	2.6530	0.1139
2.4340	4.3660	0.1167
2.3620	2.5340	0.1020
2.4000	1.3040	0.0704
2.4710	1.6510	0.0734
2.2910	0.8467	0.0786
2.2990	3.9200	0.0807
2.1910	1.2140	0.0747
2.3790	4.0710	0.0688
2.4960	0.2892	0.0839
2.1010	6.2040	0.0812
2.1930	2.6070	0.0653
2.3420	4.3790	0.0727
2.2860	0.8976	0.0920
2.3950	1.9110	0.0889
2.2700	2.6050	0.0785
2.2650	2.9440	0.0635
2.2850	4.4540	0.0791
2.3100	4.6880	0.0744
2.2980	1.5320	0.0685
2.2090	0.5645	0.0518
2.0780	0.7649	0.0486
2.4110	3.8100	0.0784
2.4510	2.8830	0.0788
2.4110	0.4896	0.0748
2.2040	1.3110	0.0647
2.2330	2.0000	0.0661
2.3270	1.5850	0.0674
2.5400	3.0580	0.0798
2.4970	1.6490	0.0862
2.2860	0.2090	0.0784
2.1520	1.3650	0.0539
1.9480	3.1450	0.0721
2.3520	0.0176	0.0713
2.2290	0.1988	0.0595
1.8840	2.7140	0.0426
1.9740	3.2950	0.0883
1.8740	1.3740	0.0254
1.9140	2.8160	0.0707
2.1610	3.6510	0.0820
2.3060	1.1150	0.0664
2.1630	4.2520	0.0411
2.2330	3.5740	0.0584
1.8480	0.3080	0.0323
1.9430	2.6260	0.0133
1.9690	2.2980	0.0126
1.8230	0.2047	-0.0579
2.0090	3.2160	0.0405
2.4480	1.1910	0.0766
2.2520	0.7611	0.1180
2.1940	0.9830	0.0658
2.2400	1.4140	0.0666
2.2560	2.9280	0.0684
2.1540	2.7810	0.0571
2.4340	0.6299	0.0674
1.9430	2.4390	0.0460
1.8650	0.3964	-0.0632
2.0020	3.4940	0.0959
2.4270	0.9084	0.1054
2.3580	0.2343	0.0645
2.2760	3.8420	-0.0479
1.9390	0.4828	-0.0265
1.9380	1.4760	0.0492
2.1750	2.0930	0.0427
1.9800	0.8274	-0.0540
1.6940	0.3707	-0.0728
1.6380	2.3280	-0.0752
2.1720	2.7380	0.0645
2.1910	2.7110	0.0609
2.6680	4.4620	0.0939
2.6710	0.3537	0.1008
2.4770	0.5953	0.0696
2.2640	4.1760	0.0596
2.2180	4.2500	0.0568
2.4490	1.1480	0.1099
2.2350	2.1680	0.1035
2.5760	1.3970	0.0973
2.0810	2.5230	0.0997
2.0220	3.0760	0.0834
2.0880	3.4270	0.0865
2.0760	1.1300	0.0730
1.6150	1.0560	0.0363
1.9960	0.6529	0.0848
2.4270	1.2190	0.0697
2.0750	1.1970	0.0543
2.5220	1.5550	0.0866
2.2230	0.5766	0.0674
1.9350	2.6310	0.0685
1.9230	3.1840	0.0357
1.3840	0.4481	-0.0184
1.7010	1.4800	0.0203
1.7170	1.6360	-0.0204
1.5200	3.4440	-0.0763
2.1720	1.9100	0.1093
2.0800	1.7630	0.1081
2.8750	0.1767	0.1277
2.4640	2.4370	0.1172
2.3950	1.4570	0.1152
2.7140	2.5350	0.1267
2.3710	0.8043	0.1249
2.4290	4.0330	0.1012
2.8230	3.0080	0.1297
2.1740	2.9570	0.0660
2.2010	2.5540	0.0732
2.1560	2.7450	0.0875
2.1490	0.3359	0.0772
2.2030	0.1941	0.1001
2.8170	2.1530	0.1324
2.6460	2.4400	0.1256
2.8390	3.3010	0.1384
2.5380	5.1770	0.1214
2.3170	1.7720	0.0919
2.4230	3.8030	0.1175
2.5420	3.7070	0.1297
2.1820	3.0320	0.0644
2.2470	3.6430	0.1010
2.2830	0.4350	0.1043
2.2810	3.4320	0.0657
2.3000	1.3450	0.1103
2.2170	0.8469	0.0497
2.2760	3.5940	0.0554
2.1730	4.3510	0.0568
2.2060	1.9360	0.0487
2.2690	2.3290	0.0490
2.3560	0.3951	0.0465
2.3630	1.0240	0.0525
2.2040	2.4990	0.0659
2.1940	0.5163	0.0615
2.2080	2.9080	0.0650
2.2470	1.3090	0.0642
2.3060	3.3320	0.0753
2.2170	1.0380	0.0580
2.2450	0.3755	0.0775
2.2850	3.2020	0.0617
2.2070	2.3940	0.0716
2.3520	1.9480	0.0770
2.2530	3.2430	0.0767
2.2810	3.7290	0.0810
2.2600	0.6515	0.0773
2.2540	3.1830	0.0834
2.2910	0.7735	0.0872
2.2620	0.5827	0.0580
2.2910	4.1460	0.0656
2.4710	1.3040	0.0613
2.3800	2.6210	0.0597
2.3510	0.5272	0.0636
2.4540	0.9768	0.0661
2.3670	0.1975	0.0649
2.3090	2.8740	0.0866
2.4420	0.3664	0.0809
2.2690	0.5211	0.0845
2.3410	2.8100	0.0882
2.3940	0.5276	0.0848
2.3920	4.0190	0.0834
2.3450	3.0740	0.0834
2.5610	0.6301	0.0736
2.5140	4.0490	0.0811
2.5800	1.9730	0.0662
2.5010	3.1630	0.0761
2.3630	0.4244	0.0793
2.4190	1.9330	0.0843
2.5490	2.0030	0.0979
2.3430	3.5760	0.0776
2.3430	1.8700	0.0766
2.3340	2.1420	0.0818
2.2590	2.1230	0.0700
2.3440	1.4460	0.0850
2.2800	2.8180	0.0677
2.2260	3.4550	0.0700
2.4140	2.8710	0.0788
2.3430	3.4590	0.0733
2.6190	0.4383	0.0778
2.6120	4.0760	0.0635
2.5100	0.3079	0.0540
2.2560	0.3276	0.0787
2.3830	4.2370	0.0833
2.2220	1.3230	0.0759
2.1650	1.5930	0.0648
2.3190	3.3880	0.0619
2.3510	2.6110	0.0696
2.6200	1.3990	0.0799
2.3200	2.2610	0.0730
2.3070	0.0291	0.0685
2.5250	6.4550	0.0898
2.5350	0.8938	0.1040
2.6980	5.0810	0.1138
2.5170	2.5410	0.0966
2.5050	4.4410	0.0970
2.3760	0.1685	0.1005
2.6110	4.2000	0.0533
2.2680	2.5570	0.0686
2.4260	1.8520	0.0856
2.4590	2.0220	0.0471
2.5470	4.6340	0.0316
2.5550	1.4170	0.0664
2.5740	2.8780	0.0142
2.2470	2.0470	0.1114
2.2180	3.9950	0.1261
2.3070	2.9030	0.1135
2.2970	0.4509	0.1052
2.4320	1.1540	0.1329
2.6930	2.0480	0.1430
2.7390	0.9269	0.1430
2.3520	0.2754	0.1083
2.3580	0.9476	0.0988
2.3880	0.3057	0.1253
2.5560	1.4830	0.1352
2.6670	2.4090	0.1273
2.4850	2.0270	0.1078
2.5630	2.8800	0.1065
2.6850	2.9460	0.1169
2.5170	3.5020	0.1119
2.3960	5.6380	0.0927
2.4360	0.4104	0.0571
2.4840	0.8790	0.0794
2.3920	3.1590	0.0420
2.2280	1.2590	0.0700
2.6030	2.8570	0.0217
2.5380	3.1420	0.0178
2.6000	4.0600	0.0428
2.7120	3.2790	0.0546
2.3780	3.9480	0.0690
2.5010	1.4100	0.0990
2.6970	3.2470	0.0792
2.5540	0.6623	0.0366
2.3680	1.7690	0.0829
2.3160	3.3150	0.0861
2.3300	4.0330	0.0798
2.3070	3.5790	0.0886
2.6690	0.3443	0.0429
2.7160	0.4446	0.0559
2.5560	2.9710	0.0332
2.5160	2.2150	0.0610
2.4760	2.2580	0.0832
2.6470	4.0460	0.0680
2.5440	2.9510	0.0972
2.5290	2.5850	0.0951
2.7150	1.6790	0.0640
2.6920	1.5420	0.0746
2.6790	1.3460	0.0787
2.6330	1.3450	0.0855
2.2970	4.3640	0.0807
2.3060	1.2480	0.1007
2.3520	2.6550	0.0897
2.3230	2.8620	0.0765
2.3980	2.6390	0.0980
2.3540	0.5106	0.1143
2.4180	2.2090	0.1146
2.4750	2.7120	0.1035
2.4150	1.2300	0.1049
2.4320	2.8740	0.0956
2.3690	1.2000	0.0965
2.3240	3.7630	0.1077
2.3540	1.9590	0.1159
2.4130	0.7633	0.1279
2.3050	3.7170	0.1086
2.3170	1.0210	0.1169
2.4950	1.8990	0.1236
2.4600	3.0820	0.1413
2.4280	3.0450	0.1349
2.4900	0.8146	0.1274
2.3730	3.3910	0.1125
2.5100	0.3341	0.1056
2.4190	1.3760	0.1211
2.4300	3.6780	0.1271
2.4520	3.7270	0.1249
2.4800	4.4080	0.1276
2.4610	0.5239	0.1344
2.3720	1.5830	0.1332
2.4580	1.6660	0.1308
2.6890	0.0863	0.0909
2.4370	0.6970	0.1225
2.3900	0.5051	0.1186
2.5190	3.7890	0.1112
2.2580	0.2618	0.1135
2.4090	1.9240	0.1293
2.3640	1.1290	0.1261
2.4530	1.8240	0.1302
2.2650	0.2629	0.1269
2.1630	5.1830	0.1086
2.2180	2.1320	0.1142
2.1610	0.1691	0.1020
2.1220	3.2020	0.1117
2.1010	1.4320	0.1109
2.0480	1.1400	0.0868
1.9390	1.9880	0.0390
1.9770	1.8650	0.0612
2.4030	0.0425	0.0805
2.0380	0.6544	0.0457
1.7700	1.0990	-0.0009
1.6230	1.7100	-0.0012
1.0830	0.6411	-0.0224
2.6890	2.3370	0.0862
2.5660	1.7770	0.0927
2.6590	0.2147	0.0798
2.6670	3.1360	0.0811
2.5650	3.7320	0.0911
2.5680	1.6800	0.1116
2.4750	2.1620	0.1009
2.1470	0.0631	0.0403
1.7180	1.8290	0.0130
2.4020	0.9322	0.0643
2.3800	0.0247	0.0689
2.4690	0.3638	0.0946
1.9190	2.1500	0.0423
1.3220	1.0510	0.0025
2.4520	2.7520	0.1173
2.3310	1.2430	0.0939
2.1200	0.4071	0.0913
2.2230	2.5810	0.1188
2.1480	2.6970	0.0965
2.3040	1.1920	0.1239
2.3000	3.4560	0.1232
2.5340	1.5600	0.1181
2.3960	3.2170	0.1200
2.3090	0.8193	0.1189
2.3050	1.2960	0.1154
2.2590	4.6920	0.0877
2.5800	1.3800	0.1095
2.5960	0.6633	0.1175
2.5990	3.4060	0.0857
2.5580	2.7590	0.1013
2.5150	1.6690	0.1019
2.4950	4.5430	0.1082
2.2840	4.5590	0.0942
2.5540	2.1310	0.1124
2.5570	2.3780	0.1000
2.4920	0.9363	0.0893
2.2730	3.9940	0.0744
2.2440	0.6443	0.0669
2.3370	3.1860	0.0714
2.3480	1.0820	0.0466
2.4420	2.1120	0.0413
2.2960	1.5240	0.0864
2.2970	3.5550	0.1173
2.2490	1.4850	0.0709
2.2510	2.9530	0.0757
2.3830	0.7952	0.0765
2.5920	0.8989	0.0768
2.4380	2.7060	0.0893
2.2930	4.2560	0.0611
2.2860	0.4842	0.0710
2.3730	0.9316	0.0673
2.2910	3.9570	0.0624
2.3340	3.6470	0.0621
2.3800	3.6800	0.0629
2.3350	1.6010	0.0564
2.5620	2.0650	0.0674
2.6400	2.8120	0.0713
2.4060	2.6690	0.0649
2.4640	3.7930	0.0551
2.3350	6.0520	0.0531
2.5190	3.5310	0.0597
2.5130	2.0530	0.0632
2.4830	2.4740	0.0537
2.4980	2.2780	0.0593
2.6110	2.8980	0.0588
2.5940	3.5670	0.0488
2.3860	4.0100	0.0501
2.6140	1.8410	0.0567
2.5150	3.3700	0.0519
2.3330	3.1870	0.0517
2.5410	1.3910	0.0600
2.5520	0.8800	0.0954
2.5320	2.1550	0.1037
2.7270	2.8200	0.1082
2.4030	3.4450	0.0770
2.4290	2.2020	0.0600
2.2280	3.4850	0.0839
2.5170	1.2660	0.1039
2.8620	2.5150	0.1177
2.5370	0.6609	0.0927
2.5700	2.5570	0.0834
2.4490	4.5670	0.0702
2.7890	1.6470	0.1111
2.9220	0.8621	0.1302
2.4040	0.7103	0.0919
2.4360	4.0260	0.0890
2.6210	0.1708	0.1195
2.3280	2.0750	0.1117
2.2880	3.8640	0.1024
2.6340	2.1820	0.0817
2.6540	2.5930	0.1233
2.3810	1.2660	0.1292
2.5030	1.1000	0.1214
2.5710	1.3430	0.1334
2.4590	2.4840	0.1282
2.3450	1.2630	0.1123
2.1970	0.0460	0.0917
2.6110	3.8230	0.1038
2.3960	3.2050	0.1041
2.1710	1.0990	0.0668
2.6350	2.6310	0.0916
2.8120	0.0383	0.1275
2.8670	1.0900	0.1048
2.6750	1.6760	0.1137
2.3030	2.8100	0.0976
2.8730	1.8430	0.1287
2.9170	1.3570	0.1211
2.7300	4.6450	0.1124
2.1890	1.4500	0.0890
2.4160	3.4650	0.1018
2.2240	1.5790	0.1003
2.6750	0.2550	0.0738
2.7600	1.4940	0.0649
2.6750	2.3710	0.0701
2.7930	0.9178	0.1029
2.2170	1.8640	0.1135
2.0880	2.0870	0.0268
2.6030	1.3910	0.0378
1.6180	0.0011	-0.0316
1.9680	1.4390	0.0116
1.9670	2.1240	0.0544
1.9510	3.7460	0.0709
1.9380	4.2450	0.0687
2.1020	1.9300	0.0865
2.0740	1.5050	0.0969
2.3110	0.4882	0.0740
1.9330	3.5810	0.0815
1.8850	1.4490	0.0745
1.8990	0.0963	0.0743
1.9930	2.8530	0.0504
1.7900	3.0570	0.0595
2.0430	1.8570	0.0617
2.2020	3.6860	0.0534
1.4960	0.1811	-0.0883
1.7640	0.1294	-0.0009
1.5120	1.7850	-0.0606
1.9550	0.7214	0.0213
1.8370	0.3676	-0.0065
1.9730	2.2670	0.0529
2.0040	3.8750	0.0649
2.0840	0.8523	0.0699
2.2550	2.8690	0.0995
2.1090	2.0570	0.0816
2.2640	0.6752	0.1116
2.2760	2.8550	0.1124
2.3670	3.5250	0.1092
2.5380	5.0750	0.0834
2.1080	2.7870	0.0654
2.0690	1.8810	0.0522
2.0870	1.1900	0.0774
2.2760	3.6900	0.0687
2.5420	4.3400	0.0636
2.1740	2.4440	0.0358
2.3170	4.2170	0.0415
2.2070	2.4440	0.0382
1.3270	0.8542	-0.1016
0.9950	0.5811	-0.0778
1.1980	1.3690	-0.0874
1.2230	1.5830	-0.0921
1.1000	1.0510	-0.0713
1.0320	0.5376	-0.0520
0.8529	0.2949	-0.0679
1.6920	0.4703	-0.0165
0.7862	0.2229	-0.0482
0.8201	0.3894	-0.0359
0.8882	0.6134	-0.0558
1.4380	2.6110	0.0156
0.7857	0.3528	-0.0760
0.7962	0.5482	-0.0461
0.9867	0.6964	-0.0175
1.6620	1.7250	0.0352
1.3130	1.5400	0.0170
1.9780	1.9690	0.0734
