1.7200	0.7463	0.0622
2.2560	1.8030	0.1296
2.0860	2.8740	0.0949
2.2150	0.1451	0.1518
2.1560	2.6470	0.1227
2.2860	1.4850	0.0983
2.4100	0.2287	0.1198
2.3790	0.2507	0.0819
2.5390	0.5384	0.1127
2.6000	0.1562	0.1159
1.5790	2.0360	-0.0626
2.4440	0.0565	0.1296
2.0190	2.8790	0.0984
2.5390	3.8350	0.1257
2.2560	3.2290	0.1103
2.1280	0.1819	0.1020
2.0150	2.9960	0.0390
2.2510	1.1770	0.0933
2.3510	2.6340	0.0617
2.0390	0.6358	0.0834
1.6890	1.7930	-0.0051
2.0460	1.4330	0.0841
2.2360	0.1324	0.1215
2.2270	1.4550	0.1056
2.2550	1.8460	0.1125
2.2360	0.6758	0.1292
2.5310	3.8480	0.1347
2.5860	2.5290	0.1459
2.4500	3.6610	0.1176
2.3320	0.3128	0.0949
2.5240	3.9520	0.1075
2.2750	3.4130	0.1423
2.2860	0.5342	0.1097
2.2990	2.8670	0.0963
1.3780	0.0073	0.0249
2.3350	2.7490	0.0997
2.3480	2.6110	0.0782
2.4220	0.9510	0.1088
2.3720	0.8341	0.1344
2.5790	1.5780	0.1232
2.2380	4.0170	0.0548
1.7100	1.9400	0.0143
2.1530	0.2615	0.0738
2.1500	2.5020	0.1022
2.1900	5.0750	0.0846
2.0850	4.2490	0.1106
2.5090	0.0329	0.1374
2.1650	4.3370	0.1136
2.3530	2.6860	0.1263
2.2570	1.7100	0.1272
2.2440	1.7170	0.1442
2.0740	2.5600	0.0976
2.1360	0.5685	0.0815
2.2950	0.1258	0.1011
2.3200	3.5390	0.1132
2.1670	3.6430	0.0965
1.9890	3.5670	0.0832
2.1160	3.0610	0.0903
2.1050	4.1050	0.0476
2.5260	2.4840	0.1036
2.3540	0.6559	0.1032
2.0200	2.9640	0.0745
2.0840	3.7940	-0.0230
1.8940	0.6083	0.0233
2.0540	3.0000	-0.0420
2.0800	2.0120	0.0902
1.9490	2.5100	0.0936
2.0580	1.3190	0.0888
1.5420	0.6480	0.0262
1.9860	1.6090	0.0832
1.8610	2.3410	0.0717
1.5800	1.3680	-0.0588
2.2190	0.2453	0.0866
2.0280	3.5090	0.1016
2.1710	2.9850	0.0904
2.0170	3.6070	0.0775
2.0870	3.1630	0.0948
2.1440	2.8830	0.0978
2.1130	3.0560	0.1202
2.2310	0.9187	0.0934
2.2480	2.2790	0.1232
2.1910	0.3180	0.0949
2.1250	3.3380	0.1018
2.1640	3.5300	0.1043
2.2830	3.4020	0.1240
2.2100	1.7800	0.1353
2.1190	0.8165	0.1035
2.2040	0.7814	0.1193
2.2490	1.1520	0.1197
2.4190	1.5020	0.1180
2.4240	3.5350	0.1294
2.6580	1.6590	0.1050
2.7230	1.2120	0.1135
2.3940	0.7599	0.0981
2.3750	1.7310	0.1273
2.3650	3.1300	0.1569
2.4480	1.4810	0.1375
2.7410	3.5060	0.0872
2.3650	4.6530	0.1553
2.5430	3.1600	0.1520
2.4390	0.4763	0.1504
2.5390	3.8830	0.1429
2.5570	2.8520	0.1248
2.9460	0.1572	0.0749
2.5970	4.4010	0.0936
2.6110	2.4440	0.1175
2.5450	3.5550	0.1120
2.6170	2.9390	0.0886
2.3850	2.0040	0.0890
2.5220	4.2160	0.1220
2.1580	0.5100	0.1340
2.1220	2.2980	0.1343
2.2650	2.9140	0.1258
2.2390	2.3290	0.1337
2.5210	1.0670	0.1386
2.2750	1.4030	0.1436
2.5190	1.0620	0.1198
2.5510	1.2790	0.1406
2.2190	0.7686	0.1280
1.7820	0.5034	0.1020
1.9090	1.3420	0.0727
1.3240	0.1358	0.0323
2.3140	4.2530	0.0897
2.1570	3.8160	0.1035
2.0330	0.5765	0.0798
2.2560	1.1420	0.0979
1.9030	0.7311	0.0641
2.4060	3.4370	0.1056
2.2580	4.8890	0.1290
2.4110	1.8640	0.1001
2.5390	4.4580	0.1106
2.4960	3.1710	0.1107
2.3540	2.7690	0.0645
2.4100	5.0860	0.1495
2.3620	3.0430	0.0972
2.6070	3.5040	0.0605
2.6340	3.7220	0.0538
2.3780	3.2540	0.1064
2.3510	5.0010	0.0698
2.3470	0.1369	0.1240
2.4250	2.2630	0.1209
2.5190	0.9600	0.1242
2.3670	2.7190	0.1359
2.3460	1.3070	0.1359
2.6670	1.1690	0.1426
2.5470	4.1990	0.1316
2.2810	0.0951	0.1000
2.5020	2.5350	0.1277
2.4120	3.7100	0.1294
2.6090	2.6150	0.1198
1.9470	0.6259	0.0396
2.4590	1.9430	0.0733
2.3850	1.3070	0.1023
2.2240	1.1300	0.0722
1.5380	0.4289	-0.0314
2.1230	2.1430	0.0495
2.1740	2.0910	0.1260
2.2840	3.7190	0.0763
2.2320	2.8430	0.0578
1.3040	0.1714	-0.0611
1.2250	0.1795	-0.0274
1.3340	0.2233	-0.0104
2.1110	5.3230	0.0839
2.1800	1.5790	0.0781
2.1180	3.5980	0.0893
2.0560	1.6870	0.0846
2.0750	3.2320	0.1004
2.1000	2.2590	0.0790
2.1560	2.1550	0.0828
2.2150	1.8130	0.1037
2.2240	4.0420	0.0879
2.0180	2.9750	0.1069
2.1140	4.7950	0.1127
2.0910	1.8120	0.1115
2.3150	1.8700	0.1205
2.4670	1.4000	0.1334
2.3180	0.8094	0.1248
2.2820	0.8983	0.1237
2.5300	0.6427	0.1365
2.3440	2.2900	0.1159
2.2950	1.6250	0.1212
2.3360	3.3850	0.1194
2.1980	0.9469	0.1129
2.3100	2.7160	0.1154
2.4300	0.5619	0.1285
2.2780	1.3760	0.1322
2.2910	3.2030	0.1371
2.3660	2.1970	0.1254
2.3060	4.3790	0.1245
2.2120	3.5990	0.1291
2.2050	0.9224	0.1369
2.2170	4.2470	0.1451
2.0770	3.4800	0.0970
2.0940	4.5150	0.0839
2.0940	5.1610	0.0978
2.1110	5.3100	0.0925
2.0830	2.9940	0.0876
2.1420	0.7596	0.0760
2.0520	1.4300	0.0809
2.1780	4.6840	0.1037
2.2310	4.3700	0.1051
2.1520	0.8624	0.0997
2.2950	3.0120	0.1004
2.3670	4.0910	0.1060
2.3700	0.5432	0.1076
2.2420	2.1170	0.1050
2.0640	2.8400	0.0871
2.1140	1.1170	0.0812
2.0980	0.8874	0.0782
1.9920	3.6560	0.0928
2.1360	1.1170	0.0898
2.1210	0.7038	0.0741
2.0070	3.0140	0.0625
1.9870	2.0390	0.1032
2.0020	3.4040	0.0747
1.9860	2.5310	0.0942
2.1020	3.7140	0.1060
2.2880	2.1990	0.1169
2.2950	1.8410	0.0984
2.5010	1.5160	0.1208
2.0290	2.4960	0.0439
2.1470	2.5850	0.0757
2.3230	0.5588	0.0736
2.2700	1.0490	0.0501
2.4400	2.3660	0.0956
2.1210	2.1100	0.1059
2.0150	1.9200	0.0359
2.3030	0.4774	0.1029
2.3950	1.5620	0.1109
2.2840	2.3600	0.1086
2.3710	1.4050	0.1013
2.1670	3.6020	0.0913
2.0810	4.3870	-0.0054
2.1300	4.0780	-0.0083
2.0730	4.1510	0.0103
2.0150	0.6663	0.0218
2.1290	2.5520	0.0651
2.1410	4.4770	-0.0580
2.2190	2.5040	0.0019
2.1120	0.2803	0.0720
1.9880	1.5240	0.0142
1.7080	0.5972	-0.0518
1.6180	2.4460	-0.0523
1.6110	3.8130	-0.0650
2.2260	0.5599	0.0962
2.1910	0.6803	0.0964
1.9930	2.7520	0.0865
1.9820	0.2239	0.0861
2.0020	4.4830	0.0924
2.0990	2.9010	0.0964
1.9810	1.1530	0.0947
2.1030	3.8220	0.0855
2.0480	0.1428	0.0908
2.0430	2.6050	0.0836
1.9070	1.3020	0.0725
1.5910	0.9167	0.0387
1.9490	1.9290	0.0604
1.9200	3.0400	0.0611
1.4390	0.2518	0.0092
1.8580	1.6000	0.0581
1.9040	2.6030	0.0881
1.9620	1.5010	0.0862
1.9470	1.1990	0.0834
1.8730	1.6820	0.0703
1.8030	0.9604	0.0633
1.9140	1.6880	0.0560
1.5310	0.8057	-0.0319
1.7530	0.5414	0.0320
1.7720	2.9300	-0.0182
1.5500	1.0310	-0.0684
2.0160	2.1200	0.0896
1.7950	0.3276	0.0884
2.1220	1.0760	0.0806
2.2200	0.3870	0.0962
2.2090	0.7021	0.1031
2.2380	2.4640	0.1062
2.2300	0.8467	0.1162
2.0120	3.3450	0.0854
2.0300	2.9000	0.0793
2.2300	0.4678	0.0946
2.1460	2.8710	0.0886
2.0490	1.4240	0.0843
2.0960	1.2850	0.0881
2.0120	1.5880	0.0772
2.1330	3.3720	0.0890
2.1910	3.5630	0.1098
2.1050	0.9238	0.0791
2.0390	2.8440	0.0790
2.0110	1.8520	0.0792
2.1020	2.3640	0.1111
2.1940	4.2270	0.1255
2.0230	1.7320	0.0887
2.0240	1.0110	0.0933
2.0640	0.2286	0.1090
2.1360	2.5600	0.1077
2.1210	1.7230	0.1214
2.2040	2.1660	0.1106
2.1770	4.7080	0.1269
2.1240	0.4800	0.0919
2.1570	1.7930	0.0981
2.2500	2.5910	0.1082
2.2340	3.6550	0.1038
2.2550	0.4795	0.1152
2.1980	2.8400	0.0916
2.1930	3.6630	0.0901
2.2190	1.7700	0.0950
2.2070	3.1710	0.0980
2.1320	3.9840	0.1034
2.1920	0.0879	0.0989
2.1720	2.6530	0.1031
2.2130	1.5410	0.0874
2.1600	2.3040	0.1015
2.1100	0.7306	0.1014
2.1430	3.5320	0.1042
2.1780	3.8430	0.1071
2.1190	0.0013	0.1032
2.1360	1.9340	0.1076
2.0990	0.0289	0.1035
2.1910	3.6250	0.1351
2.1810	4.3220	0.1320
2.2500	0.0622	0.1189
2.2630	1.9590	0.1263
2.2400	1.4070	0.1324
2.2380	1.3980	0.1258
2.2390	3.2090	0.1307
2.1740	3.7330	0.1169
2.2120	3.2780	0.1180
2.0920	1.7200	0.1002
2.1470	2.6670	0.1088
2.1790	3.4490	0.1153
2.1680	3.3470	0.1096
2.1800	3.1560	0.1176
2.1990	4.6130	0.1205
2.2160	3.5240	0.1221
2.2120	1.6150	0.1204
2.2100	1.5670	0.1229
2.2440	0.3729	0.1201
2.3140	0.5927	0.1226
2.2860	1.9410	0.1268
2.3550	1.7590	0.1159
2.3320	4.1290	0.1221
2.3990	5.0190	0.1247
2.5360	0.3516	0.1234
2.5300	2.8480	0.1245
2.6130	3.4920	0.1251
2.6830	2.7780	0.1287
2.4090	3.9600	0.1128
2.5230	3.0370	0.1157
2.7730	3.9170	0.1096
2.6160	0.8157	0.1028
2.6070	2.0470	0.1028
2.2300	0.3482	0.1020
2.3260	3.3740	0.1085
2.1410	1.3460	0.0948
2.2630	2.8050	0.0920
2.3630	2.6550	0.1015
2.5540	0.8102	0.1035
2.4850	0.6425	0.1294
2.4850	1.4100	0.1008
2.5390	2.2250	0.1072
2.3130	2.1520	0.1268
2.3440	3.6590	0.1449
2.4460	1.6190	0.1433
2.2900	3.1820	0.1431
2.3060	0.2284	0.1466
2.2440	4.5350	0.1556
2.6180	1.6510	0.1094
2.6910	1.9150	0.1208
2.5540	4.1050	0.1331
2.5200	2.6650	0.0919
2.5410	0.7945	0.0952
2.5010	0.2504	0.1270
2.8710	1.6170	0.0917
2.5730	2.4050	0.1556
2.5600	2.2590	0.1430
2.2470	1.1750	0.1570
2.4200	1.4330	0.1575
2.4570	1.9850	0.1575
2.4440	1.2280	0.1510
2.5190	0.3653	0.1510
2.4970	0.4724	0.1465
2.3740	4.6170	0.1422
2.5770	2.2610	0.1455
2.4970	3.9110	0.1506
2.5540	1.0980	0.1471
2.4910	1.6480	0.1360
2.4040	0.3250	0.1264
2.5500	1.0430	0.1469
2.5280	3.4290	0.1498
2.5450	4.0680	0.1340
2.4570	1.3440	0.1221
2.5020	0.4076	0.1237
2.8230	2.3690	0.1027
2.5940	3.1660	0.1168
3.1430	0.4095	0.0735
2.8910	2.1280	0.0760
3.0000	3.6190	0.0945
3.0760	2.4080	0.0996
2.6260	3.6810	0.0959
2.4140	3.1450	0.1175
2.4980	0.3327	0.1157
2.5050	2.6740	0.1197
2.5740	0.5996	0.1198
2.5200	2.7080	0.1164
2.4710	0.4473	0.1090
2.4970	3.2200	0.1008
2.7860	1.9170	0.0847
2.9280	1.9650	0.0968
3.0060	2.7620	0.0740
2.7470	2.3100	0.0853
2.3980	3.8870	0.0871
2.7290	3.8680	0.0948
2.4710	0.7840	0.1165
2.2260	2.5950	0.0919
2.5080	2.0250	0.0889
2.6100	1.0630	0.0958
2.5100	2.0100	0.0932
2.5560	1.0700	0.1218
2.1670	3.5990	0.1303
2.1310	1.0380	0.1243
2.2230	0.4947	0.1330
2.1750	4.3520	0.1337
2.1420	1.7910	0.1331
2.1620	1.6410	0.1378
2.1760	0.0566	0.1409
2.3920	2.4820	0.1289
2.2480	2.2950	0.1324
2.5020	2.2870	0.1261
2.4200	0.6372	0.1182
2.3180	2.9830	0.1200
2.2120	0.0333	0.1341
2.2380	2.6910	0.1386
2.2040	4.3080	0.1348
2.2280	2.1690	0.1278
2.2940	3.0340	0.1252
2.3510	2.0000	0.1375
2.3920	2.9980	0.1417
2.3320	3.4730	0.1325
2.4900	2.7760	0.1320
2.5520	0.9297	0.1294
2.1330	0.6219	0.1303
2.2830	4.2190	0.1454
2.1940	1.0210	0.1413
2.1970	4.2570	0.1345
2.2420	0.5676	0.1341
2.5560	1.6470	0.1408
2.4150	2.0390	0.1453
2.5320	0.5815	0.1177
2.5630	0.9266	0.1320
2.5940	1.3230	0.1354
2.4720	1.4490	0.1177
2.4210	3.2120	0.1310
2.2690	1.0960	0.1383
2.2420	0.2578	0.1269
2.3700	1.3530	0.1444
2.4980	0.7273	0.1391
2.1940	4.0330	0.1245
2.0720	1.1500	0.1134
2.0360	1.4050	0.1150
1.9680	3.5680	0.1208
1.8600	1.0860	0.1102
1.7300	0.8296	0.0762
1.6950	0.5994	0.0569
1.5040	0.5409	0.0404
2.0760	0.8477	0.0970
1.8750	1.0460	0.0799
1.6250	0.4596	0.0482
1.5460	0.4609	0.0450
1.2800	0.1718	0.0252
2.2600	3.3660	0.1010
2.1550	2.7450	0.1033
2.4500	1.1590	0.0956
2.3450	0.4160	0.0975
2.2470	5.4590	0.0977
2.2700	0.8116	0.0994
2.1850	0.1383	0.0994
1.9040	2.3640	0.0708
1.6860	0.7073	0.0515
2.0550	1.7440	0.0954
2.0970	0.5787	0.0938
2.1840	0.2936	0.0895
1.9180	0.8358	0.0647
1.5200	0.2528	0.0334
2.3490	2.3560	0.1035
2.1810	0.2869	0.0883
2.1470	0.1267	0.0874
2.2390	3.5380	0.1058
2.1680	3.0560	0.1057
2.2810	0.1561	0.1142
2.2850	3.1480	0.1352
2.4490	2.3620	0.1042
2.3780	1.6160	0.1074
2.2790	1.5510	0.1163
2.3260	1.2100	0.1174
2.2510	4.2000	0.1070
2.2750	0.9512	0.1025
2.3800	1.9530	0.1039
2.3470	3.5950	0.0889
2.2500	3.0040	0.0988
2.3660	1.1830	0.0973
2.4310	3.4340	0.1070
2.4000	4.0760	0.1141
2.4720	1.3650	0.1019
2.4640	1.7800	0.1008
2.4160	1.9690	0.1003
2.5420	1.4120	0.1186
2.4740	2.0750	0.1003
2.5970	3.1520	0.1133
2.5560	1.5660	0.1230
2.4240	3.4740	0.1162
2.2490	0.8996	0.1154
2.3390	0.8685	0.1500
2.3540	1.5700	0.0615
2.2050	3.5180	0.0750
2.3020	0.4289	0.0852
2.4230	4.0670	0.0927
2.4190	4.0110	0.1351
2.4990	6.1500	0.0752
2.5230	2.9380	0.0635
2.3850	0.5724	0.1068
2.3650	1.9920	0.0913
2.3900	0.1808	0.0710
2.3720	2.6400	0.0867
2.4510	2.5480	0.0645
2.5230	1.5570	0.0578
2.4720	3.8600	0.0712
2.5810	0.0006	0.0501
2.6700	2.8580	0.0492
2.5240	3.6420	0.0637
2.4680	0.5409	0.0768
2.3850	1.5850	0.0725
2.3600	3.9670	0.0893
2.4820	1.8330	0.0824
2.5370	4.4760	0.0946
2.4800	2.0700	0.0918
2.4190	2.5060	0.0789
2.3650	0.9479	0.1142
2.4250	2.4530	0.1024
2.3340	1.1850	0.1094
2.3550	2.0240	0.1172
2.3620	0.5547	0.1309
2.3230	1.3220	0.1287
2.4000	1.2690	0.1326
2.4640	1.4670	0.1120
2.3580	0.8469	0.1046
2.4560	3.7220	0.1252
2.5360	1.8880	0.1351
2.5720	3.3890	0.1409
2.3360	3.1510	0.1215
2.3550	2.5190	0.1335
2.4080	1.8100	0.1169
2.4930	0.1578	0.1291
2.5670	0.2567	0.1433
2.3640	2.5180	0.1395
2.3700	3.2580	0.1375
2.4650	3.6130	0.1459
2.3550	3.5610	0.1469
2.2660	4.0710	0.1458
2.6090	1.9780	0.1391
2.6130	1.2870	0.1458
2.5250	2.9280	0.1351
2.4910	2.6440	0.1281
2.6270	2.9140	0.1392
2.6120	3.2650	0.1428
2.6110	2.9780	0.1347
2.3030	1.5380	0.1157
2.3620	2.3770	0.1129
2.5230	0.7684	0.1238
2.3740	1.7490	0.0896
2.4560	2.1220	0.1097
2.4940	2.8970	0.1232
2.4340	0.9845	0.1310
2.4760	0.2022	0.1257
2.4580	2.9130	0.1271
2.4470	0.6034	0.1259
2.4250	3.1420	0.1309
2.4110	4.8460	0.1340
2.3700	1.2650	0.1248
2.3740	1.1780	0.1300
2.2920	3.2520	0.1289
2.6060	2.5260	0.1400
2.3800	2.7440	0.0984
2.5600	0.4355	0.1272
2.6470	2.8580	0.1430
2.6080	2.3150	0.1242
2.1480	0.5254	0.0451
2.3530	2.1590	0.0697
1.4940	1.4890	-0.0171
1.8310	1.2990	0.0113
2.1120	1.3130	0.0583
2.1040	2.3230	0.0621
2.1510	1.0060	0.0787
2.6240	0.6500	0.1039
2.5440	1.2390	0.1068
2.5260	1.4790	0.0967
2.3880	0.9336	0.0907
2.2660	2.1790	0.0745
2.2910	2.0190	0.0956
2.1880	2.6050	0.0713
2.2160	1.9170	0.0823
2.2770	4.6060	0.0887
2.3360	0.5591	0.0756
1.4590	0.3174	-0.0456
1.7180	0.3253	0.0216
1.6010	2.0700	-0.0190
1.9910	1.0510	0.0447
1.8950	0.6479	0.0228
1.9990	2.9240	0.0527
2.1710	2.2580	0.0518
1.8350	1.6330	0.0592
2.2320	0.3915	0.0991
2.0700	1.5400	0.0589
2.2490	1.0390	0.1422
2.3840	5.1670	0.1632
2.3910	3.0820	0.1368
2.3420	0.3464	0.1093
2.2350	2.5700	0.0515
2.2470	1.1110	0.0518
2.1790	0.0401	0.0556
2.2510	2.5490	0.0650
2.3000	3.1770	0.0824
2.1780	2.9800	0.0655
2.2490	0.7691	0.0574
2.2370	2.6350	0.0685
1.4120	0.2396	-0.0593
1.3840	0.4095	-0.0532
1.3750	0.7921	-0.0678
1.4020	2.0700	-0.0539
1.3920	0.9824	-0.0428
1.2770	0.1505	-0.0140
1.3080	0.0090	-0.0350
1.3050	0.1268	0.0146
1.2160	0.2591	-0.0012
1.2440	0.1698	-0.0053
1.2940	0.1450	-0.0471
1.5130	1.6360	-0.0128
1.2590	0.1270	-0.0467
1.2560	0.0541	-0.0262
1.3000	0.0239	0.0023
1.6360	0.6954	0.0391
1.4850	0.7558	0.0317
1.9300	1.2230	0.0917
1.7880	0.7566	0.0871
2.2140	1.8250	0.1258
1.9920	1.5160	0.1064
2.1390	1.5840	0.1586
2.4370	0.3693	0.1122
2.2370	0.6795	0.0956
2.2710	1.6390	0.1062
2.4020	1.5060	0.0622
2.7070	0.0449	0.1129
2.2390	3.4050	0.1363
1.2090	0.7107	-0.0663
2.1990	2.3210	0.1360
2.0870	3.3530	0.1054
2.1020	3.6100	0.1326
2.3550	5.5260	0.1156
2.2000	2.0240	0.1152
1.8880	2.2550	0.0748
2.0700	0.1774	0.0575
1.9870	0.9932	0.0824
2.2540	2.0760	0.0944
1.1280	0.1868	-0.0078
2.2210	1.7440	0.0891
2.2680	2.2480	0.1134
2.2340	1.1640	0.1196
2.1810	1.6990	0.1235
2.1220	3.6870	0.1313
2.3380	2.5680	0.1311
2.5410	0.3053	0.1659
2.3950	0.9815	0.1047
2.4310	1.0590	0.1087
2.3580	4.2110	0.1226
2.3570	2.9110	0.1420
2.5490	2.6870	0.1230
2.3460	1.1070	0.0991
1.0950	0.1908	0.0315
2.1290	2.6780	0.0937
2.3780	2.4630	0.0902
2.3210	2.9540	0.0896
2.5850	2.6590	0.1374
2.4750	1.6920	0.1336
2.0280	2.5410	0.0928
1.4040	0.9287	0.0213
2.2180	2.0470	0.0902
2.2280	2.5450	0.1051
2.2840	4.5250	0.0935
2.0090	3.8330	0.1120
1.9920	2.0030	0.1335
2.0010	4.2650	0.1155
2.2380	5.1130	0.1326
2.1330	3.9970	0.1412
2.2790	0.8287	0.1619
2.0480	5.1080	0.1023
2.1810	1.9100	0.0986
2.3060	0.7426	0.1078
2.2970	2.9110	0.1155
2.1560	3.4980	0.1105
2.0260	3.4090	0.0946
2.1960	1.3220	0.1120
1.9610	3.9250	0.0713
2.2800	1.1230	0.1241
2.2090	1.8260	0.0947
1.8780	1.6560	0.0127
1.5320	0.2941	-0.0188
1.7690	0.0505	-0.0063
1.4830	1.2520	-0.0321
2.1970	2.1370	0.0912
2.1520	3.0240	0.0844
1.9590	0.3084	0.1039
1.1840	0.2083	0.0217
1.7580	3.3440	0.0663
1.8560	2.0970	0.0504
1.2020	2.3890	-0.0350
2.2160	0.3340	0.0967
2.1910	2.2620	0.1139
2.1570	1.8010	0.0926
2.2690	3.8620	0.0948
2.3550	3.3550	0.0945
2.3910	2.9700	0.0948
2.3980	0.4793	0.1149
2.2310	2.4590	0.0968
2.3350	0.3159	0.1134
2.2030	3.3050	0.0969
2.2090	3.0460	0.1177
2.1370	2.9360	0.1225
2.2400	0.4043	0.1231
2.3780	2.2900	0.1278
2.0680	3.4120	0.1193
2.1780	2.7440	0.1334
2.0550	0.3915	0.1301
2.1650	2.2980	0.1227
2.0960	1.2990	0.1404
2.6150	0.2168	0.1118
2.5950	3.0130	0.1192
2.3350	0.0128	0.1042
2.3330	0.8713	0.1415
2.2680	3.5790	0.1644
2.4020	2.3160	0.1376
2.5490	4.0220	0.1027
2.2510	0.0186	0.1691
2.3140	2.2730	0.1686
2.3620	0.2092	0.1676
2.2920	1.1280	0.1478
2.5410	2.9040	0.1456
2.5240	5.1590	0.1003
2.3260	0.1335	0.1021
2.6910	3.2770	0.1018
2.2460	2.1810	0.0839
2.6050	4.1620	0.1098
2.6490	3.0680	0.0948
2.4310	3.5540	0.1387
2.2780	0.8565	0.1419
2.4230	1.8810	0.1282
2.1720	2.1210	0.1515
2.2030	2.2550	0.1447
2.3630	1.8200	0.1434
2.3450	2.5270	0.1308
2.6490	1.6280	0.1200
2.4420	1.9270	0.1353
2.4650	1.7350	0.1220
2.1850	0.2069	0.1087
1.9800	0.7695	0.0898
1.2310	0.2312	0.0495
2.2190	6.0410	0.1022
2.2190	2.4020	0.1013
1.9700	0.7422	0.0814
2.2180	0.3639	0.1038
1.4930	1.7810	0.0496
2.3470	2.2440	0.1051
2.1500	5.0810	0.1150
2.5060	0.9458	0.0936
2.5970	2.9060	0.0921
2.2350	3.1650	0.0895
2.2890	2.6910	0.0650
2.2380	5.0800	0.1092
2.2060	4.3640	0.1029
2.4510	0.7032	0.0691
2.2940	4.4560	0.0564
2.6850	3.7290	0.0840
2.5380	5.2910	0.0513
2.2690	0.2673	0.1072
2.8080	1.6950	0.1061
2.1840	3.1530	0.1254
2.4980	0.2347	0.1450
2.3280	1.2720	0.1571
2.3000	2.9520	0.1414
2.5190	1.4630	0.1561
2.4330	0.4244	0.0944
2.6370	0.9749	0.1419
2.4330	3.2680	0.1539
2.2670	3.1730	0.1200
1.7380	0.4253	0.0397
2.0010	0.4439	0.0701
2.1750	0.1332	0.1160
2.0900	2.3690	0.0603
1.2820	1.1260	-0.0224
1.9360	2.4630	0.0884
2.0550	1.6580	0.1280
2.2580	1.1340	0.0798
2.3810	3.4810	0.0671
0.8023	0.3407	-0.0624
0.6929	0.1172	-0.0277
0.9378	0.6261	-0.0001
2.0750	5.0950	0.0876
2.2580	3.6160	0.0902
2.0820	2.6830	0.0983
2.1400	2.3870	0.1009
2.1430	3.4890	0.1071
2.1990	2.2780	0.0951
2.2800	2.4310	0.0931
2.3020	2.6870	0.1113
2.3360	4.6400	0.0963
2.0090	1.9560	0.1147
1.9730	4.1750	0.1137
2.0600	2.3920	0.1163
2.0820	1.2110	0.1197
2.0520	3.6720	0.1346
1.9920	3.1680	0.1197
1.9770	3.2990	0.1174
2.0480	1.6010	0.1321
2.0360	0.7365	0.1171
2.2570	0.7108	0.1254
2.3110	1.2910	0.1303
2.1620	1.4890	0.1192
2.1170	4.1200	0.1229
2.1200	1.8880	0.1226
2.2720	2.9730	0.1461
2.3090	4.4000	0.1421
2.1260	5.1690	0.1378
2.1680	2.3700	0.1310
2.1710	3.3760	0.1469
2.1320	0.9774	0.1548
2.1740	3.5610	0.1563
1.9920	3.9850	0.1022
2.0520	4.4400	0.0920
2.1250	5.1120	0.1054
2.1030	3.8530	0.1058
2.0660	2.9460	0.0977
2.2000	0.8521	0.0943
2.1400	1.1600	0.1015
2.2470	4.2060	0.1175
2.2160	4.4010	0.1211
2.1750	1.9420	0.1151
2.2830	2.1160	0.1022
2.3460	4.6870	0.1109
2.3460	2.4110	0.1207
2.2110	3.2190	0.1193
2.1090	2.4850	0.0767
2.0960	0.8060	0.0836
2.1450	1.9040	0.0990
2.0500	2.6360	0.1011
2.1450	0.6245	0.1053
2.1310	0.6410	0.0948
1.9770	1.1880	0.0909
2.0000	3.1270	0.1094
2.0300	3.3340	0.0937
2.0240	3.3830	0.1049
2.0910	3.3870	0.1115
2.2640	2.4290	0.1193
2.3040	1.6240	0.1146
2.2830	1.8580	0.1292
1.9240	3.1960	0.0886
2.1670	3.5380	0.1025
2.2120	2.2810	0.1041
1.9990	1.9590	0.0768
2.1990	2.8180	0.1055
2.1590	1.6300	0.0769
1.8150	2.8770	0.0302
2.2550	1.9210	0.0964
2.3000	1.6890	0.1069
2.2220	0.9977	0.0869
2.1190	2.2380	0.0838
2.0940	1.7290	0.0425
1.7780	3.6320	0.0615
1.7820	2.8440	0.0539
1.7170	0.9629	0.0476
1.6290	2.8450	-0.0282
1.8490	1.0200	-0.0214
1.4740	1.0600	-0.0226
1.7280	2.6040	0.0457
2.0520	4.0380	0.0436
1.6560	3.4490	-0.0498
1.4850	2.6520	-0.0679
1.4260	0.2362	-0.0476
1.3440	2.4980	-0.0659
2.1530	2.6480	0.0913
2.1330	3.0240	0.0882
2.2910	3.7850	0.0931
2.2630	1.1530	0.0905
2.1900	4.3160	0.0899
2.0890	3.8580	0.0843
2.0220	0.9495	0.0735
2.0440	3.1430	0.0920
1.8490	1.3640	0.0870
2.0790	1.8220	0.0880
1.8830	1.8130	0.0933
1.4730	0.9814	0.0610
1.6560	1.6960	0.0699
1.5600	0.7086	0.0560
1.0270	0.0163	-0.0129
1.5820	1.7100	0.0507
2.0350	2.7920	0.0735
1.9790	0.3746	0.0676
2.1260	1.4260	0.0878
1.8200	0.8686	0.0619
1.5670	0.2340	0.0424
1.8860	2.6070	0.0349
1.2280	0.4581	-0.0020
1.5540	1.7190	0.0336
1.4380	1.7710	-0.0272
1.1730	1.6840	-0.0614
2.0510	0.1572	0.1098
2.0480	1.9220	0.1033
2.2100	1.4810	0.0949
2.0920	3.0310	0.0996
2.1560	2.1260	0.1041
2.2210	0.0260	0.1029
2.2430	0.0180	0.1105
2.2500	3.3640	0.0953
2.3120	0.3160	0.0950
2.1530	3.0220	0.0926
2.1830	1.1630	0.0926
2.2090	0.7236	0.0934
2.1850	2.2730	0.0907
2.2310	2.7830	0.0917
2.3030	1.2800	0.0958
2.3070	0.7479	0.1031
2.3170	3.6940	0.0935
2.3220	3.2340	0.0925
2.3020	2.6500	0.0892
2.3800	3.2890	0.1052
2.3000	2.2010	0.1150
2.2980	1.4370	0.0890
2.3910	0.0402	0.0910
2.4390	2.8550	0.1014
2.4300	0.0571	0.1021
2.4570	2.1970	0.1090
2.3420	0.6309	0.1017
2.3930	1.9980	0.1124
2.2230	3.1440	0.0919
2.2920	3.0150	0.0967
2.2830	2.3560	0.1009
2.2760	1.5300	0.1070
2.2970	0.8788	0.1154
2.1450	2.7730	0.0912
2.1750	1.3820	0.0898
2.1580	3.2240	0.0956
2.2160	0.8217	0.1028
2.2350	3.6230	0.1130
2.2470	1.8610	0.1079
2.2170	0.6566	0.1161
2.2090	2.7730	0.0950
2.2290	0.5951	0.1117
2.2070	0.3693	0.1122
2.1780	3.2040	0.1177
2.1880	3.1600	0.1226
2.1670	2.3400	0.1132
2.0920	1.4070	0.1139
2.0380	1.7710	0.1144
2.3820	2.7880	0.1162
2.4190	2.3940	0.1171
2.2440	3.9450	0.1211
2.3140	1.6070	0.1181
2.3440	1.1030	0.1263
2.2000	3.3470	0.1244
2.2480	3.3960	0.1325
2.1710	0.5384	0.1288
2.2110	0.9577	0.1257
2.0030	1.5250	0.1134
2.1040	2.6990	0.1204
2.1340	3.3700	0.1288
2.1410	3.1870	0.1221
2.1330	3.9210	0.1283
2.1600	1.2620	0.1262
2.0600	2.7420	0.1272
2.2020	2.2100	0.1316
2.1310	1.6030	0.1359
2.1110	1.5460	0.1295
1.9960	1.3740	0.1309
2.0460	3.6720	0.1365
2.1850	1.8320	0.1219
2.0420	1.3640	0.1275
2.0540	3.1950	0.1304
2.1860	2.2500	0.1294
2.1660	0.5655	0.1333
2.3760	3.1140	0.1279
2.3640	2.9480	0.1337
2.3610	4.1860	0.1174
2.3950	2.1120	0.1181
2.6760	1.9780	0.1125
2.5860	1.3610	0.1055
2.6340	2.2520	0.1046
2.1780	0.7461	0.1118
2.2790	2.7980	0.1171
2.1140	0.7525	0.1052
2.2920	2.2670	0.0979
2.3700	4.8490	0.1024
2.4820	1.7230	0.1078
2.3150	1.3780	0.1322
2.4420	2.9130	0.1088
2.4060	0.1469	0.1100
2.3630	5.8280	0.1296
2.2730	2.8970	0.1547
2.3010	0.4498	0.1540
2.2750	2.8710	0.1566
2.2690	3.3790	0.1623
2.1650	0.9349	0.1655
2.5070	4.1400	0.1160
2.3730	1.6180	0.1293
2.3740	2.4420	0.1313
2.5970	2.9090	0.1025
2.5570	2.5280	0.1106
2.4120	4.1770	0.1299
2.4710	4.0940	0.1257
2.2760	3.6550	0.1665
2.3190	2.3580	0.1496
2.1760	5.2030	0.1679
2.2090	2.6770	0.1726
2.3390	2.0340	0.1754
2.4090	0.7008	0.1689
2.4420	0.8580	0.1736
2.2820	1.9560	0.1658
2.3400	4.6040	0.1451
2.2920	2.5180	0.1573
2.3410	3.5540	0.1705
2.4490	3.8550	0.1690
2.4220	1.7510	0.1525
2.3900	0.9803	0.1338
2.4000	1.8210	0.1572
2.2950	2.7140	0.1559
2.2460	4.9550	0.1406
2.2140	1.9000	0.1159
2.4370	0.5455	0.1176
2.4300	3.9140	0.1082
2.2590	3.0780	0.1182
2.3370	2.6570	0.1082
2.5800	4.9670	0.1014
2.4530	3.6290	0.1112
2.4310	3.9370	0.1074
2.3520	3.2410	0.1072
2.4940	2.5550	0.1244
2.2680	0.3014	0.0836
2.4940	1.8800	0.1021
2.6520	3.0110	0.1316
2.6320	2.3220	0.1180
2.7330	0.2805	0.1075
2.3690	3.0130	0.0956
2.5070	0.0714	0.1112
2.4620	0.3546	0.1097
2.2910	2.3100	0.0970
2.4490	0.4819	0.0927
2.5580	3.8560	0.0858
2.5350	3.6030	0.1213
2.3550	1.2030	0.1299
2.4390	0.6317	0.0869
2.7970	1.3200	0.1009
2.7690	0.6506	0.1177
2.7010	1.8880	0.1019
2.6810	1.9960	0.1292
2.3820	3.7830	0.1231
2.4460	1.3590	0.1181
2.2260	1.8610	0.1401
2.3110	4.3720	0.1306
2.3490	1.7230	0.1284
2.3570	0.2798	0.1474
2.3800	0.7469	0.1386
2.1480	2.8970	0.1485
2.1660	2.1340	0.1483
2.2140	0.9282	0.1418
2.2320	1.5310	0.1366
2.2500	2.4740	0.1376
2.2410	3.1730	0.1551
2.3040	2.0070	0.1413
2.2230	1.8340	0.1514
2.1800	0.6299	0.1557
2.2490	0.9996	0.1370
2.2650	3.3890	0.1430
2.3330	3.3010	0.1414
2.2580	2.2480	0.1417
2.3880	3.7850	0.1431
2.6230	2.0020	0.1335
2.4250	1.6180	0.1223
2.3620	4.2510	0.1384
2.3500	3.9960	0.1328
2.3220	2.9960	0.1248
2.3100	2.0240	0.1219
2.4250	0.6702	0.1392
2.3760	1.8560	0.1396
2.6760	2.0190	0.1162
2.5390	0.8159	0.1360
2.5170	1.8400	0.1333
2.6240	2.3960	0.1208
2.5140	2.4560	0.1261
2.4090	0.4886	0.1272
2.3420	0.9367	0.1183
2.4200	1.6820	0.1336
2.4700	0.5734	0.1314
2.4890	2.9220	0.1240
2.3350	2.5030	0.1151
2.4380	1.2900	0.1196
2.4110	4.3930	0.1197
2.2070	3.4800	0.1124
1.9670	0.0702	0.0988
1.7370	0.3098	0.0869
1.5400	0.8590	0.0710
2.3860	0.8895	0.1141
2.0790	1.6070	0.0985
1.5490	0.6673	0.0704
1.4780	0.9314	0.0616
1.0390	0.0536	0.0326
2.4110	4.2190	0.1008
2.4230	2.0750	0.1065
2.5080	1.0520	0.0978
2.4650	2.2420	0.0985
2.2070	5.4860	0.1023
2.2590	0.1103	0.0992
2.1920	1.1180	0.1019
1.9170	0.0733	0.0836
1.5530	1.1950	0.0601
2.1570	1.2060	0.1017
2.0910	0.3706	0.0969
2.2450	1.2330	0.0972
1.7150	1.8060	0.0629
1.1780	0.4653	0.0322
2.2880	3.4710	0.1039
2.1940	1.1590	0.0940
2.0390	0.7417	0.0887
2.2220	3.2290	0.1043
1.9860	2.3670	0.0913
2.2480	0.4978	0.1141
2.2210	4.1940	0.1278
2.3440	0.7294	0.1025
2.2930	3.1290	0.1097
2.2060	2.0570	0.1140
2.2240	2.6510	0.1145
2.0930	4.2780	0.0963
2.3880	0.0944	0.1031
2.4230	0.4618	0.0977
2.2770	5.1330	0.0985
2.3430	0.9130	0.1061
2.5310	2.7520	0.0993
2.4650	3.1480	0.0989
2.2840	2.7050	0.1053
2.4420	0.7423	0.0954
2.5810	0.8858	0.0882
2.6990	3.0860	0.0899
2.3360	2.6970	0.1003
2.2110	0.5956	0.0876
2.6530	0.4872	0.0941
2.4380	1.7470	0.0995
2.2600	3.6820	0.0980
2.2020	1.0290	0.0846
2.2380	1.6820	0.1272
2.2030	0.0149	0.0667
2.1630	3.2950	0.0749
2.2090	0.6689	0.0812
2.2550	4.5670	0.0826
2.2630	4.2700	0.0999
2.3150	5.8560	0.0812
2.3460	1.2950	0.0737
2.2120	0.5096	0.1045
2.2160	0.7647	0.0906
2.2390	0.5544	0.0818
2.2720	3.6020	0.0920
2.3920	3.7510	0.0722
2.2970	0.9438	0.0583
2.2860	2.5720	0.0746
2.4690	0.1389	0.0583
2.4010	2.0150	0.0582
2.4240	3.7700	0.0707
2.3350	1.3500	0.0588
2.4390	0.0217	0.0679
2.4580	2.7160	0.0900
2.4740	2.1690	0.0749
2.6090	1.7460	0.0707
2.6030	4.7260	0.0705
2.3590	0.7444	0.0564
2.7180	1.3880	0.0955
2.6690	2.4070	0.0844
2.2960	1.9260	0.0907
2.5370	3.1790	0.1025
2.5550	2.6970	0.1092
2.5630	0.6190	0.1242
2.7740	2.5970	0.1243
2.2130	3.7090	0.1124
2.2150	1.4660	0.0946
2.2480	4.5150	0.1214
2.2920	2.3400	0.1460
2.3830	3.9760	0.1504
2.3760	3.4440	0.1240
2.5590	3.3180	0.1393
2.1110	3.1980	0.1104
2.2900	0.6915	0.1341
2.5450	2.2810	0.1575
2.4200	5.0710	0.1563
2.4750	4.1180	0.1508
2.3910	2.0460	0.1643
2.2580	1.7300	0.1657
2.1820	5.0030	0.1641
2.2430	1.4340	0.1387
2.1910	2.8700	0.1438
2.3320	1.5000	0.1374
2.5560	0.5922	0.1440
2.3420	2.4730	0.1503
2.1900	4.0700	0.1455
2.1860	1.7540	0.1459
2.6100	0.6039	0.1200
2.7120	2.8600	0.1142
2.6740	3.0970	0.1387
2.3790	2.5700	0.0697
2.5990	0.6035	0.0857
2.8210	1.0300	0.1189
2.5850	2.9600	0.1397
2.5230	0.3748	0.1568
2.2180	2.4990	0.1499
2.6730	2.3840	0.1519
2.6630	0.3732	0.1504
2.5580	2.4950	0.1488
2.2020	0.4299	0.1512
2.3800	3.2190	0.1529
2.1990	2.8900	0.1552
2.2780	1.5050	0.1307
2.1570	3.0950	0.1008
2.2470	3.2120	0.1218
2.2890	0.5636	0.1313
2.2580	3.9460	0.1231
1.7400	1.5020	0.0283
2.0090	3.5150	0.0764
1.4150	0.4689	-0.0336
1.5830	2.8470	-0.0065
1.7910	1.7140	0.0500
1.8680	1.8970	0.0839
1.9390	1.3510	0.0879
2.1940	0.2315	0.1162
2.2900	0.5030	0.1212
2.1610	0.8958	0.1047
2.1270	1.2120	0.1102
2.0720	1.4820	0.0993
2.3680	2.1160	0.1046
2.1480	2.3630	0.0696
2.1710	1.9800	0.0892
2.2290	3.2820	0.0773
2.1890	0.4787	0.0640
1.1980	1.1280	-0.0577
1.6170	0.1635	0.0329
1.2640	3.3800	-0.0232
1.7580	0.8723	0.0782
1.6740	1.6320	0.0571
1.8300	2.9920	0.0848
1.9680	4.4450	0.0867
1.7520	1.1120	0.0875
2.1340	2.1700	0.0930
1.9730	1.9420	0.0861
2.1490	0.3668	0.1261
2.2310	5.7830	0.1292
2.2260	1.0370	0.1078
2.3360	1.1450	0.0831
2.1850	1.1750	0.0658
2.1870	0.6775	0.0735
2.1160	2.6110	0.0740
2.3910	3.3100	0.0654
2.4430	4.6220	0.0687
2.1710	3.4720	0.0652
2.3540	1.0220	0.0523
2.2230	3.5670	0.0562
1.0360	3.5570	-0.0712
0.8631	0.1415	-0.0549
0.9275	0.8831	-0.0648
0.9928	2.0060	-0.0518
0.9556	1.2000	-0.0410
0.7556	0.1618	-0.0237
0.7574	0.0902	-0.0462
1.0550	0.0415	0.0246
0.7865	0.1425	-0.0002
0.7906	0.0788	0.0007
0.7812	0.2911	-0.0382
1.1990	1.5310	0.0036
0.7177	0.0276	-0.0488
0.7249	0.0275	-0.0215
0.8697	0.1868	0.0078
1.4340	0.0592	0.0504
1.1490	1.0130	0.0246
1.6670	0.1226	0.0729
