1.7280	0.7519	0.1098
2.3860	0.9522	0.1503
2.2290	0.9143	0.1766
2.3990	2.6010	0.2032
2.5010	1.1450	0.2355
2.4190	0.9395	0.2874
2.2440	2.3990	0.2246
2.2610	2.9250	0.1815
2.5110	0.3683	0.1737
2.3650	0.1450	0.1697
1.4740	0.0517	-0.0483
2.3410	2.4530	0.2590
2.1170	2.8910	0.1517
2.2670	2.8390	0.1824
2.1610	4.4350	0.1938
2.4320	0.3798	0.2345
2.1950	1.4090	0.1716
2.0570	1.6440	0.1394
2.3450	2.4490	0.2988
2.3100	0.6102	0.3149
1.3940	0.2059	0.0223
2.4360	0.5297	0.3495
2.4710	2.0730	0.3179
2.4820	0.3036	0.2080
2.2450	1.0730	0.1714
2.3190	0.3595	0.1828
2.3490	1.8910	0.1805
2.3480	3.3670	0.2552
2.7240	2.1380	0.2428
2.4000	1.3300	0.2204
2.6360	3.5850	0.1830
2.4050	2.8930	0.2439
2.1250	0.9615	0.1545
2.3350	1.5190	0.1991
1.3570	0.2010	0.0539
2.7280	2.9480	0.1692
2.4090	0.3997	0.2534
2.5170	1.0810	0.2019
2.3030	0.7002	0.2851
2.5900	2.6230	0.2702
2.2650	3.9340	0.2122
1.6700	1.5940	0.0206
2.2020	2.0430	0.1403
2.1550	2.5740	0.1622
2.2160	4.5650	0.1575
2.1740	3.9030	0.1775
2.4090	1.9110	0.2268
2.0920	4.3210	0.1479
2.1440	2.9830	0.1734
2.1510	2.8200	0.2010
2.1990	1.9810	0.2028
2.3610	4.1130	0.1994
2.2670	0.7928	0.1538
2.4830	0.8396	0.2758
2.2510	2.7630	0.1501
2.2800	2.4720	0.1765
2.1480	2.9890	0.1539
2.2300	3.0360	0.2171
2.2880	2.7880	0.2381
2.4340	0.4812	0.3124
2.2570	1.2220	0.2033
2.1680	1.6930	0.0384
2.2610	1.5660	0.0615
1.7440	0.0549	0.0102
2.2060	1.5670	0.0816
2.3090	3.8610	0.3264
2.2360	2.8490	0.2433
2.2140	1.0550	0.1920
1.4140	0.0763	0.0739
2.0250	2.0930	0.1338
1.9320	2.5560	0.1270
1.3720	3.0570	-0.0518
2.3970	1.0260	0.3327
2.2460	0.0397	0.1850
2.3860	2.5390	0.3363
2.2100	3.8500	0.3647
2.3370	3.1500	0.3685
2.5340	2.0890	0.3353
2.4540	1.8730	0.3350
2.5960	1.0450	0.2541
2.5340	1.4000	0.2095
2.5890	2.7180	0.2922
2.5030	2.6300	0.2313
2.2760	0.7047	0.1860
2.4510	0.4387	0.1868
2.4410	1.0850	0.1942
2.1880	2.3930	0.1724
2.1030	0.5651	0.1844
2.0520	2.9190	0.1851
2.2080	1.1120	0.1624
2.2770	3.4890	0.1907
2.6580	4.1410	0.1535
2.6780	3.3280	0.1733
2.2730	1.5710	0.1603
2.2170	0.7164	0.2073
2.4790	3.3160	0.2098
2.6250	0.8553	0.1931
2.6790	4.0560	0.1522
2.4230	5.4180	0.2200
2.6230	2.6520	0.2035
2.4630	2.8140	0.2328
2.2460	4.1610	0.2464
2.3810	2.9010	0.2727
2.6780	4.0220	0.1275
2.5400	3.2030	0.1753
2.4430	0.3855	0.2818
2.5030	2.7610	0.2472
2.5880	3.1600	0.1043
2.5200	0.7877	0.1387
2.5080	1.9570	0.1843
2.4910	3.3670	0.2071
2.4360	1.5520	0.2473
2.4610	0.9593	0.1857
2.4250	0.6594	0.2262
2.3720	0.1766	0.2193
2.4060	1.6820	0.2644
2.4480	2.6230	0.1826
2.3920	0.7818	0.2230
2.2600	1.3640	0.1922
1.7120	0.0456	0.1213
1.8340	0.6206	0.1193
1.2890	0.2900	0.0744
2.4520	4.1180	0.1729
2.3580	3.7850	0.1721
1.9650	0.1784	0.1445
2.3080	1.1050	0.1677
1.8460	0.9053	0.0860
2.5170	1.7470	0.2142
2.5230	7.4910	0.1480
2.3840	2.4910	0.2161
2.5690	2.7600	0.2453
2.4850	0.4403	0.2247
2.3510	1.4550	0.1559
2.4870	6.2550	0.2223
2.4110	2.8920	0.2569
2.3320	3.5180	0.2227
2.3250	3.1340	0.1776
2.3280	0.7652	0.1770
2.2360	4.3950	0.1328
2.1620	2.0390	0.2624
2.0900	2.9520	0.2490
2.3750	3.2090	0.2736
2.4380	0.6245	0.2591
2.5070	0.4532	0.2233
2.6890	1.8980	0.2866
2.5520	1.6770	0.2514
2.4040	3.9680	0.2515
2.2670	2.3720	0.2688
2.5150	1.6030	0.2498
2.7040	0.0436	0.2663
2.0550	3.0460	0.1058
2.2150	2.2000	0.2108
2.2840	0.8848	0.2546
2.4170	1.3020	0.1794
1.6340	0.0302	-0.0146
2.2020	0.7285	0.1178
2.3060	3.0040	0.1551
2.4470	1.8890	0.1756
2.4980	1.7530	0.1563
1.3080	0.3598	-0.0404
1.2180	0.3428	0.0054
1.4040	0.3792	0.0198
2.2360	4.7680	0.1566
2.2050	1.7940	0.1498
2.2270	3.5560	0.1645
2.1610	1.5120	0.1446
2.1150	2.6470	0.1531
2.1790	1.8410	0.1462
2.1990	1.9800	0.1548
2.1710	0.5614	0.1808
2.1800	4.1860	0.1694
2.0930	1.1460	0.1630
2.1310	4.3570	0.1643
2.0570	2.0100	0.1536
2.2910	2.8000	0.2173
2.3610	0.1930	0.2528
2.3110	3.1090	0.1979
2.2700	0.0994	0.1708
2.3870	1.5940	0.1969
2.2710	0.2406	0.1504
2.1100	0.0996	0.1639
2.1500	3.5340	0.1931
2.0680	2.1780	0.1539
2.1210	1.0390	0.1500
2.1850	2.3180	0.1575
2.1520	1.4330	0.1864
2.1800	1.6280	0.2121
2.1880	2.4760	0.1900
2.1160	3.8440	0.1769
2.1380	3.0340	0.1884
2.2520	1.3920	0.2025
2.2800	3.5780	0.2009
2.2720	2.2300	0.1813
2.2800	4.4760	0.1652
2.4300	5.6130	0.2165
2.4230	5.6960	0.1983
2.3440	2.6370	0.1754
2.2200	0.9726	0.1476
2.1580	2.4390	0.1403
2.4740	3.0100	0.2600
2.3950	3.7670	0.2200
2.3760	0.9203	0.2277
2.4690	0.1779	0.2719
2.3730	0.7142	0.2362
2.4250	0.0373	0.2104
2.2480	2.1420	0.1817
2.1120	1.2530	0.0808
2.1400	0.7388	0.1153
2.1680	1.1570	0.1381
2.1340	3.9390	0.1513
2.2990	0.5139	0.1617
2.1650	0.6599	0.1344
2.1720	1.4850	0.1695
2.1410	1.1600	0.1777
2.2290	3.9750	0.2092
2.1850	2.7100	0.1898
2.2030	3.4220	0.1957
2.2770	2.1250	0.2444
2.2930	0.6928	0.2733
2.4510	2.0610	0.2870
2.2720	4.3640	0.2142
2.2640	3.6160	0.2327
2.3190	1.4540	0.2965
2.3180	0.2228	0.2749
2.3900	0.0088	0.3159
2.0840	1.4170	0.0600
2.2400	0.7018	0.1750
2.3670	0.0861	0.2476
2.2470	1.4960	0.1555
2.1130	0.2707	0.1259
2.1520	0.6727	0.1768
2.0350	2.4080	0.0763
2.3060	3.6610	0.2166
2.3230	3.5350	0.2053
2.2940	4.1750	0.2203
2.2200	0.7938	0.0533
1.9870	3.3970	0.0185
2.3370	4.2710	0.0645
2.3280	3.8570	0.2338
1.9920	0.3529	0.0941
1.7700	3.6010	-0.0346
1.6870	2.1600	-0.0415
1.5160	1.7900	-0.0510
1.6500	0.6217	-0.0268
2.3860	1.0480	0.3217
2.3410	1.6530	0.2749
2.2700	3.4670	0.3265
2.2980	0.7978	0.2853
2.3110	3.7210	0.2998
2.2790	2.5840	0.2523
2.0810	1.5870	0.2030
2.3330	0.8089	0.2710
2.1300	2.2680	0.1598
2.2810	1.8580	0.2281
1.9170	1.1450	0.1307
1.5800	0.2898	0.0947
1.8480	0.8188	0.1189
1.7830	0.7938	0.1033
1.3470	0.1312	0.0448
1.6920	0.2224	0.0825
2.0800	2.9390	0.1782
1.9870	1.3180	0.1482
2.2100	1.0630	0.2176
1.9710	1.0220	0.1244
1.6510	0.3861	0.0630
1.8820	1.5980	0.1003
1.3890	0.7215	-0.0110
1.6250	1.0880	0.0466
1.5290	0.1599	-0.0137
1.3990	1.4560	-0.0670
2.2270	1.3490	0.1887
1.9720	0.8480	0.1281
2.3180	0.7167	0.3175
2.3890	2.5390	0.2811
2.4550	2.0720	0.2687
2.4550	2.1580	0.3380
2.4770	1.2300	0.2465
2.2300	2.6640	0.3454
2.2480	2.5030	0.3531
2.4240	1.2490	0.3234
2.3230	2.8910	0.3459
2.2870	0.9241	0.3682
2.3910	2.4300	0.3407
2.2820	2.6770	0.3803
2.3340	1.0670	0.3604
2.4130	3.0190	0.3561
2.2650	2.9470	0.3549
2.2300	3.4300	0.3651
2.3400	2.7450	0.3743
2.4130	2.7280	0.3600
2.4470	2.5460	0.3344
2.5020	1.8950	0.3492
2.4740	0.0909	0.3593
2.5000	1.8190	0.3314
2.5140	2.9120	0.2890
2.4970	1.6740	0.3069
2.5230	1.7950	0.2312
2.5060	2.4190	0.2198
2.5370	0.9187	0.2852
2.5560	1.6620	0.2628
2.5750	0.7296	0.2227
2.5770	1.3750	0.2308
2.5610	0.8265	0.2036
2.4590	2.6650	0.3116
2.5020	3.0820	0.3089
2.4640	0.7179	0.3034
2.5090	3.4070	0.2899
2.5100	4.0570	0.2669
2.6250	1.8530	0.2387
2.4960	2.2070	0.2252
2.5840	2.0700	0.2758
2.5900	0.3946	0.2711
2.4550	0.7990	0.2461
2.3710	4.3130	0.2070
2.3370	3.7450	0.2010
2.4060	1.8470	0.2156
2.3390	0.8075	0.1930
2.2530	0.6243	0.1813
2.4860	0.8012	0.1984
2.4580	0.1350	0.2121
2.4220	0.4582	0.1995
2.5530	2.2730	0.1946
2.4770	1.9500	0.1924
2.2470	3.0980	0.1832
2.4170	0.3140	0.1882
2.2020	2.5110	0.1837
2.2180	2.0350	0.1919
2.2010	0.3425	0.1758
2.1960	1.4740	0.1795
2.1740	2.9910	0.1792
2.2270	3.6230	0.1734
2.1470	3.0670	0.1793
2.0830	3.1160	0.1900
2.1280	0.0409	0.1877
2.1150	2.4640	0.1895
2.0600	2.9390	0.1853
2.1090	0.7929	0.1832
2.1310	0.2182	0.1885
2.2600	2.8500	0.1873
2.2070	0.3557	0.1670
2.1180	1.7490	0.1852
2.1680	4.2360	0.1854
2.2670	1.9180	0.1663
2.2800	2.0150	0.1740
2.4120	3.1420	0.1688
2.5090	3.3370	0.1792
2.4870	1.1910	0.1652
2.4540	3.4420	0.1616
2.7320	0.6717	0.1626
2.4450	2.9840	0.1648
2.5980	2.0530	0.1523
2.3020	0.6432	0.1667
2.3860	2.6870	0.1662
2.2420	0.9233	0.1654
2.2310	2.6180	0.1623
2.1580	5.2100	0.1836
2.2910	1.6350	0.1904
2.2610	1.4260	0.1841
2.4220	0.4915	0.1580
2.2210	2.2160	0.1869
2.1810	2.2520	0.2205
2.2710	1.5550	0.2222
2.3740	2.1040	0.2097
2.2250	4.6400	0.2185
2.3110	0.8071	0.2140
2.4570	2.9280	0.2062
2.6540	3.4710	0.1690
2.5840	3.3120	0.1841
2.4480	3.3700	0.1871
2.6190	2.4140	0.1317
2.6350	0.3306	0.1300
2.7080	1.9960	0.1873
2.4750	1.9740	0.0992
2.6210	1.4730	0.2052
2.5730	3.1590	0.2047
2.4850	1.5170	0.2048
2.5010	1.8610	0.2031
2.4470	1.3890	0.2053
2.4400	0.8988	0.2451
2.4740	1.2540	0.2250
2.7550	1.7780	0.2090
2.6150	0.1174	0.2449
2.6470	1.0250	0.2050
2.6260	0.9668	0.2118
2.3140	3.7560	0.2410
2.4230	3.5880	0.2462
2.5310	0.4679	0.2670
2.2640	2.2730	0.2549
2.2930	1.6300	0.2353
2.2880	4.0980	0.2389
2.2330	0.5441	0.2313
2.3160	0.8278	0.2421
2.8490	1.8480	0.1619
2.4330	2.8970	0.1718
2.6890	2.2200	0.1003
2.7360	4.1250	0.1303
3.0540	1.7500	0.1439
2.9530	2.3320	0.1374
2.6640	3.3720	0.1778
2.4860	1.5630	0.2884
2.6050	1.9410	0.2713
2.3320	0.8913	0.2400
2.4160	2.4160	0.2878
2.4790	2.9860	0.2875
2.4910	1.0170	0.2779
2.4170	2.0470	0.2336
2.6130	1.3940	0.1097
2.7610	2.8070	0.1448
2.5120	0.2430	0.1035
2.4480	2.5260	0.1134
2.4340	2.1820	0.1292
2.6930	1.1350	0.1477
2.5230	1.6640	0.1921
2.4200	2.5890	0.1597
2.6080	2.2640	0.1266
2.6190	1.1070	0.1499
2.5560	1.1570	0.1564
2.4940	1.7910	0.1784
2.4420	2.1950	0.2268
2.4480	1.4310	0.2607
2.4220	1.1790	0.1869
2.4530	0.8505	0.1904
2.4610	2.3460	0.2261
2.4720	1.7220	0.2358
2.4270	1.5690	0.2439
2.4180	1.5450	0.1831
2.3470	1.8710	0.1916
2.3780	2.6650	0.1799
2.3690	1.5420	0.1864
2.3690	2.6810	0.1848
2.4880	1.5260	0.2137
2.4350	1.5930	0.2349
2.4720	2.2230	0.1900
2.4650	2.1180	0.1894
2.3620	0.7340	0.2047
2.3810	0.1782	0.2282
2.4050	3.4210	0.2354
2.3400	1.9340	0.2109
2.3730	2.8250	0.2082
2.4350	0.9013	0.1954
2.4420	0.5775	0.2968
2.3960	3.3940	0.2518
2.4110	3.3250	0.2643
2.4880	3.3190	0.2881
2.4510	2.1490	0.2880
2.3900	1.3080	0.2230
2.3970	2.7830	0.2425
2.4790	1.2650	0.1815
2.4030	1.2620	0.1980
2.3650	0.8114	0.1919
2.3740	1.0850	0.1759
2.1970	0.0612	0.1816
2.4310	0.9273	0.2576
2.4530	1.2310	0.2446
2.4100	1.8360	0.2479
2.3200	1.0090	0.2018
1.9990	3.3080	0.1691
2.2690	1.5900	0.1855
1.8620	1.2810	0.1308
1.8870	2.7440	0.1449
1.9120	1.1080	0.1334
1.6830	0.3434	0.1103
1.5560	0.5237	0.0979
1.4740	0.1002	0.0855
2.0090	0.4504	0.1406
1.7580	0.0849	0.1178
1.5330	0.1729	0.0906
1.5380	0.1379	0.0916
1.2750	0.3283	0.0601
2.4270	4.0850	0.1804
2.2850	2.3700	0.1659
2.5140	0.3528	0.1649
2.4740	2.3120	0.1737
2.4320	4.9110	0.1823
2.3820	0.6711	0.1948
2.3370	0.0002	0.1855
1.8850	0.4720	0.1336
1.6280	0.2988	0.0979
2.1210	1.2580	0.1532
2.2210	0.0901	0.1664
2.2400	1.1080	0.1740
1.8570	0.6727	0.1178
1.5030	0.0854	0.0647
2.3480	3.4050	0.1982
2.1920	0.2244	0.1608
2.0640	0.6599	0.1342
2.3430	2.7750	0.1467
2.1830	1.6780	0.1191
2.4550	1.6130	0.1608
2.4600	4.7690	0.1551
2.4270	2.1660	0.2237
2.4140	0.0123	0.2044
2.5360	2.2980	0.1772
2.7020	0.5869	0.1914
2.5760	0.5817	0.1441
2.3880	1.0900	0.2008
2.3920	1.7300	0.2301
2.4740	3.3490	0.1556
2.3950	1.6890	0.1883
2.3780	3.1650	0.2114
2.5680	1.8170	0.2347
2.7290	3.9870	0.2137
2.4920	1.2930	0.2422
2.4890	2.0390	0.2560
2.4970	2.9020	0.2732
2.5380	0.6706	0.2187
2.6450	1.9170	0.2064
2.5120	4.1230	0.2603
2.3620	3.3930	0.2272
2.2850	3.3200	0.2198
2.4510	2.3620	0.1495
2.4330	0.4213	0.1787
2.3930	0.9109	0.1500
2.4780	0.4599	0.1384
2.4340	1.7390	0.1636
2.4490	4.1900	0.2122
2.5050	4.7150	0.2359
2.4680	3.2370	0.2482
2.4090	3.4330	0.2117
2.2840	1.5040	0.2276
2.4180	1.4170	0.2384
2.4290	2.7430	0.2644
2.4400	2.8950	0.2767
2.3760	2.0700	0.2527
2.3320	1.9860	0.1804
2.4430	0.6123	0.1968
2.2720	2.8950	0.1667
2.2770	3.7300	0.1915
2.3210	3.6470	0.1927
2.3490	0.4078	0.1621
2.4260	2.1190	0.1555
2.3980	2.2100	0.2072
2.3120	1.2460	0.1747
2.1930	4.2180	0.1429
2.2600	0.7118	0.1515
2.2070	3.3110	0.1443
2.3400	0.4298	0.2005
2.2680	3.2680	0.2111
2.4120	0.9133	0.2464
2.4790	1.2990	0.2244
2.1810	2.7130	0.2586
2.1260	0.5882	0.2770
2.0970	2.2930	0.2781
2.4740	2.7680	0.2701
2.4470	2.4680	0.2734
2.3050	2.6340	0.2407
2.3320	2.6710	0.2580
2.3820	2.8130	0.2657
2.2760	2.2540	0.2744
2.3120	1.7670	0.2638
2.2780	1.1460	0.2726
2.3870	1.6820	0.2758
2.4550	2.0180	0.2618
2.4560	1.2000	0.2538
2.4470	1.8190	0.2638
2.4640	1.1880	0.2447
2.4650	0.4451	0.2303
2.3770	1.6220	0.2160
2.5490	2.1340	0.2893
2.4940	2.3740	0.2528
2.7460	3.0600	0.2648
2.6580	1.7230	0.2633
2.6940	0.0442	0.2617
2.4520	3.2540	0.2225
2.4140	1.9450	0.2211
2.3520	2.1600	0.2771
2.2930	0.2383	0.2641
2.3820	1.8100	0.2552
2.3360	0.2528	0.2035
2.1460	3.1300	0.2503
2.1410	3.1390	0.2729
2.2180	2.8840	0.2748
2.5050	2.1660	0.2501
2.3170	2.7030	0.2328
2.3800	2.9490	0.2522
2.3890	1.4560	0.2548
2.4490	2.9130	0.2676
2.3140	1.3490	0.2373
2.5210	2.6380	0.2413
2.2920	2.1630	0.2263
2.6700	0.8925	0.3033
2.5520	2.2190	0.2961
2.5870	2.4520	0.3073
2.7780	0.8001	0.2858
2.6160	0.7379	0.2704
2.3170	1.3610	0.1814
2.4980	2.2650	0.2581
1.8280	0.4040	0.0170
2.1350	2.5530	0.0626
2.1100	0.2291	0.1725
2.1440	0.9058	0.2033
2.1420	0.8323	0.2236
2.3270	0.6350	0.2657
2.3650	1.9460	0.2715
2.4150	1.0570	0.2459
2.2170	0.9556	0.2514
2.2830	0.5713	0.2389
2.3420	2.4340	0.2533
2.3620	1.9980	0.1586
2.3620	0.9316	0.2260
2.4440	1.4680	0.1982
2.3590	3.4270	0.1730
1.5980	0.0780	-0.0214
1.8980	0.1358	0.0513
1.5750	1.5200	-0.0303
1.9490	0.8826	0.0795
1.8970	0.4477	0.0607
2.1060	3.0700	0.1141
2.2420	4.6070	0.1584
2.0290	1.2830	0.1051
2.3810	1.7270	0.1915
2.1540	0.3604	0.1418
2.3700	0.2670	0.1524
2.4740	5.8290	0.2268
2.4950	3.4020	0.2295
2.5020	0.2873	0.1981
2.3890	0.2719	0.1551
2.4040	2.3120	0.1583
2.3380	1.8310	0.1443
2.4850	2.5750	0.1572
2.5040	5.0210	0.1571
2.4350	0.2494	0.1543
2.3920	3.0250	0.1589
2.3680	2.3560	0.1653
1.3750	2.3940	-0.0600
1.2910	0.1793	-0.0279
1.3250	0.5885	-0.0538
1.4130	2.8960	-0.0470
1.4000	1.1630	-0.0398
1.2240	0.3365	0.0321
1.2360	0.2186	0.0036
1.2630	0.3158	0.0659
1.2080	0.3973	0.0354
1.2550	0.3232	0.0211
1.3040	0.0583	-0.0239
1.5550	1.5990	0.0053
1.2500	0.1738	-0.0183
1.2670	0.1803	0.0001
1.3390	0.1029	0.0303
1.8410	0.7074	0.0763
1.6270	1.1810	0.0576
2.0570	0.4431	0.1035
1.7140	0.6957	0.0661
2.1760	2.0280	0.1677
2.2280	3.0430	0.1851
2.0770	2.3310	0.1862
2.6200	0.5705	0.2640
2.5660	1.5010	0.3379
2.3210	0.2740	0.2215
2.0360	1.5550	0.2320
2.5670	0.8106	0.1800
2.1020	2.5820	0.1721
1.6320	1.8740	-0.0588
2.2910	2.9050	0.2113
2.1240	2.3880	0.1470
2.0230	2.3550	0.2115
2.2340	4.6400	0.1893
2.4570	0.9553	0.2423
2.0430	2.8890	0.1261
2.0440	2.2540	0.1892
2.2880	2.5950	0.1772
2.4710	1.5020	0.3269
1.5030	0.2912	-0.0027
2.5150	1.0270	0.3010
2.5390	0.5415	0.2547
2.4450	0.9799	0.2261
2.2090	1.8970	0.1636
2.5290	2.2860	0.2024
2.4350	0.7380	0.2005
2.4100	0.3606	0.2416
2.7130	2.0570	0.1473
2.8250	1.8760	0.2312
2.2760	1.4640	0.1605
2.6250	0.9146	0.2438
2.2590	4.0560	0.1931
2.4290	3.1480	0.1887
0.9743	0.2316	0.0469
2.3790	5.3660	0.1580
2.5500	0.7090	0.1981
2.5620	1.0720	0.1714
2.5410	0.8745	0.2283
2.6060	2.2150	0.2773
2.3280	4.1470	0.1728
1.7900	1.5780	-0.0034
2.1420	3.0410	0.1527
2.2260	1.5740	0.1631
2.1530	4.4070	0.1696
2.1660	2.7470	0.1476
2.3160	1.2490	0.2248
2.2070	3.7410	0.1419
2.2120	4.8740	0.1583
1.9640	1.5730	0.1870
2.1700	2.0550	0.1862
2.3190	6.2810	0.2005
2.2020	0.2986	0.1645
2.6960	1.1880	0.2940
2.5830	2.1290	0.2298
2.3040	3.0260	0.2099
2.0670	3.0020	0.1351
2.1630	1.1410	0.1688
2.0940	3.7830	0.1450
2.3120	2.8710	0.2098
2.4900	0.4772	0.3082
2.1240	1.1730	0.1153
1.9410	1.3900	0.0022
1.8850	1.8190	0.0568
1.7480	1.9280	-0.0076
2.3160	1.9100	0.3722
2.3350	3.0460	0.3045
2.2640	0.3579	0.1354
1.2700	0.1970	0.0011
2.3220	0.3006	0.1466
2.1410	2.1830	0.1340
1.5400	1.8160	-0.0238
2.5610	0.0812	0.3131
2.3560	3.6860	0.1754
2.5040	2.1620	0.3316
2.2900	2.7030	0.3823
2.3280	3.3470	0.3532
2.5380	1.7170	0.2849
2.4190	0.8405	0.2752
2.6140	0.2433	0.2505
2.6170	3.2220	0.2353
2.6180	1.6530	0.2871
2.4250	3.9810	0.2335
2.3160	1.5630	0.1979
2.3650	1.8650	0.2218
2.6870	0.9205	0.2292
2.1810	0.3231	0.1748
2.3080	2.0860	0.2009
2.3250	1.4790	0.1974
2.1140	0.6608	0.1617
2.1810	2.1390	0.1872
2.3420	4.3560	0.1470
2.4150	3.4470	0.1801
2.1430	2.0420	0.1662
2.1120	0.5964	0.2095
2.1950	3.6930	0.2179
2.5600	1.5980	0.1926
2.4150	4.4150	0.1766
2.1710	2.2090	0.2299
2.3720	2.4670	0.2290
2.4370	2.6620	0.2316
2.3240	2.6820	0.2497
2.4580	1.5650	0.2288
2.5820	3.9980	0.1480
2.1210	0.4890	0.1502
2.4800	2.7080	0.2175
2.7840	3.5020	0.1897
2.5270	3.8860	0.1151
2.6520	2.4310	0.1334
2.4260	2.9070	0.1813
2.4930	0.0599	0.2156
2.5460	0.5555	0.2296
2.3160	1.0410	0.1864
2.3890	2.1800	0.2315
2.6750	0.0853	0.2500
2.5840	1.0080	0.2454
2.4600	1.9750	0.2096
2.5130	1.0770	0.2526
2.3950	0.7341	0.2369
1.6310	0.7126	0.1168
1.6420	0.6192	0.0990
1.1940	0.4628	0.0263
2.4160	5.1210	0.1844
2.0450	1.8050	0.1627
1.9200	1.1450	0.1116
2.2230	0.0971	0.1604
1.7780	2.3710	0.0808
2.3940	2.5380	0.1955
2.1630	5.8240	0.1743
2.6060	0.0820	0.2238
2.5630	3.1380	0.2129
2.4120	1.5120	0.2160
2.4470	0.7210	0.1507
2.2230	6.0750	0.2059
2.4680	2.0160	0.2224
2.5600	2.5560	0.1787
2.6480	0.7575	0.1631
2.3580	2.4570	0.1965
1.9790	3.8650	0.1504
2.2580	2.1160	0.2564
2.4430	2.8010	0.2492
2.4720	2.3390	0.2496
2.3590	1.5580	0.2320
2.2130	2.3280	0.2363
2.4500	1.1250	0.2890
2.2720	2.8840	0.2729
2.4520	3.0550	0.2304
2.4170	4.7010	0.2420
2.3420	2.4300	0.2582
2.5860	2.1460	0.2752
1.8880	0.6594	0.0487
2.0610	0.1817	0.1611
2.3850	0.2698	0.2229
1.9910	3.6450	0.2274
1.6150	1.1130	-0.0534
2.2350	1.8440	0.1022
2.1240	1.2560	0.1548
2.3500	2.7330	0.1804
2.5600	2.0520	0.1703
1.0700	0.2384	-0.0376
0.7149	0.1804	-0.0038
1.2820	1.2670	0.0397
2.2130	5.2140	0.1720
2.1450	3.8240	0.1586
2.2010	3.0650	0.1772
2.0960	2.3620	0.1440
2.1710	2.3980	0.1533
2.1060	1.7450	0.1514
2.1230	2.9540	0.1586
2.2540	2.4630	0.1772
2.1400	5.3940	0.1698
2.1230	3.2400	0.1459
2.1790	3.4180	0.1439
2.1970	2.3140	0.1460
2.2440	2.6700	0.1799
2.3220	2.9440	0.2222
2.2570	2.6760	0.1873
2.2120	3.6880	0.1824
2.1720	3.1240	0.2296
2.1260	0.4754	0.1668
2.3460	1.0760	0.1590
2.3380	0.4523	0.1758
2.2740	0.1311	0.1501
2.1960	2.0720	0.1469
2.0540	0.6270	0.1585
2.1930	3.1310	0.1685
2.2230	2.7070	0.1989
1.9260	6.1190	0.1921
2.0280	1.3540	0.1541
2.0560	3.8450	0.1673
2.0410	1.7890	0.1861
2.0920	3.5820	0.1847
2.2550	3.3970	0.1880
2.2430	3.7160	0.1755
2.3630	4.6050	0.2150
2.3240	4.3640	0.2067
2.2810	2.7210	0.1892
2.1550	0.8683	0.1498
2.0990	2.0390	0.1403
2.6030	3.1120	0.2676
2.5940	2.3810	0.2473
2.4120	1.6830	0.2311
2.6320	0.9868	0.3199
2.6520	0.4247	0.3055
2.6840	1.9270	0.2896
2.4310	1.7880	0.2241
2.2010	1.2570	0.1685
2.1310	0.8575	0.1551
2.1120	2.3360	0.1453
2.0870	2.9830	0.1392
2.2560	0.8523	0.1779
2.1270	1.0320	0.1526
2.0530	2.5920	0.1314
2.0760	2.8420	0.1456
2.0360	2.6950	0.1471
2.0470	2.5860	0.1440
2.1520	2.2640	0.1552
2.2330	2.2090	0.1836
2.2260	0.5072	0.1934
2.2920	2.9170	0.2234
2.0250	2.8470	0.1335
2.1220	3.2830	0.1585
2.2120	0.9655	0.1686
2.2100	2.1010	0.1516
2.3270	2.8770	0.2072
2.3800	2.2580	0.1638
2.0530	3.0180	0.1082
2.5530	0.7102	0.3306
2.5850	0.2919	0.2588
2.3900	1.2230	0.2102
2.3320	0.7963	0.2524
2.1910	0.5306	0.1681
1.9790	0.9639	0.0707
1.9780	3.5770	0.0621
2.0040	0.6208	0.0935
2.0020	1.8810	0.0830
2.1050	0.7098	0.1018
1.8560	0.4138	-0.0205
2.0060	3.7060	0.0392
1.9370	2.4570	0.1244
1.9580	1.0900	0.0299
1.8130	3.0940	-0.0177
1.7510	0.7179	-0.0385
1.6400	2.1850	-0.0503
2.4830	2.2740	0.3520
2.3650	2.1970	0.3502
2.2780	4.4220	0.3779
2.4180	0.4989	0.3362
2.2730	4.8190	0.3572
2.2980	2.8330	0.2968
2.2600	4.0370	0.2571
2.6240	3.5650	0.2611
2.3370	0.3966	0.1437
2.4740	1.0660	0.2537
1.8400	0.0092	0.0912
1.7260	1.4730	0.0289
1.9180	1.0390	0.0620
1.9680	0.1719	0.0543
1.2780	0.0976	-0.0072
1.8560	0.2458	0.0526
2.3140	2.5900	0.2215
2.1630	1.1930	0.1819
2.3940	0.8151	0.2452
2.1770	0.8860	0.1393
1.8130	0.0571	0.0473
1.9740	3.2100	0.1057
1.5140	0.5577	-0.0079
1.7810	0.9371	0.0277
1.7770	2.6770	0.0130
1.6530	1.6300	-0.0568
2.3060	1.5500	0.1501
1.8170	0.7540	0.1090
2.5340	1.8520	0.3543
2.6380	2.2290	0.2369
2.5430	0.4880	0.2413
2.5610	0.5055	0.2795
2.4830	0.2169	0.2378
2.2760	3.3010	0.3909
2.3490	2.1560	0.3770
2.5260	2.2160	0.3408
2.4200	1.3840	0.3612
2.4070	0.5288	0.3728
2.5400	1.8370	0.3144
2.4090	1.8500	0.3553
2.4160	3.2900	0.3453
2.4630	1.4400	0.3012
2.4000	3.2900	0.3614
2.3050	3.4330	0.3685
2.3650	1.7480	0.3505
2.3630	2.5430	0.3239
2.4980	2.1260	0.2748
2.5190	0.3215	0.2919
2.4060	1.7540	0.3321
2.4450	1.9910	0.3066
2.5780	1.4250	0.2751
2.5480	1.4950	0.2782
2.5750	3.4620	0.2485
2.6550	0.1053	0.2493
2.6020	2.3640	0.2746
2.5770	0.0152	0.2528
2.5830	2.4050	0.2459
2.5040	1.5010	0.2447
2.5140	0.3517	0.2424
2.5900	2.7940	0.3054
2.6050	0.8202	0.2878
2.6190	2.0790	0.3187
2.6620	2.5690	0.2941
2.5580	3.8140	0.2653
2.5210	2.7070	0.2521
2.4380	2.0270	0.2276
2.6220	2.2340	0.2603
2.5570	2.5700	0.2589
2.4560	0.0782	0.2328
2.3630	3.8370	0.2087
2.3580	2.9510	0.2106
2.3760	0.0406	0.2119
2.3360	1.1150	0.2011
2.2570	0.2623	0.1864
2.6850	1.6450	0.2333
2.6800	2.7530	0.2389
2.4220	3.0420	0.2285
2.5150	2.5030	0.2294
2.6190	1.8120	0.2264
2.4740	2.2980	0.2170
2.6180	0.3103	0.2159
2.3040	3.3220	0.1994
2.3680	0.3737	0.2149
2.2230	2.0440	0.1800
2.2370	1.3830	0.1839
2.2160	0.0098	0.1807
2.1630	3.3440	0.1725
2.2510	2.9500	0.1818
2.3200	2.8360	0.2112
2.3500	3.4130	0.2033
2.3540	0.4955	0.2169
2.3200	0.4432	0.2028
2.2430	0.0347	0.1779
2.2400	0.5988	0.1967
2.3850	1.8200	0.1942
2.2080	1.0550	0.1664
2.1400	0.8450	0.1830
2.0940	4.0940	0.1722
2.0990	2.7540	0.1667
2.0860	1.5400	0.1752
2.2080	2.8770	0.1675
2.1550	3.1980	0.1757
2.2580	2.9360	0.1577
2.2760	2.7950	0.1587
2.4390	1.3150	0.1650
2.5030	1.3330	0.1620
2.6240	2.8020	0.1785
2.1530	0.8105	0.1698
2.1790	3.2980	0.1632
2.1710	1.4160	0.1743
2.1350	2.6790	0.1761
2.1320	2.4640	0.1821
2.1770	1.3240	0.1638
2.2510	0.8022	0.1986
2.1960	0.7366	0.1551
2.1110	2.9630	0.1741
2.1800	5.5000	0.2122
2.1590	0.7394	0.2221
2.3140	1.1080	0.2246
2.1580	1.7540	0.2248
2.1720	3.8070	0.2142
2.1160	2.2150	0.1960
2.3960	4.1830	0.1842
2.1650	3.0750	0.1756
2.5470	2.8510	0.1956
2.5830	2.4620	0.1823
2.5640	2.1430	0.1631
2.5250	3.4150	0.1660
2.5440	0.9478	0.1489
2.3250	1.6720	0.2257
2.4960	0.5708	0.2272
2.1910	2.6240	0.2197
2.2130	3.6060	0.2178
2.2060	0.7696	0.2280
2.2900	2.3050	0.2299
2.4010	0.4562	0.2319
2.4430	1.7970	0.2132
2.5240	0.2023	0.2093
2.4790	1.2890	0.2253
2.4320	2.5120	0.2328
2.4170	1.9470	0.2355
2.4690	0.6128	0.2264
2.6860	0.6561	0.2249
2.3510	3.7090	0.2508
2.3410	0.9023	0.2309
2.3280	3.9570	0.2275
2.3260	0.5772	0.2336
2.3270	0.9672	0.2260
2.1540	3.0590	0.1571
2.0960	1.4950	0.1571
2.6020	1.2430	0.1342
2.5790	2.7680	0.1631
2.3220	3.3860	0.1467
2.3750	2.9160	0.1463
2.2190	1.8140	0.1519
2.7050	3.5330	0.2367
2.7470	2.8330	0.1807
2.3400	1.5160	0.2125
2.4670	3.1230	0.2313
2.6740	1.5500	0.2392
2.6890	3.3490	0.2291
2.8390	0.7273	0.2125
2.5010	1.4600	0.1311
2.4460	0.7997	0.1249
2.5460	2.7740	0.1188
2.5710	1.3600	0.1212
2.8450	2.5260	0.1307
2.4790	2.3040	0.1229
2.3740	3.7840	0.1763
2.8260	1.9250	0.1654
2.6990	1.6040	0.1168
2.5630	1.6800	0.1411
2.6220	0.6628	0.1575
2.5490	0.4843	0.1743
2.6720	3.4730	0.2231
2.5900	0.0589	0.2418
2.5180	0.3430	0.1998
2.6690	1.3940	0.2079
2.5890	1.7650	0.2217
2.5290	1.4570	0.2266
2.5790	2.1780	0.2271
2.2740	2.5530	0.1891
2.4230	1.3080	0.1947
2.1280	0.8370	0.1783
2.1790	0.8972	0.1852
2.2550	2.0020	0.1805
2.4280	1.0920	0.2330
2.5410	2.1060	0.2445
2.4040	2.0480	0.1980
2.3430	0.3696	0.2006
2.2920	2.3410	0.2164
2.4920	1.6740	0.2459
2.6800	3.0250	0.2561
2.3670	2.5660	0.2124
2.5010	3.0960	0.2155
2.5770	0.6990	0.2215
2.4820	1.9900	0.2352
2.6380	3.0360	0.2432
2.5470	3.3330	0.2363
2.5180	2.9590	0.2469
2.5380	0.2028	0.2493
2.6580	1.4020	0.2573
2.6750	1.2620	0.2586
2.5480	1.3000	0.1996
2.6360	1.5630	0.2283
2.4880	0.1332	0.2413
2.3650	3.5190	0.2155
2.3170	2.0010	0.2359
2.5340	1.8100	0.2426
2.4760	0.6440	0.2385
2.6210	1.0870	0.2530
2.4260	0.4583	0.2433
2.2090	3.8640	0.2179
2.3620	2.7510	0.2124
1.9070	0.3873	0.1641
2.1280	2.5180	0.1816
2.0760	1.0410	0.1405
1.7250	0.2558	0.0839
1.5180	0.9293	0.0608
1.6130	1.1170	0.0327
2.0230	0.1645	0.1553
1.6450	0.6201	0.0998
1.4550	1.2860	0.0568
1.3340	1.2100	0.0611
0.9178	0.1423	0.0365
2.2870	3.2850	0.1879
2.1950	2.4980	0.1810
2.5560	2.0820	0.1716
2.4030	1.1440	0.1817
2.2690	4.7980	0.1868
2.4290	3.4770	0.2036
2.2560	1.4490	0.1795
1.6660	0.5339	0.1003
1.5260	0.3817	0.0713
1.8990	0.2038	0.1474
2.0440	0.2322	0.1569
2.2720	0.1707	0.1657
1.7130	1.0300	0.0886
1.2780	0.6927	0.0591
2.3750	1.2790	0.1764
2.1710	0.9976	0.1434
2.0690	0.6695	0.1233
2.2030	2.0260	0.1611
2.1220	1.3160	0.1304
2.2250	0.9531	0.1821
2.1600	3.5630	0.1767
2.4820	2.2500	0.2023
2.3380	2.2380	0.1811
2.2520	1.7960	0.1888
2.3340	3.4880	0.1921
2.2860	5.7920	0.1572
2.5430	3.3980	0.2099
2.5220	2.5630	0.2171
2.5140	2.9360	0.1565
2.6710	0.1735	0.2003
2.7430	0.7825	0.2340
2.4590	2.7280	0.2094
2.4010	2.9320	0.1870
2.5090	1.0340	0.2140
2.6260	0.1458	0.2214
2.7430	1.7830	0.2309
2.4430	2.4490	0.1887
2.5110	2.2940	0.1834
2.5660	3.2760	0.2100
2.3300	6.6380	0.1976
2.3630	3.1110	0.2182
2.1800	0.1528	0.1658
2.1690	1.8570	0.1851
2.4320	2.0260	0.1480
2.2200	2.6900	0.1555
2.2910	0.1053	0.1604
2.4790	4.0330	0.1689
2.3160	5.8550	0.2065
2.4460	2.7570	0.1933
2.6200	1.2840	0.1751
2.3640	1.3340	0.2301
2.3990	2.6790	0.2186
2.3130	0.5780	0.1949
2.4420	2.7980	0.2057
2.4570	2.8520	0.1821
2.6670	0.9063	0.1617
2.6630	2.9630	0.1600
2.6650	2.0940	0.1631
2.6360	2.4410	0.1630
2.6190	3.2270	0.1778
2.3210	0.9996	0.1505
2.5050	1.2940	0.1451
2.4760	1.8040	0.2041
2.4880	1.0310	0.1683
2.2140	0.7746	0.1580
2.2390	3.8200	0.1907
1.9130	2.1680	0.2030
2.3770	2.5350	0.2405
2.2730	3.1630	0.2446
2.3510	3.4220	0.2210
2.3430	1.7630	0.2293
2.2850	0.7029	0.2574
2.4450	0.2136	0.2474
2.6880	0.2180	0.2324
2.5280	0.6487	0.2371
2.4490	0.1000	0.2287
2.4310	0.2821	0.2352
2.4100	0.1744	0.2489
2.4560	2.6380	0.2547
2.3580	3.2240	0.2416
2.4180	0.2655	0.2311
2.3030	2.1810	0.2504
2.3850	1.7130	0.2518
2.4110	2.2540	0.2309
2.2740	2.6510	0.2293
2.2830	0.0910	0.2437
2.2110	1.7540	0.2194
2.1720	2.4020	0.2274
2.0790	3.8720	0.2096
2.3430	1.9790	0.2398
2.3790	2.4760	0.2537
2.5370	0.0605	0.2956
2.5330	0.6420	0.2865
2.3460	3.4740	0.2878
2.2890	2.6380	0.2603
2.1940	3.2750	0.2519
2.4820	1.8370	0.2331
2.4810	2.5290	0.2306
2.5360	2.5860	0.2559
2.0630	1.7610	0.2421
2.5620	1.7730	0.2246
2.6630	1.7290	0.2203
2.4740	0.1849	0.2271
2.2770	1.9700	0.2637
2.1290	2.4140	0.2464
2.4830	1.9750	0.2670
2.4690	1.0790	0.2634
2.4130	2.0700	0.2606
2.1050	0.9755	0.2256
2.2750	2.6640	0.2491
2.0590	3.2950	0.2256
2.3790	1.6100	0.2705
2.4240	1.1340	0.2457
2.3960	1.5430	0.2686
2.5090	0.2976	0.2925
2.5740	2.5860	0.2843
2.1350	2.7780	0.0716
2.4390	3.5750	0.1953
1.6250	0.0266	-0.0139
1.8840	2.8280	0.0358
1.9410	0.0307	0.1274
2.0960	0.1623	0.1607
2.2210	0.9766	0.1798
2.4540	1.9350	0.2422
2.5150	2.7050	0.2408
2.3460	1.3150	0.2120
2.3210	0.2070	0.2053
2.3320	0.0560	0.2083
2.3810	2.9750	0.2206
2.3360	1.9570	0.1811
2.2230	1.9560	0.2246
2.0240	1.7570	0.2344
1.8920	2.4660	0.2273
1.5640	0.0994	-0.0655
1.7730	0.0382	0.0110
1.6430	2.7880	-0.0444
2.0300	0.2540	0.0329
1.9360	0.8496	0.0111
2.1100	4.0200	0.1073
2.2880	4.5090	0.1473
2.1100	2.9360	0.1189
2.2060	4.0880	0.1884
2.1680	1.4170	0.1346
2.1660	2.3010	0.1582
2.1880	1.1880	0.2167
2.2630	4.0180	0.2227
2.4340	0.5466	0.1924
2.4380	0.9023	0.1572
2.4540	0.2025	0.1672
2.3160	2.4290	0.1335
2.4840	2.5970	0.1672
2.5890	1.4020	0.1596
2.4000	0.2217	0.1683
2.4720	1.5290	0.1693
2.0770	2.0170	0.1920
1.5550	0.3827	-0.0670
1.1000	0.1717	-0.0357
1.3840	1.1560	-0.0479
1.4380	2.1120	-0.0520
1.2810	1.1350	-0.0297
0.8055	0.2197	-0.0127
0.8599	0.1416	-0.0259
1.1710	0.1854	0.0061
0.7118	0.2184	0.0092
0.7654	0.0852	0.0241
0.9765	0.2563	-0.0052
1.6610	1.1470	0.0426
0.8329	0.0618	-0.0192
0.8320	0.0769	0.0129
1.0280	0.2987	0.0395
1.7380	2.3320	0.0782
1.4640	1.4160	0.0600
1.9660	1.2220	0.0935
