1.8260	0.8092	0.0442
2.0620	1.1300	0.1130
2.1130	2.7700	0.0995
2.0850	1.2060	0.1396
2.1700	1.5970	0.1479
2.1080	2.4470	0.1475
2.2770	0.8209	0.1346
2.2740	0.4596	0.1022
2.4090	1.6460	0.0981
2.3560	3.0490	0.1103
1.5240	1.6060	-0.0372
2.2630	2.4260	0.1462
2.0540	3.3070	0.0709
2.0550	4.2870	0.1536
2.2110	4.6250	0.1053
2.1080	0.2053	0.1272
1.8340	1.8350	0.0344
2.0190	1.8020	0.0864
2.3510	2.5230	0.0850
2.0340	1.6130	0.1210
1.5330	0.4297	-0.0242
2.1810	0.7275	0.1494
2.1040	1.1390	0.1243
2.1610	1.8430	0.1517
2.2280	0.2742	0.1127
2.2760	1.2030	0.1558
2.1670	3.4000	0.1242
2.3890	2.3850	0.1692
2.4160	1.1010	0.1248
2.3980	3.8370	0.1041
2.3810	1.7850	0.0866
2.2440	2.9210	0.1310
2.1290	1.4680	0.1082
2.1610	1.2130	0.1235
1.2940	0.1848	0.0189
2.2370	3.5050	0.0951
2.2450	2.0310	0.0813
2.4980	0.8286	0.0876
2.3640	0.0475	0.1501
2.3320	1.3730	0.1771
2.0840	6.8130	0.0742
1.7330	1.5940	0.0421
2.1070	1.0340	0.0590
2.1860	1.7350	0.0794
2.1820	4.4890	0.0695
2.1340	3.7290	0.0882
2.2100	1.6430	0.1514
2.2000	3.9530	0.0914
2.2030	2.7720	0.1137
1.9950	1.9240	0.1283
2.1570	2.3990	0.1361
2.1030	3.3410	0.1220
1.9850	0.2579	0.0801
2.1870	0.5261	0.1458
2.1360	2.6580	0.1181
2.0120	3.4270	0.1105
1.9130	3.6210	0.0539
2.1060	2.5670	0.0757
2.0540	3.8880	0.0500
2.4090	2.7020	0.1572
2.1060	0.5039	0.1244
1.8150	2.6800	0.0558
1.8960	3.4640	-0.0131
1.8130	1.2700	0.0254
2.1930	3.4470	-0.0123
1.9690	3.4900	0.1316
1.9010	2.3510	0.1138
1.9430	1.9460	0.1054
1.4250	0.0477	-0.0103
1.8640	1.5420	0.0859
1.8150	2.4390	0.0652
1.5260	0.8350	-0.0558
2.1180	2.2520	0.1198
2.0340	2.6230	0.1084
2.1150	3.2880	0.1558
2.1030	2.5380	0.1360
2.1240	1.3720	0.1334
2.1820	1.3630	0.1442
2.1170	2.2980	0.1374
2.1960	2.9180	0.1484
2.2180	3.4420	0.1487
2.1420	1.6090	0.1567
2.1310	2.6730	0.1456
2.1870	3.6850	0.1389
2.2270	1.4800	0.1530
2.2290	2.0800	0.1572
2.2180	1.0320	0.1140
2.2480	0.5376	0.1409
2.3280	2.1120	0.1439
2.2210	0.5187	0.1019
2.3090	0.6656	0.1410
2.4590	4.0400	0.0793
2.3980	0.9863	0.0834
2.3220	0.4996	0.0826
2.1890	0.1644	0.1279
2.2100	3.4770	0.1539
2.2840	3.3750	0.1381
2.5580	4.9110	0.0681
2.3590	3.8750	0.1597
2.4920	2.1800	0.1555
2.3620	2.2140	0.1616
2.2700	4.6770	0.1663
2.3970	2.5820	0.1467
2.5800	2.0250	0.0328
2.5840	0.6302	0.0958
2.4860	3.0130	0.1249
2.3430	1.8010	0.0982
2.4920	3.2990	0.0289
2.3750	3.1610	0.0716
2.3770	4.1450	0.1062
2.2070	0.3475	0.1360
2.1530	1.5560	0.1366
2.3940	1.2890	0.1331
2.2600	1.4830	0.1253
2.2860	0.1916	0.1241
2.1060	2.1180	0.1275
2.3760	0.6498	0.1167
2.1850	1.0080	0.1267
2.1370	0.8856	0.1174
1.8030	1.5640	0.0592
1.8480	0.7222	0.0546
1.2860	0.2719	0.0011
2.2890	5.2080	0.0993
2.1060	3.2640	0.1051
1.8730	0.2162	0.0825
2.2050	1.1000	0.1179
1.7600	1.1160	0.0598
2.4690	2.2280	0.1300
2.1260	3.7860	0.1255
2.3100	2.9660	0.1182
2.5640	4.0380	0.1225
2.3130	1.7680	0.1017
2.2480	2.3810	0.0592
2.0580	5.0740	0.1076
2.1660	2.4210	0.1038
2.2210	3.0710	0.0668
2.5590	1.5710	0.0671
2.2060	3.4770	0.1049
2.4150	4.4070	0.0795
2.2460	3.9980	0.1450
2.3760	2.4310	0.1712
2.2070	0.2848	0.1304
2.3770	0.8036	0.1657
2.1590	3.0470	0.1668
2.3330	0.6617	0.1957
2.2560	1.8660	0.1888
2.3930	2.8580	0.1701
2.3010	1.6520	0.1641
2.1610	3.6570	0.1768
2.3920	3.8520	0.1786
2.0170	0.8413	0.0756
2.5570	2.3110	0.1321
2.4070	2.0900	0.1562
2.2440	1.7040	0.0832
1.5630	0.3781	-0.0167
2.0440	0.5147	0.0692
1.9390	2.1430	0.0959
2.1330	2.4200	0.0920
2.2500	1.4590	0.0607
1.2720	0.0975	-0.0462
1.1890	0.3447	-0.0233
1.3120	0.1243	0.0094
2.0770	4.9350	0.0814
2.1560	1.9100	0.0611
2.1220	0.7633	0.0892
2.1030	1.3710	0.0609
2.1250	2.9870	0.0745
2.1530	2.2230	0.0574
2.1920	2.7720	0.0626
2.2160	0.3917	0.0910
2.2130	4.3120	0.0698
2.0910	2.1690	0.0801
2.1760	4.2130	0.0898
2.1620	1.9820	0.0862
2.1960	1.2250	0.0990
2.2600	1.9790	0.1491
2.1940	1.7870	0.1090
2.1650	0.0880	0.1087
2.1370	3.3870	0.1571
2.1340	1.6400	0.1055
2.2570	0.7543	0.0984
2.2490	2.3130	0.1171
2.2230	2.1230	0.0900
2.1980	2.7730	0.0962
2.0990	2.1400	0.1033
2.1780	1.7020	0.1219
2.1950	2.3310	0.1289
2.0010	3.9350	0.1395
2.0750	3.0180	0.1073
2.0640	3.6470	0.1217
2.0410	0.1575	0.1342
2.0830	4.5100	0.1378
2.1060	3.7280	0.1135
2.0420	4.1800	0.0915
2.0860	5.1430	0.1257
2.0350	5.4860	0.1142
2.0190	2.4040	0.1038
2.0340	0.5327	0.0642
2.0260	1.9010	0.0629
2.1500	4.4200	0.1350
2.1250	4.1790	0.1251
2.0670	0.2285	0.1175
2.1580	0.4924	0.1527
2.1820	3.2890	0.1437
2.2000	0.9725	0.1372
2.0630	1.9420	0.1171
1.8570	2.6870	0.0893
1.9010	1.5000	0.0801
1.9520	1.5540	0.0639
1.9860	3.1790	0.0642
1.9800	2.1820	0.0977
1.9200	1.0660	0.0676
1.8610	3.2970	0.0454
2.0190	2.1780	0.0752
1.9380	3.7950	0.0486
1.9670	3.0060	0.0636
2.1160	2.9120	0.0957
2.1870	1.4560	0.1273
2.1940	1.6510	0.1316
2.3030	3.1360	0.1590
1.9090	3.6790	0.0369
2.1100	3.1960	0.0581
2.2070	0.3511	0.1150
2.1870	0.2606	0.0809
2.4870	0.5432	0.1314
1.9070	2.3630	0.0941
1.8200	1.3980	0.0201
2.0950	1.1010	0.1341
2.1880	1.3970	0.1272
2.0830	2.2410	0.1094
2.0700	1.3110	0.1067
1.9470	3.3890	0.0854
1.9790	2.8460	0.0154
2.0280	0.4675	0.0226
1.9270	3.3200	0.0170
1.8100	1.2450	0.0226
1.9150	3.0000	0.0471
1.9630	3.9410	-0.0418
2.1080	2.4080	0.0506
1.9240	0.1552	0.0626
1.8400	0.4723	0.0093
1.8690	1.1510	-0.0379
1.6080	1.4810	-0.0510
1.6200	2.9700	-0.0372
2.0540	0.5825	0.1402
1.9750	0.3216	0.1293
2.0080	3.4350	0.1329
1.9640	0.2798	0.1213
1.9370	4.2750	0.1284
1.8950	2.8750	0.1176
1.8550	0.0702	0.1001
2.0110	2.5280	0.1150
1.9330	1.0660	0.0939
1.9740	1.6760	0.1084
1.8700	1.2400	0.0697
1.6070	0.5472	0.0096
1.8260	0.7826	0.0472
1.7560	0.6407	0.0354
1.3360	0.0810	-0.0216
1.7070	0.7236	0.0303
1.8560	2.5810	0.0969
1.8550	0.6468	0.0796
1.9080	1.6400	0.1027
1.8210	1.2600	0.0766
1.7030	1.4300	0.0253
1.8490	1.4180	0.0466
1.4740	0.8706	-0.0426
1.6940	0.5909	0.0169
1.7290	2.4870	-0.0133
1.5000	0.3608	-0.0549
1.9740	1.9700	0.1033
1.8980	1.2970	0.0877
2.0880	2.1120	0.1215
2.0870	0.3709	0.1190
2.0740	1.2740	0.1165
2.1120	1.8850	0.1236
2.0870	1.0890	0.1178
2.0520	3.7630	0.1361
2.0730	2.5010	0.1300
2.0840	0.2495	0.1518
2.0690	2.9790	0.1458
2.1110	0.7565	0.1401
2.1540	1.1160	0.1581
2.1410	3.0380	0.1370
2.1230	3.5290	0.1255
2.1120	1.4990	0.1312
2.1080	3.3330	0.1254
2.1210	4.0490	0.1297
2.1540	1.3010	0.1366
2.1080	2.7800	0.1369
2.1060	3.7870	0.1318
2.1820	0.5144	0.1439
2.1440	2.0030	0.1353
2.1280	2.6460	0.1392
2.1550	0.5455	0.1454
2.1410	1.5890	0.1422
2.1980	1.0460	0.1487
2.1910	0.6296	0.1516
2.2050	1.3970	0.1501
2.2020	1.7820	0.1475
2.2190	3.1920	0.1487
2.1750	1.0010	0.1515
2.2080	1.7210	0.1501
2.1590	2.4130	0.1611
2.1920	2.9810	0.1586
2.1390	2.2170	0.1584
2.1580	3.0330	0.1536
2.1340	3.9210	0.1426
2.1300	1.6760	0.1501
2.1360	2.2640	0.1490
2.1790	1.7190	0.1527
2.1170	1.3790	0.1481
2.1300	0.5645	0.1372
2.1630	3.7070	0.1418
2.1650	3.1840	0.1469
2.1410	0.1439	0.1348
2.1780	1.9960	0.1307
2.1680	0.2274	0.1248
2.2090	0.9356	0.1529
2.2000	0.1686	0.1539
2.1800	0.7897	0.1507
2.2240	3.2120	0.1512
2.2230	2.9740	0.1559
2.2300	0.8130	0.1569
2.2550	2.6520	0.1622
2.1970	3.4990	0.1399
2.1770	2.1950	0.1487
2.1420	2.3290	0.1067
2.2400	4.2170	0.1293
2.3020	3.3570	0.1345
2.2790	1.5720	0.1151
2.3780	0.2476	0.1358
2.2300	1.9080	0.1485
2.2660	2.9430	0.1493
2.2080	1.8390	0.1474
2.3350	3.1380	0.1413
2.3410	0.0898	0.1335
2.3000	2.1070	0.1440
2.2630	3.2450	0.1436
2.2050	2.0350	0.1025
2.2840	3.4640	0.1283
2.2650	5.5410	0.1190
2.2710	0.3366	0.0980
2.2960	1.9340	0.1205
2.2840	3.9950	0.1037
2.3570	3.4190	0.1123
2.2830	3.9940	0.0956
2.2710	3.3500	0.0953
2.4450	1.3630	0.0861
2.3170	2.5760	0.0878
2.2650	1.6490	0.0861
2.2380	0.8143	0.0870
2.2920	3.4580	0.0944
2.1690	0.5528	0.0931
2.2410	2.1620	0.0772
2.2510	0.5470	0.0863
2.3070	1.6370	0.0980
2.1700	2.8460	0.1208
2.3830	1.8840	0.0786
2.3180	1.2900	0.0932
2.1990	1.3840	0.1356
2.1940	4.4510	0.1459
2.2170	1.5890	0.1387
2.1840	3.4080	0.1472
2.2050	1.0390	0.1494
2.1140	3.9850	0.1476
2.3610	1.1090	0.0750
2.4440	1.9520	0.1127
2.1790	3.5640	0.1263
2.2140	2.5900	0.0894
2.2220	0.5606	0.0765
2.4550	1.9910	0.1392
2.5680	0.9896	0.0849
2.4210	1.3240	0.1534
2.3770	2.0340	0.1357
2.1330	0.3335	0.1513
2.3130	2.2260	0.1542
2.4760	2.6000	0.1585
2.5540	0.8480	0.1645
2.5350	0.1123	0.1589
2.5910	0.5311	0.1512
2.4890	4.3510	0.1550
2.5200	0.0381	0.1455
2.4700	2.4450	0.1587
2.3660	3.0230	0.1617
2.3570	2.4680	0.1633
2.4370	3.4930	0.1342
2.2980	1.3640	0.1722
2.3310	1.9850	0.1669
2.3140	3.0440	0.1652
2.2620	1.4060	0.1460
2.3280	0.6750	0.1421
2.6370	1.9710	0.0877
2.4080	3.2360	0.1163
2.4530	2.8180	0.0658
2.6050	1.4140	0.0539
2.6490	2.7330	0.0758
2.5600	3.1250	0.0719
2.5740	4.7010	0.0820
2.4370	3.0100	0.1199
2.3680	1.8960	0.0974
2.3540	3.1630	0.1341
2.4540	1.5730	0.1370
2.4790	0.6746	0.1118
2.5060	0.8094	0.1104
2.4020	3.4200	0.0979
2.5410	0.1411	0.0258
2.4920	3.1030	0.0582
2.4760	2.6980	0.0443
2.4110	0.7618	0.0424
2.3890	3.9820	0.0540
2.5230	0.0468	0.0628
2.3120	0.8204	0.1029
2.3890	0.8026	0.0893
2.4390	0.0741	0.0493
2.4390	2.4310	0.0776
2.3830	2.4800	0.0828
2.3930	2.0720	0.1038
2.1890	1.5150	0.1462
2.1530	0.0524	0.1439
2.2650	2.9360	0.1469
2.2090	1.6590	0.1458
2.1780	2.2130	0.1352
2.2050	1.4400	0.1317
2.1730	1.2410	0.1293
2.4200	2.2880	0.1448
2.3110	1.8090	0.1435
2.4730	2.6500	0.1322
2.4780	1.9970	0.1241
2.3090	2.7150	0.1145
2.3390	0.0993	0.1326
2.2920	1.9760	0.1300
2.3690	1.7640	0.1406
2.3280	1.7690	0.1347
2.2150	0.4294	0.1113
2.2140	2.9330	0.1227
2.2160	2.4190	0.1303
2.2160	2.9420	0.1118
2.2790	1.5060	0.1184
2.4120	1.4940	0.1117
2.1310	1.4240	0.1358
2.1480	3.5750	0.1296
2.1340	3.0290	0.1316
2.0860	3.8760	0.1316
2.0930	0.9993	0.1253
2.2330	1.6280	0.1279
2.1840	2.7720	0.1300
2.4030	1.6420	0.1057
2.3390	2.0580	0.1175
2.2590	1.9120	0.1256
2.2510	1.4050	0.1121
2.1300	3.4700	0.1226
2.0990	1.3710	0.1241
2.0900	0.1144	0.1206
2.1350	2.0150	0.1267
2.1680	1.6640	0.1236
2.0790	2.7680	0.1170
2.0660	0.9000	0.1117
1.9740	0.5443	0.0946
2.0300	1.3180	0.1079
1.9720	0.1233	0.0984
1.8490	0.6496	0.0391
1.6370	0.2973	0.0071
1.5650	0.3689	-0.0009
2.0080	0.0406	0.0893
1.8060	0.5470	0.0521
1.5720	0.3687	0.0200
1.4670	0.2095	0.0319
1.2330	0.2984	0.0156
2.2240	3.0810	0.1028
2.0750	1.9100	0.0999
2.3430	1.2690	0.0922
2.2770	0.9282	0.0933
2.2230	5.1340	0.1063
2.2450	0.2587	0.1215
2.1410	0.1327	0.1134
1.7930	1.1250	0.0647
1.5490	0.3653	0.0431
1.9620	1.6050	0.0855
2.0230	0.3499	0.0958
2.0260	0.8613	0.1071
1.7600	0.6782	0.0668
1.4040	0.0102	0.0335
2.1840	3.4550	0.1245
2.0300	1.0540	0.1022
1.9950	0.7085	0.0876
2.1480	2.2280	0.1164
2.0680	2.0910	0.0956
2.2340	1.1270	0.1287
2.0740	0.4103	0.1217
2.3290	1.9510	0.1405
2.3610	1.3830	0.1288
2.3090	1.3210	0.1356
2.3770	0.2956	0.1378
2.1630	4.3880	0.1095
2.3000	0.9401	0.1225
2.2560	1.6540	0.1250
2.3480	4.5910	0.0878
2.3440	1.6800	0.1150
2.3520	2.0050	0.1100
2.5340	3.5420	0.1247
2.4050	3.1080	0.1312
2.4230	0.7752	0.1354
2.4580	0.7502	0.1260
2.4760	1.9700	0.1171
2.4580	1.4660	0.1293
2.2870	0.6983	0.0981
2.5470	3.2570	0.1187
2.3820	0.8042	0.1286
2.2750	4.0380	0.1231
2.0290	1.8450	0.0919
2.0150	1.7490	0.1118
2.2040	3.6390	0.0629
2.0760	2.2260	0.0765
2.1260	0.8830	0.0834
2.3470	3.7960	0.0791
2.2100	3.4940	0.0985
2.2130	4.5890	0.0803
2.2420	2.2260	0.0716
2.2440	1.4340	0.1218
2.2100	0.3056	0.0939
2.1500	2.3780	0.0831
2.1580	2.6950	0.0879
2.2130	3.4050	0.0685
2.5100	2.7860	0.0667
2.4870	3.4950	0.0746
2.3820	0.7477	0.0527
2.4620	1.3020	0.0569
2.3640	3.9850	0.0646
2.4750	2.9220	0.0771
2.5380	2.5550	0.0879
2.2060	3.8420	0.0878
2.3240	1.8820	0.0837
2.3120	4.2830	0.0844
2.2630	2.6280	0.0973
2.2920	0.6753	0.0771
2.2900	2.1200	0.1331
2.2880	2.0340	0.1345
2.2300	0.4080	0.0943
2.2170	1.6580	0.1029
2.2900	2.5960	0.1592
2.3480	0.2736	0.1635
2.4410	3.1240	0.1610
2.1820	1.5900	0.1139
2.1950	1.8720	0.0997
2.2080	4.3990	0.1331
2.2310	2.1870	0.1574
2.2270	2.4950	0.1671
2.2870	3.2140	0.1606
2.4150	0.4336	0.1585
2.2150	2.6320	0.1309
2.2220	0.0693	0.1580
2.3860	0.8661	0.1744
2.2880	3.8990	0.1720
2.2190	2.8670	0.1666
2.4750	3.1280	0.1669
2.2830	4.0100	0.1644
2.0950	3.5410	0.1510
2.3810	1.9250	0.1774
2.3250	1.2290	0.1774
2.2980	2.1940	0.1916
2.2890	2.2980	0.1868
2.2740	0.0163	0.1946
2.1840	3.1570	0.1838
2.1830	2.9990	0.1814
2.4240	2.8750	0.1737
2.4340	2.1050	0.1661
2.2980	2.6710	0.1712
2.3210	2.3980	0.1398
2.4540	1.5400	0.1740
2.4260	2.8810	0.1572
2.2880	3.1390	0.1503
2.2120	2.7250	0.1842
2.0720	2.2950	0.1741
2.2510	3.0530	0.1820
2.2190	0.8130	0.1814
2.2000	2.1940	0.1734
2.0460	1.3810	0.1674
2.1540	3.4000	0.1714
2.0360	3.3100	0.1643
2.4250	2.2310	0.1848
2.5460	0.2740	0.1593
2.4960	0.5374	0.1763
2.3800	1.7920	0.1919
2.3870	3.0200	0.1747
2.3760	2.8150	0.0999
2.5320	0.8580	0.1396
1.5110	0.8300	0.0272
2.0980	1.3500	0.0530
2.1270	1.7040	0.1084
2.0450	3.5400	0.0902
2.0810	0.5342	0.1144
2.4650	1.2180	0.1598
2.3770	1.0720	0.1705
2.5340	1.6150	0.1543
2.2540	0.7160	0.1433
2.2110	3.1400	0.0945
2.4200	2.3500	0.1666
2.1700	1.5960	0.0736
2.3540	1.2390	0.1122
2.3090	2.2820	0.1307
2.2770	2.5090	0.0975
1.4440	0.0349	-0.0221
1.8060	0.7595	0.0489
1.5770	2.1020	-0.0094
1.9820	0.3731	0.0693
1.9130	1.3750	0.0367
2.0130	4.2990	0.0768
2.0600	3.4290	0.0643
1.8220	1.5260	0.0650
1.9840	1.7470	0.0894
1.9440	0.0923	0.0772
2.0150	1.1880	0.1084
2.0120	5.6370	0.1120
2.0910	2.7450	0.1096
2.2750	0.0903	0.0953
2.1260	1.2010	0.0620
2.1700	0.0288	0.0618
2.0670	0.3688	0.0654
2.2270	0.7219	0.0721
2.3910	1.9680	0.0783
2.2470	2.2970	0.0620
2.3400	0.6228	0.0684
2.3420	0.5763	0.0698
1.3870	0.3036	-0.0471
1.3300	0.0175	-0.0499
1.3400	0.1981	-0.0569
1.3760	2.2210	-0.0436
1.3620	0.7242	-0.0295
1.2260	0.3270	-0.0232
1.2490	0.2411	-0.0365
1.2750	0.2637	-0.0109
1.1780	0.3944	-0.0077
1.2050	0.3040	-0.0049
1.2650	0.0016	-0.0291
1.5050	1.5000	0.0071
1.2210	0.4386	-0.0352
1.2230	0.2146	-0.0155
1.2640	0.1393	0.0107
1.6490	0.6005	0.0485
1.4820	0.7581	0.0391
1.8740	0.0617	0.0786
1.5990	0.4604	0.0365
2.1810	0.0618	0.0936
1.8630	1.5230	0.0951
2.1460	0.3355	0.1253
2.1620	1.5870	0.1324
2.1550	0.8146	0.1465
2.3210	3.1220	0.1115
2.0970	0.9700	0.0910
2.3280	1.6070	0.0795
2.0630	2.3960	0.1026
1.4340	1.1730	-0.0597
2.2640	2.9480	0.1191
2.0750	2.6700	0.0808
1.8890	3.9650	0.1461
2.1550	4.0070	0.1148
2.0540	0.9986	0.1149
1.9700	2.1160	0.0709
2.0690	0.9526	0.1039
2.2370	2.9340	0.0735
2.2620	0.4870	0.1135
1.3570	0.6183	-0.0295
2.1290	2.8510	0.1485
2.3000	0.8346	0.1163
2.2100	0.8180	0.1301
1.8900	1.0890	0.0939
2.1950	1.3370	0.1410
2.1660	1.0190	0.1121
2.4770	0.1275	0.1510
2.0880	3.8460	0.1064
2.3710	0.0049	0.0998
2.5250	1.7180	0.0865
2.3880	3.8310	0.1315
2.2430	0.0961	0.1051
2.1880	0.1282	0.1227
1.0320	0.2308	0.0074
1.8880	3.6970	0.0909
2.1270	0.6075	0.0790
2.2360	1.2600	0.0726
2.6970	0.9074	0.1410
2.4450	3.0370	0.1664
1.8970	3.4020	0.0773
1.8370	0.9419	-0.0086
1.7840	1.3920	0.0779
2.1240	0.8784	0.0893
1.8420	4.5020	0.0779
2.1640	0.7438	0.1024
2.1670	0.9380	0.1517
2.1760	2.9030	0.0931
2.1750	4.3570	0.1026
2.0290	2.6450	0.1180
2.1430	2.4800	0.1224
1.8770	5.6390	0.1063
1.8590	0.0082	0.0880
2.1930	0.6104	0.1359
2.2380	0.6026	0.1298
1.9310	5.1110	0.1043
1.9960	2.4340	0.0781
2.1050	3.2350	0.0846
2.0690	3.0340	0.0500
2.3760	1.4640	0.1059
2.1370	0.2285	0.1396
2.0260	2.1420	0.1146
1.9840	2.3800	-0.0025
1.9210	0.7737	0.0192
1.8290	1.7020	-0.0469
2.1610	1.7470	0.1426
2.1450	1.5630	0.1252
1.9240	1.4470	0.0920
1.1790	0.2131	-0.0170
1.9270	2.6750	0.0806
1.9610	1.8210	0.0690
1.2950	1.0890	-0.0560
2.2900	0.2868	0.1028
2.0560	2.2420	0.1101
2.1700	2.1090	0.1516
2.2560	3.9800	0.1304
2.3810	2.6860	0.1177
2.2450	2.3420	0.1350
2.3420	1.3730	0.1193
2.1900	3.6040	0.1388
2.1420	0.7390	0.1489
2.1730	2.9440	0.1331
2.1000	3.4290	0.1197
2.0910	2.4680	0.1168
2.2450	2.3840	0.1431
2.1380	1.7890	0.1433
1.9360	1.3440	0.0959
1.9990	0.4547	0.1197
1.9590	3.8500	0.1143
1.9810	0.2534	0.0945
1.9780	2.9530	0.1249
2.2580	3.1710	0.0773
2.2830	2.6740	0.0983
2.0640	0.9235	0.0814
2.1760	0.6736	0.1304
2.1390	3.9100	0.1358
2.1080	2.2380	0.1117
2.3160	0.5956	0.0778
2.4830	4.5800	0.1568
2.3800	1.4050	0.1403
2.2890	3.5620	0.1670
2.2540	3.4680	0.1449
2.4370	2.5280	0.1450
2.3750	1.2650	0.0464
2.1140	2.3890	0.0992
2.3380	1.9870	0.1123
2.1970	3.2780	0.0980
2.2780	4.7710	0.0437
2.0710	3.5220	0.0810
2.5510	4.1060	0.0647
2.2250	2.5440	0.1287
2.2710	2.3880	0.1268
1.9990	0.5504	0.1316
2.2610	0.0812	0.1190
2.4590	1.6750	0.1197
2.3050	1.7890	0.1258
2.2610	0.0076	0.0957
2.3140	1.2340	0.1329
2.1230	0.9341	0.1188
1.6690	0.9243	0.0769
1.8040	0.2069	0.0574
1.1750	0.2400	0.0014
2.0710	4.7660	0.1009
2.0570	1.0100	0.1106
1.8320	0.5994	0.0720
2.1670	1.6250	0.1070
1.6750	1.9410	0.0360
2.2790	1.7230	0.1214
2.0040	3.3210	0.1110
2.2760	2.5340	0.1227
2.2870	3.1400	0.1169
2.1980	1.6740	0.0866
2.0470	0.4616	0.0522
2.0810	4.4590	0.0856
2.2890	0.2940	0.0908
2.1220	0.1810	0.0616
2.2880	2.2240	0.0561
2.2660	4.5510	0.0948
2.1210	4.5090	0.0475
2.3390	2.1230	0.1217
2.1700	3.0670	0.1292
2.3800	1.7500	0.1269
2.5440	0.3441	0.1437
2.4390	0.0672	0.1620
2.7060	1.7480	0.1663
2.4020	2.1700	0.1836
2.2970	0.9433	0.1320
2.5340	2.8060	0.1661
2.3620	2.3590	0.1700
2.6420	0.1579	0.1553
1.7910	0.0024	0.0389
2.3400	0.2982	0.0911
2.1770	0.5564	0.1273
2.0220	2.3370	0.0679
1.4670	1.0080	-0.0403
1.8950	0.7220	0.0646
2.1550	2.3770	0.0544
2.1760	2.9540	0.0546
2.1570	0.8686	0.0518
0.9280	0.0477	-0.0636
0.7094	0.1782	-0.0368
1.0670	0.4754	-0.0255
1.8090	4.8430	0.0885
1.7970	3.3680	0.0760
1.8380	3.1880	0.0848
1.8940	2.7910	0.0814
2.1230	1.4320	0.0840
1.8700	2.5390	0.0819
1.8800	1.2990	0.0840
2.1280	2.2500	0.1023
1.9800	5.3330	0.0882
2.2160	3.7490	0.0869
2.2050	2.6610	0.0978
2.2750	3.3680	0.0883
2.1410	1.2590	0.1123
2.3080	2.6210	0.1450
2.1140	3.0140	0.1166
2.0320	1.5430	0.1268
1.9710	1.9410	0.1533
1.9760	2.5810	0.1096
2.2900	1.1550	0.0978
2.2380	0.1430	0.1145
2.3000	0.4997	0.0904
2.1890	4.0570	0.0933
1.9650	1.1520	0.0984
2.1480	3.9360	0.1139
2.1710	0.6078	0.1277
1.9200	4.9800	0.1302
2.0080	0.8643	0.0991
2.0650	2.3810	0.1098
2.1200	0.9671	0.1211
2.0960	1.7360	0.1195
1.8610	3.5190	0.1019
1.8240	3.5310	0.0900
1.9220	3.0020	0.1084
1.9120	5.0580	0.1054
1.8440	2.4080	0.0971
1.8080	0.6743	0.0802
1.8970	2.3590	0.0794
2.2090	3.9060	0.1253
2.2010	3.2310	0.1203
2.0060	0.5677	0.1099
2.1700	1.0700	0.1431
2.2070	0.4178	0.1441
2.2380	0.2361	0.1366
2.0880	2.9630	0.1173
1.9800	2.6480	0.0985
1.9230	0.5552	0.0914
1.8950	0.7663	0.0819
2.0010	2.7550	0.0785
1.8780	0.6147	0.0972
1.9050	1.1400	0.0846
1.9760	2.3920	0.0708
2.1300	3.6690	0.0891
2.0170	3.6520	0.0735
2.0520	3.3150	0.0820
2.1280	2.5680	0.0949
2.1470	0.3785	0.0997
2.1880	2.1010	0.0945
2.3420	2.2520	0.1119
2.0040	3.0680	0.0477
2.0760	2.5090	0.0775
2.1620	1.0500	0.0798
2.1320	1.0080	0.0736
2.3370	2.0300	0.0933
2.1610	2.6330	0.1141
1.9700	2.1820	0.0835
2.1500	0.7109	0.1461
2.2120	2.6320	0.1390
2.2330	2.7100	0.1301
2.1240	0.9243	0.1291
2.1990	0.0372	0.1159
2.0190	1.9920	-0.0077
2.0820	3.0980	0.0087
1.9910	0.2319	0.0657
1.9870	2.7460	0.0871
2.1570	0.2177	0.0800
1.9050	2.4700	-0.0590
2.1140	4.2500	0.0224
2.0660	0.9259	0.0771
2.0830	2.1530	0.0070
1.7740	1.4370	-0.0755
1.5710	2.1050	-0.0847
1.5040	2.4610	-0.0683
2.1470	2.3110	0.1488
2.1300	2.8750	0.1428
2.2280	2.9610	0.1319
2.2270	1.0080	0.1250
2.1540	4.2860	0.1350
2.1090	3.5000	0.1345
2.0770	3.3440	0.1170
2.1280	2.7090	0.1005
1.8620	0.7144	0.0809
2.1420	0.9719	0.0991
1.6070	0.8605	0.0661
1.5700	1.0540	0.0090
1.6990	0.1979	0.0417
1.7380	0.3532	0.0242
1.0590	0.0443	-0.0320
1.7070	0.5122	0.0414
2.1000	2.3610	0.1054
2.0460	1.2650	0.0941
2.1260	1.2940	0.1062
1.9630	1.0340	0.0780
1.6340	0.9350	0.0325
1.9920	3.6080	0.0566
1.2140	0.3330	-0.0425
1.7310	0.3260	0.0066
1.7390	1.9660	-0.0228
1.4000	0.3224	-0.0734
1.9800	1.4530	0.1050
1.6630	1.0040	0.0803
2.2890	1.3980	0.1086
2.1600	0.9803	0.0979
2.1760	1.0600	0.1063
2.3060	1.5050	0.1080
2.1870	1.2200	0.1101
2.2070	3.2090	0.1416
2.3190	1.6560	0.1245
2.1570	2.3460	0.1492
2.1730	0.2947	0.1500
2.1820	2.0680	0.1473
2.1550	1.0690	0.1539
2.1700	0.9189	0.1348
2.3710	1.0160	0.1093
2.3640	3.2620	0.1119
2.3590	3.7620	0.1142
2.3360	3.6840	0.1238
2.2350	3.1420	0.1294
2.3930	3.0100	0.1175
2.3380	3.4820	0.1205
2.1520	0.9283	0.1361
2.2840	1.5810	0.1239
2.3260	1.3320	0.1226
2.1800	2.3340	0.1337
2.2180	0.8908	0.1227
2.2010	2.0430	0.1442
2.1350	3.4880	0.1442
2.1250	1.4390	0.1498
2.1370	2.0540	0.1518
2.2080	0.6702	0.1485
2.2800	1.1330	0.1309
2.3290	2.3810	0.1411
2.1540	1.8920	0.1429
2.1350	1.4480	0.1437
2.1570	1.6620	0.1413
2.1830	0.3412	0.1326
2.2030	3.4830	0.1259
2.2330	2.7010	0.1255
2.1890	1.5850	0.1262
2.1790	3.2120	0.1335
2.2030	1.3000	0.1246
2.0770	2.5790	0.1145
2.0890	3.0810	0.1204
2.1400	3.0410	0.1262
1.9990	0.5324	0.1108
1.9940	2.6880	0.1127
1.9220	0.2003	0.1059
2.1290	3.9720	0.1442
2.1300	2.4340	0.1379
2.2120	2.8740	0.1332
2.2230	2.1570	0.1468
2.1830	3.5040	0.1562
2.2960	1.7120	0.1485
2.1810	2.5470	0.1439
2.0930	3.3580	0.1205
2.1020	2.6520	0.1259
1.8730	0.5063	0.0958
2.0220	0.5691	0.1049
2.0150	2.3880	0.1072
1.9740	4.3210	0.1009
1.9180	2.7460	0.1090
2.1400	1.3500	0.1344
2.1850	1.8980	0.1346
2.0820	1.9160	0.1245
1.9790	2.5030	0.1121
1.8670	0.0155	0.1008
1.9900	0.7172	0.1223
2.0480	3.8000	0.1344
1.8620	3.1060	0.0883
1.9410	2.3460	0.1039
1.9930	6.9250	0.1060
2.0140	0.5153	0.1028
1.9810	2.5120	0.1130
2.0800	3.8270	0.0989
2.1560	3.3400	0.1125
2.0420	3.6510	0.0865
2.0450	3.5930	0.0898
2.2890	0.1103	0.0886
2.2630	0.0243	0.0806
2.2780	2.8110	0.0782
1.9610	0.3455	0.0889
2.0460	3.5520	0.0880
1.8880	1.0650	0.0896
1.9520	1.3170	0.0807
2.0870	2.8760	0.0931
2.2160	1.4300	0.0851
2.1570	0.3748	0.1252
2.1670	1.7510	0.0793
2.1640	0.0141	0.0946
2.1690	4.8730	0.1242
2.1510	2.1710	0.1452
2.1600	3.3130	0.1416
2.1530	0.8905	0.1390
2.1520	0.2171	0.1307
2.1460	0.8482	0.1292
2.2890	0.6080	0.0888
2.2220	1.1870	0.1192
2.1520	3.6220	0.1203
2.2440	0.5684	0.0753
2.1250	4.6940	0.0674
2.0590	3.0250	0.1019
2.1150	2.7370	0.0555
2.2840	3.0580	0.1375
2.2230	0.5126	0.1365
2.3490	4.0290	0.1346
2.3460	3.1360	0.1333
2.4770	3.9800	0.1416
2.5530	2.1930	0.1563
2.4570	2.2930	0.1451
2.2850	3.6950	0.1292
2.2770	3.6910	0.1286
2.2710	2.3840	0.1372
2.3270	0.9784	0.1524
2.3630	3.0380	0.1528
2.3100	2.7210	0.1615
2.1800	1.1310	0.1227
2.3090	2.1270	0.1448
2.3370	0.8769	0.1478
2.3200	3.9970	0.1391
2.2570	0.0617	0.1202
2.3570	1.3050	0.1282
2.3260	2.5400	0.0975
2.0450	0.9002	0.1126
2.0900	3.1660	0.0423
2.2980	2.9440	0.0596
2.5790	2.8120	0.0843
2.6640	2.7180	0.0763
2.2580	2.7020	0.0843
2.1920	2.7070	0.1115
2.1050	2.4180	0.0996
2.3790	0.4925	0.1192
2.4120	2.7580	0.1249
2.2570	0.0152	0.1023
2.3100	4.4340	0.0994
2.2800	3.8770	0.0906
2.3310	3.1180	0.0398
2.6260	3.4240	0.0480
2.2060	0.1552	0.0462
2.2790	0.4914	0.0578
2.2580	3.5250	0.0781
2.5450	3.0100	0.0542
2.5980	2.0410	0.0728
2.2010	2.7080	0.0967
2.1440	1.0740	0.0475
2.3440	0.2990	0.0624
2.1870	0.0709	0.0702
2.3590	1.5730	0.0793
2.1400	1.7570	0.1315
2.1980	0.3163	0.1280
2.1470	2.0450	0.1435
2.1600	1.3550	0.1357
2.2530	2.1220	0.1266
2.3300	0.6191	0.1295
2.3690	0.4847	0.1274
1.9850	2.4080	0.1352
2.0560	0.2797	0.1391
1.9770	4.5010	0.1241
1.9880	2.3640	0.1274
2.0180	2.9540	0.1069
2.2440	2.2580	0.1270
2.3930	0.8148	0.1295
2.1000	3.1740	0.1426
2.0900	0.8320	0.1215
2.2050	1.9530	0.0951
2.3690	3.2980	0.1158
2.4500	2.3110	0.1275
2.3650	2.9920	0.1042
2.4500	2.8580	0.0978
2.3930	0.6974	0.0966
2.3290	0.0490	0.1262
2.3490	2.9470	0.1313
2.3690	3.7340	0.1280
2.3480	3.7180	0.1238
2.2890	0.0576	0.1208
2.4100	0.8573	0.1301
2.3400	1.2330	0.1346
2.2460	1.8500	0.0819
2.4210	1.0220	0.1096
2.4460	1.2480	0.1241
2.2650	2.4770	0.1101
2.3650	1.7130	0.1242
2.2290	0.3357	0.1252
2.2140	0.6954	0.1196
2.2700	1.1960	0.1331
2.2140	0.6395	0.1295
2.2130	3.2150	0.1191
2.0970	2.1360	0.1062
1.9600	0.7250	0.1021
1.9700	2.5350	0.1191
1.9010	0.2175	0.1028
1.6350	0.6467	0.0580
1.5550	0.3042	0.0307
1.5580	1.2710	0.0090
1.9850	0.1024	0.0845
1.6750	1.2520	0.0542
1.4430	0.9872	0.0244
1.4650	1.1250	0.0265
0.9759	0.1115	0.0026
2.1510	3.3070	0.0955
2.1320	1.7350	0.1023
2.1520	1.3190	0.0780
2.1470	2.6490	0.0840
2.0780	2.2100	0.1149
2.1120	0.7958	0.1244
2.0530	2.0380	0.1165
1.8360	0.0320	0.0644
1.5400	1.9450	0.0350
1.9960	1.2610	0.0935
1.9800	2.4140	0.0947
2.0370	0.1647	0.1037
1.6470	0.5830	0.0519
1.2740	0.7219	0.0147
2.2080	3.0470	0.1201
2.0090	0.5629	0.0947
1.9660	0.1061	0.0762
2.2330	2.0420	0.0994
2.1430	1.6170	0.0745
2.2180	0.4359	0.1198
2.1170	0.6683	0.1007
2.2660	1.4200	0.1245
2.2710	2.5910	0.1177
2.1450	0.7108	0.1288
2.0890	0.2417	0.1354
1.9350	3.0390	0.0974
2.1080	1.7180	0.1218
2.2410	2.7910	0.1285
2.0630	3.8930	0.0919
2.1380	2.2420	0.1165
2.3380	1.6040	0.1107
2.2710	3.6850	0.1205
2.0550	3.2060	0.1337
2.3080	0.2858	0.1210
2.3390	0.0330	0.1144
2.3570	2.7020	0.1061
2.1720	0.5683	0.1271
2.0790	1.5310	0.0867
2.3000	0.0949	0.1113
2.2310	4.0530	0.1189
2.2700	2.1430	0.1012
2.0370	0.0819	0.0662
2.0990	3.8050	0.0819
1.9340	1.5050	0.0592
1.9400	0.8748	0.0609
2.0880	0.0223	0.0595
2.1900	3.7990	0.0632
2.1380	5.2140	0.0876
2.1930	4.7590	0.0707
2.0300	2.7170	0.0661
2.2520	2.5090	0.1044
2.2660	0.4089	0.0809
2.2220	4.2060	0.0638
2.2490	2.9680	0.0865
2.0960	0.5127	0.0585
2.1800	2.5760	0.0476
2.3090	2.7080	0.0616
2.0730	0.5590	0.0487
2.1330	2.9530	0.0516
2.0890	3.6470	0.0644
2.2300	0.2651	0.0548
2.2530	0.3846	0.0467
2.2820	3.2370	0.0866
2.2490	0.2946	0.0784
2.2150	2.1930	0.0680
2.1990	4.3730	0.0895
2.0970	0.1762	0.0582
2.2360	2.2380	0.1079
2.1420	3.7000	0.1134
2.3550	1.7010	0.0985
2.2900	1.1820	0.1041
2.2550	2.0200	0.1271
2.2830	1.8300	0.1328
2.2410	3.6850	0.1361
2.3280	1.5420	0.0994
2.3320	2.1850	0.0953
2.2550	2.1080	0.1164
2.2380	0.2403	0.1382
2.3090	3.0650	0.1418
2.3530	0.2591	0.1324
2.6500	0.8800	0.1379
2.4300	0.5711	0.1171
2.3920	0.4006	0.1343
2.4160	2.1110	0.1493
2.7650	0.6680	0.1591
2.6640	1.4600	0.1596
2.6790	1.7280	0.1648
2.5590	1.1840	0.1624
2.2530	4.0020	0.1402
2.4550	1.7200	0.1501
2.4260	2.7890	0.1701
2.5030	0.2865	0.1756
2.4080	1.0600	0.1808
2.4520	2.0740	0.1811
2.2410	3.9650	0.1731
2.1170	4.5600	0.1684
2.3970	3.6800	0.1470
2.4680	1.2710	0.1477
2.4560	0.2960	0.1661
2.0990	0.3269	0.1204
2.2500	2.1240	0.1248
2.3880	0.7733	0.1439
2.6780	0.6238	0.1527
2.3540	2.0460	0.1773
2.0400	2.0730	0.1611
2.4090	2.3250	0.1833
2.4750	2.1570	0.1820
2.5920	1.4590	0.1730
2.1470	0.0958	0.1535
2.4100	0.2646	0.1656
2.1680	3.3580	0.1508
2.5530	0.2704	0.1469
2.5670	2.4590	0.1094
2.5720	1.2120	0.1368
2.7170	0.0337	0.1638
2.5310	1.9270	0.1590
2.1440	1.0000	0.0434
2.4750	3.5020	0.0937
1.4530	1.0190	-0.0251
1.7330	1.5640	0.0108
1.9730	1.8760	0.0712
1.9300	0.3555	0.0789
2.0560	1.2530	0.0979
2.4920	2.9970	0.1421
2.4460	2.1250	0.1456
2.6350	1.6000	0.1230
2.2410	1.3950	0.1265
2.0050	1.3430	0.0951
2.2490	0.2067	0.1248
1.9850	0.9309	0.0722
2.0370	0.0267	0.0919
2.0780	2.8400	0.1052
2.0610	0.7701	0.0808
1.3950	0.1574	-0.0465
1.6620	0.3012	0.0046
1.5610	1.2640	-0.0301
2.1180	0.0230	0.0541
1.8580	1.1630	0.0332
1.8820	3.1220	0.0653
1.8590	1.4450	0.0684
2.0120	1.0600	0.0169
2.1430	1.7960	0.0546
2.1380	0.9007	0.0473
2.1640	0.9862	0.0844
2.0920	6.2340	0.0843
2.0970	2.9650	0.0866
2.1810	0.9027	0.0651
2.0230	2.0190	0.0551
1.9570	1.7420	0.0624
2.0900	1.1700	0.0556
2.2250	3.1970	0.0509
2.2480	4.2730	0.0476
2.0510	2.3370	0.0580
2.1780	3.6170	0.0308
2.0790	3.5410	0.0577
1.2310	0.7941	-0.0676
0.9353	0.0643	-0.0587
1.1080	0.2881	-0.0674
1.2200	1.6520	-0.0591
1.1630	0.9902	-0.0465
0.7658	0.2008	-0.0366
0.7876	0.1822	-0.0498
1.1050	0.1509	-0.0143
0.7407	0.1699	-0.0203
0.7746	0.0958	-0.0160
0.9053	0.0605	-0.0465
1.3420	1.6110	-0.0325
0.7878	0.1681	-0.0516
0.7723	0.1126	-0.0319
0.9173	0.1477	-0.0096
1.6280	2.0240	0.0045
1.3080	0.9041	0.0063
1.9870	0.4475	0.0385
