1.7990	0.9175	0.0637
2.1560	1.1430	0.1255
2.3230	1.4500	0.1148
2.4670	0.1458	0.1591
2.4520	0.3207	0.1557
2.4730	1.6160	0.1724
2.2960	1.5700	0.1524
2.3980	3.8420	0.1295
2.5750	1.2190	0.1323
2.4870	3.3550	0.1183
1.5030	0.0035	-0.0589
2.2590	1.5700	0.1321
2.1110	2.8940	0.0862
2.2180	4.0780	0.1488
2.2840	4.4470	0.1170
2.3640	0.9213	0.1294
2.0270	1.0760	0.0685
2.0950	1.3990	0.0379
2.3090	3.3790	0.1411
2.0850	0.4623	0.1428
1.6030	0.4540	-0.0065
2.4890	0.0027	0.1809
2.2800	0.8109	0.1441
2.3620	0.2139	0.1679
2.5230	0.5277	0.1190
2.4580	0.4158	0.1516
2.5010	0.2194	0.1046
2.3230	2.8960	0.1753
2.4430	2.3950	0.1000
2.5530	3.7500	0.1358
2.9520	0.9667	0.1025
2.1960	3.0060	0.1762
2.1460	3.2400	0.1450
2.3380	0.6075	0.1330
1.4140	0.2290	-0.0102
2.2830	3.2310	0.1151
2.3980	2.3290	0.1185
2.3580	0.7037	0.1205
2.6070	2.1450	0.1807
2.6790	3.3180	0.1830
2.0940	0.3162	0.1202
1.6490	1.5980	-0.0028
2.1530	0.4305	0.0912
2.2170	1.1070	0.0957
2.2510	5.3300	0.0839
2.1560	4.3260	0.0981
2.2140	0.4359	0.1476
2.2540	4.6910	0.0978
2.4630	2.6790	0.1170
2.3130	0.3313	0.1488
2.5620	0.6137	0.1322
2.3220	2.7540	0.1294
2.2010	0.7883	0.1028
2.4820	1.1930	0.1581
2.3330	2.7000	0.1060
2.2740	3.0900	0.1107
2.0470	3.5300	0.0777
2.2100	3.7860	0.0978
2.2300	4.0900	0.0940
2.3380	0.4446	0.1619
2.3220	0.8180	0.1122
1.9810	1.2570	0.0131
2.0530	2.6860	0.0429
1.7770	2.0780	-0.0221
2.0930	1.1600	0.0502
2.2150	4.2170	0.1587
2.0600	3.2850	0.1292
2.0570	2.4830	0.0975
1.4400	0.0805	-0.0047
2.0620	1.7030	0.1063
2.0260	2.9910	0.0925
1.5490	2.4490	-0.0590
2.1810	0.0016	0.1352
2.1340	0.9585	0.1122
2.5340	2.9680	0.1897
2.1840	3.7020	0.1521
2.1810	2.0580	0.1473
2.5500	4.6690	0.1557
2.2520	0.5824	0.1529
2.4440	2.3440	0.1632
2.5400	3.1220	0.1551
2.4500	2.1170	0.1702
2.3760	3.5330	0.1504
2.3430	3.3660	0.1444
2.5490	2.4860	0.1587
2.4810	2.4040	0.1542
2.4190	2.1420	0.1100
2.3510	0.9705	0.1540
2.4130	0.2479	0.1588
2.4350	1.3370	0.1178
2.5500	2.1380	0.1686
2.6850	0.9087	0.0808
2.7150	2.8240	0.1212
2.5060	1.4810	0.0829
2.3640	1.7440	0.1453
2.7320	2.0660	0.1578
2.6050	0.3175	0.1413
2.6960	2.1800	0.0824
2.4970	1.4790	0.1903
2.8790	0.4716	0.2000
2.5670	3.5600	0.1861
2.3390	5.0710	0.1729
2.4090	3.8130	0.1631
3.0560	1.9980	0.0376
2.6930	1.4570	0.0938
2.4200	1.5140	0.1614
2.5050	0.1945	0.1072
2.7390	6.7340	0.0404
2.5490	3.8400	0.0904
2.8380	3.0370	0.1227
2.3530	2.6020	0.1701
2.2780	1.0870	0.1648
2.3890	2.0180	0.1593
2.3120	2.7890	0.1682
2.4050	2.1120	0.1769
2.2180	2.6780	0.1656
2.4130	1.3870	0.1632
2.2660	1.5010	0.1734
2.1930	0.6066	0.1437
1.8860	0.3430	0.0834
2.0170	1.6130	0.0981
1.3570	0.1755	-0.0155
2.5070	2.8150	0.1150
2.4020	2.9800	0.1325
2.0630	1.1410	0.0874
2.2070	2.6320	0.1200
1.8020	0.6318	0.0531
2.3000	1.5140	0.1376
2.2190	5.1930	0.1289
2.3870	2.0860	0.1458
2.4140	4.2630	0.1494
2.3620	3.3740	0.1294
2.2090	1.5080	0.0933
2.2700	5.6240	0.1466
2.5430	0.8359	0.1468
2.5860	0.3264	0.1102
2.4720	1.2420	0.0932
2.3270	3.0770	0.1157
2.3490	3.8130	0.0894
2.2730	1.5020	0.1588
2.5380	3.0070	0.1607
2.2590	2.4340	0.1665
2.3310	3.2100	0.1631
2.4800	3.5600	0.1947
2.3190	3.5540	0.1841
2.4510	2.4600	0.1903
2.4430	2.4750	0.1386
2.6780	0.9318	0.1876
2.4990	3.3750	0.1989
2.6740	3.0340	0.1907
2.2880	0.7792	0.0629
2.7260	0.9158	0.1406
2.5520	1.3640	0.1319
2.2350	2.3510	0.1157
1.6320	0.4021	-0.0198
2.2530	2.9290	0.0878
2.1780	2.2700	0.1197
2.3190	4.0150	0.1181
2.2160	1.2040	0.0733
1.3360	0.5654	-0.0659
1.2430	0.3229	-0.0583
1.3870	0.4333	-0.0167
2.2610	4.7560	0.0969
2.1770	4.9990	0.0826
2.3220	3.5460	0.0982
2.0950	0.8584	0.0901
2.1590	2.8300	0.0886
2.1170	2.2250	0.0881
2.1570	2.2650	0.0910
2.2570	0.2752	0.1078
2.2350	4.2600	0.0946
2.1420	1.5580	0.0929
2.1900	4.4390	0.0963
2.2240	1.5850	0.0943
2.2380	0.3434	0.1090
2.2370	0.7556	0.1464
2.2200	0.4302	0.1069
2.2050	0.8588	0.1004
2.2010	3.3780	0.1519
2.2330	0.1041	0.1003
2.4130	1.6340	0.1118
2.3980	2.8780	0.1263
2.3000	1.1640	0.0996
2.3650	4.5670	0.1040
2.2910	1.8840	0.1076
2.4960	2.3870	0.1323
2.4270	3.0090	0.1400
2.2720	4.1650	0.1443
2.3700	1.8660	0.1196
2.4360	4.2410	0.1353
2.3740	0.4237	0.1517
2.4980	3.9430	0.1466
2.3120	2.7600	0.1205
2.2560	4.7030	0.1092
2.3400	4.8140	0.1316
2.3140	5.2860	0.1249
2.2660	2.7610	0.1146
2.1590	0.2711	0.0962
2.0990	2.5550	0.0930
2.4340	3.7110	0.1398
2.4040	3.9650	0.1329
2.3380	0.2459	0.1263
2.4920	3.0710	0.1717
2.4370	3.0280	0.1445
2.4600	0.3460	0.1405
2.3080	2.3020	0.1195
2.0680	1.6020	0.0379
2.1000	0.8539	0.0658
2.1130	0.5970	0.0933
2.0760	4.3410	0.0819
2.2490	1.5860	0.1107
2.1180	0.2164	0.0881
2.0330	1.0510	0.0708
2.0940	2.0910	0.0924
2.1200	3.4890	0.0869
2.0940	3.0490	0.0908
2.1670	4.2910	0.0987
2.2680	2.4400	0.1149
2.3300	1.6790	0.1293
2.2820	2.8750	0.1362
2.1210	3.8140	0.0847
2.2750	3.2290	0.1003
2.3670	1.3940	0.1453
2.3330	0.5904	0.1224
2.3320	0.7620	0.1581
2.0490	2.2660	0.0085
2.0330	0.3283	0.0712
2.4210	1.8040	0.1451
2.3150	0.2119	0.0897
2.1090	0.6749	0.0417
2.2200	1.3940	0.0751
1.9450	4.3030	-0.0318
2.1670	4.6290	0.1042
2.1830	3.8900	0.1084
2.0920	3.8060	0.1004
2.0080	0.2480	0.0408
1.8860	3.9180	-0.0515
2.1930	3.5120	0.0403
2.2390	2.4170	0.1258
2.1320	3.1080	0.0045
1.7880	0.4142	-0.0600
1.6600	0.5761	-0.0494
1.5890	3.1560	-0.0515
1.6420	1.5140	-0.0327
2.4300	0.9766	0.1686
2.2830	0.1153	0.1378
2.1100	3.1080	0.1474
2.0770	1.4220	0.1402
2.1250	4.6290	0.1462
2.1640	3.1810	0.1212
2.1050	1.7710	0.1063
2.1090	0.5057	0.1271
2.0650	0.5721	0.1021
2.0800	3.0690	0.1311
1.8950	1.2820	0.0800
1.6180	0.5111	0.0309
1.8390	0.0412	0.0648
1.8000	0.7656	0.0527
1.4270	0.0888	-0.0169
1.8890	0.6303	0.0655
2.0390	3.3230	0.1134
2.1290	1.5900	0.0857
2.0540	0.8136	0.1265
2.0170	0.2187	0.1050
1.8750	1.0810	0.0592
2.1110	0.4350	0.0498
1.5860	0.7812	-0.0204
1.8840	1.7150	0.0508
1.7600	0.4941	-0.0043
1.5050	2.0770	-0.0736
2.1020	3.5980	0.1064
1.9680	0.3876	0.0893
2.1060	0.0108	0.1346
2.1610	2.0390	0.1276
2.2170	1.4070	0.1326
2.2260	1.4980	0.1388
2.2790	1.8080	0.1335
2.2020	2.4280	0.1544
2.1160	2.9390	0.1482
2.5170	0.5142	0.1873
2.3910	2.1330	0.1775
2.3780	0.9732	0.1673
2.5240	2.6060	0.1916
2.3620	1.6000	0.1590
2.1680	3.0060	0.1405
2.2160	3.0650	0.1445
2.1390	3.5180	0.1406
2.1820	1.0820	0.1493
2.3700	2.1890	0.1616
2.2020	3.0830	0.1508
2.2630	3.0030	0.1513
2.4630	0.0430	0.1643
2.2930	1.6000	0.1540
2.3230	2.6120	0.1532
2.5370	4.8800	0.1508
2.3420	2.1930	0.1534
2.5460	1.3910	0.1574
2.5670	6.7650	0.1519
2.4690	0.7856	0.1780
2.5190	2.3040	0.1639
2.5040	0.8216	0.1592
2.4270	1.0360	0.1619
2.4750	1.6470	0.1620
2.5230	4.1480	0.1924
2.4930	1.6340	0.1843
2.5040	2.8800	0.1872
2.4690	4.3260	0.1628
2.4160	4.5580	0.1362
2.3880	2.5270	0.1582
2.3450	2.7340	0.1633
2.4390	2.7080	0.1637
2.4170	2.2100	0.1496
2.3830	1.0840	0.1354
2.3460	1.9110	0.1507
2.3030	1.9320	0.1616
2.3540	1.7820	0.1382
2.3530	1.6640	0.1366
2.3430	0.5618	0.1295
2.5360	2.3600	0.1519
2.4520	0.5895	0.1546
2.3670	2.2090	0.1680
2.5350	0.0485	0.1608
2.5910	1.8870	0.1554
2.4790	1.8320	0.1581
2.5280	2.8330	0.1506
2.3250	4.0920	0.1512
2.2770	3.3990	0.1656
2.3580	0.2283	0.1124
2.3650	3.4100	0.1342
2.4300	3.3460	0.1382
2.5090	4.3740	0.1069
2.4590	3.1370	0.1404
2.3000	0.1319	0.1594
2.3020	4.6350	0.1522
2.2860	1.9780	0.1664
2.3950	3.3630	0.1545
2.4340	0.9530	0.1453
2.4670	3.9520	0.1588
2.4720	3.0390	0.1568
2.4660	0.7804	0.1151
2.4280	3.7680	0.1523
2.4520	4.3880	0.1569
2.4500	0.7401	0.1163
2.4560	1.4350	0.1511
2.5160	3.7370	0.1172
2.5510	3.7270	0.1287
2.6040	3.5320	0.1030
2.5680	3.7760	0.1090
2.7190	2.7650	0.1084
2.6470	4.1950	0.0907
2.7120	0.4556	0.1049
2.5000	0.5976	0.0890
2.5820	3.0360	0.0973
2.3930	3.0140	0.0945
2.3650	2.8680	0.0875
2.3040	3.1690	0.1071
2.4570	1.1550	0.1085
2.4180	1.6480	0.1208
2.5940	1.2700	0.0766
2.4090	1.7660	0.1079
2.3350	3.3710	0.1440
2.6140	0.1432	0.1696
2.5950	3.0340	0.1513
2.5110	4.5910	0.1516
2.6740	1.0100	0.1592
2.5940	3.4620	0.1619
2.7460	4.3480	0.1144
2.5850	1.1020	0.1184
2.5780	3.0060	0.1241
2.6670	3.5720	0.0984
2.5800	4.0260	0.0797
2.5930	4.0790	0.0976
2.6970	3.3930	0.0449
2.8630	1.3420	0.1678
2.5510	0.0601	0.1525
2.5410	3.3050	0.1825
2.7340	0.9436	0.1782
2.6520	0.8352	0.1949
2.4590	0.0107	0.1789
2.5130	2.4470	0.1925
2.7810	4.7110	0.1868
2.5450	1.5550	0.1656
2.7990	0.4544	0.1743
2.8200	3.4830	0.2021
2.3210	3.6360	0.1865
2.4880	0.1261	0.1737
2.4920	0.0211	0.1494
2.2810	1.0690	0.1748
2.3240	1.3920	0.1810
2.3160	3.7030	0.1712
2.3340	1.4000	0.1575
2.3070	0.5859	0.1579
2.7430	4.0850	0.0792
2.5190	1.6730	0.1075
2.7330	1.8730	0.0221
2.8940	1.5150	0.0478
2.9020	3.3460	0.0949
2.9770	2.6270	0.0577
2.9660	2.7940	0.0843
2.4900	0.1866	0.1449
2.4550	2.5390	0.1077
2.3120	3.5470	0.1520
2.4130	2.0600	0.1642
2.4810	2.1590	0.1445
2.5450	4.0870	0.1498
2.5680	4.0120	0.1196
2.9480	0.2682	0.0380
2.9370	1.6210	0.0444
2.6950	2.7800	0.0788
2.6820	2.9670	0.0831
2.6780	1.6200	0.1032
2.6860	3.1540	0.0532
2.9180	3.2010	0.1093
2.5600	1.0110	0.1317
2.6110	0.7500	0.0765
2.5750	2.3840	0.0705
2.5350	0.8609	0.0866
2.6800	2.2000	0.1232
2.3750	2.4320	0.1551
2.3470	1.6390	0.1542
2.4670	1.3990	0.1631
2.4150	2.6460	0.1574
2.2900	1.1360	0.1693
2.2230	1.8470	0.1735
2.1810	2.6040	0.1706
2.4640	2.0900	0.1649
2.4810	1.8720	0.1688
2.4880	0.1268	0.1371
2.5510	0.6177	0.1472
2.7540	2.3770	0.1273
2.2750	2.4270	0.1699
2.2370	2.3670	0.1756
2.3960	3.2240	0.1696
2.3510	1.6000	0.1543
2.7400	0.7807	0.1450
2.3260	2.8520	0.1695
2.2780	3.3510	0.1777
2.6240	3.1830	0.1534
2.5870	2.6950	0.1648
2.5640	0.1563	0.1598
2.2530	1.0190	0.1576
2.1510	3.5160	0.1743
2.1650	3.2670	0.1660
2.2590	3.3120	0.1569
2.3010	0.6926	0.1492
2.3050	1.0660	0.1813
2.2010	2.7640	0.1775
2.5010	0.2180	0.1524
2.4350	1.0340	0.1758
2.3230	0.2261	0.1772
2.3030	3.3440	0.1685
2.2350	0.6802	0.1616
2.2680	0.3372	0.1604
2.2990	1.1510	0.1441
2.2300	0.9924	0.1708
2.2430	1.3970	0.1622
2.1160	3.5600	0.1345
2.1500	0.4794	0.1208
2.0070	1.6380	0.1075
2.0170	3.0200	0.1146
1.9800	1.4840	0.1002
1.8350	0.5400	0.0753
1.7300	0.6010	0.0513
1.5940	0.5445	0.0242
2.0840	1.2710	0.1150
1.9210	0.5810	0.0834
1.7100	0.6915	0.0421
1.6780	0.4521	0.0330
1.3250	0.3182	-0.0242
2.4070	4.5510	0.1466
2.2710	4.2400	0.1410
2.5170	0.5558	0.1041
2.4760	3.3120	0.1282
2.4870	4.5640	0.1245
2.4390	2.0650	0.1356
2.4040	1.6780	0.1343
2.0330	0.8550	0.0918
1.7070	0.2160	0.0388
2.2140	0.1654	0.1252
2.3170	0.0157	0.1220
2.2710	1.0420	0.1180
1.8790	0.7077	0.0667
1.5300	0.0803	0.0128
2.3000	3.2340	0.1333
2.1800	0.7182	0.1038
2.0720	1.5870	0.0954
2.1290	1.3150	0.1110
2.0530	1.8360	0.0950
2.1920	0.3939	0.1224
2.1980	4.1850	0.1365
2.3330	0.5886	0.1406
2.2630	0.9203	0.1312
2.2370	0.4392	0.1296
2.2680	0.0988	0.1328
2.2390	4.0810	0.1195
2.4270	2.2440	0.1374
2.3620	2.2690	0.1424
2.5250	4.0080	0.1041
2.4580	2.6600	0.1368
2.4450	2.0620	0.1451
2.3340	3.0380	0.1410
2.2890	3.1330	0.1350
2.3570	0.9345	0.1429
2.4210	0.3788	0.1466
2.5110	0.4639	0.1478
2.3120	0.7535	0.1403
2.3530	0.5917	0.1234
2.4340	4.0580	0.1534
2.3160	3.2530	0.1501
2.3180	3.3530	0.1414
2.1620	2.0340	0.1088
2.2100	1.5140	0.1358
2.1870	3.9740	0.0926
2.1160	4.4160	0.1002
2.1780	1.8780	0.1140
2.2760	2.8130	0.1121
2.2830	2.8050	0.1390
2.5250	3.0430	0.1123
2.3670	3.8700	0.0994
2.4200	0.3929	0.1434
2.5550	0.1940	0.1271
2.5900	3.2240	0.1249
2.5120	2.3760	0.1344
2.5010	2.0950	0.1119
2.4190	0.3057	0.0927
2.4030	0.5424	0.0925
2.3600	0.8240	0.0961
2.4980	3.7150	0.0946
2.4330	3.2680	0.1061
2.4680	2.7850	0.0946
2.3990	2.9590	0.0922
2.3630	2.8200	0.1214
2.4140	3.8950	0.0986
2.3520	3.3950	0.0863
2.3540	3.7570	0.1045
2.3190	2.3950	0.1037
2.4050	2.1580	0.1392
2.4550	3.3880	0.1392
2.3150	2.6940	0.1344
2.3060	2.9840	0.1345
2.3990	0.1783	0.1590
2.3880	2.9190	0.1687
2.5180	2.3360	0.1665
2.4350	2.7260	0.1529
2.3210	0.8965	0.1471
2.4220	0.8382	0.1571
2.3120	3.9610	0.1697
2.2540	2.7260	0.1681
2.2570	1.7440	0.1628
2.4840	2.1660	0.1713
2.2360	3.1170	0.1627
2.2140	0.1134	0.1692
2.2740	1.5450	0.1701
2.5370	4.3090	0.1824
2.6600	2.0910	0.1979
2.4200	2.0940	0.1719
2.4890	0.3600	0.1938
2.3950	4.4210	0.1775
2.2380	3.6440	0.1568
2.2190	3.5360	0.1663
2.6420	0.6571	0.1950
2.6250	1.4690	0.1946
2.4200	0.5545	0.1891
2.2520	2.9250	0.1720
2.3450	2.3750	0.1841
2.5470	0.9606	0.1595
2.5030	1.3630	0.1598
2.6610	0.4910	0.1875
2.4560	2.3520	0.1304
2.5530	1.5260	0.1415
2.6260	2.4960	0.1681
2.7120	1.8160	0.1941
2.4770	2.7950	0.1937
2.3000	2.5100	0.1866
2.6140	2.2070	0.1972
2.6620	1.8250	0.1990
2.6980	2.3320	0.2060
2.2980	2.0140	0.1857
2.5010	3.1620	0.2002
2.3340	4.1720	0.1834
2.3030	1.0740	0.1719
2.4350	2.9810	0.1855
2.3930	1.8920	0.1863
2.4480	2.4180	0.1920
2.7140	2.4800	0.1777
2.5430	3.6050	0.1165
2.4260	3.4900	0.1488
1.9510	1.7890	0.0130
2.3720	1.4980	0.0738
2.4950	0.8758	0.0985
2.2090	0.4370	0.1133
2.2700	1.2410	0.1199
2.7250	0.3722	0.1601
2.6730	2.8900	0.1547
2.7420	2.2440	0.1746
2.5790	2.6900	0.1409
2.3010	1.5440	0.1246
2.4620	2.5890	0.1374
2.1200	0.0401	0.1100
2.3270	0.1399	0.1276
2.3600	4.1700	0.1324
2.3340	2.1000	0.1200
1.5460	0.1984	-0.0449
2.0130	0.2153	0.0505
1.5920	1.7650	-0.0406
2.0230	0.2612	0.0650
1.9930	0.1287	0.0589
2.1900	4.9480	0.0906
2.1810	2.1930	0.0927
1.9260	1.3490	0.0732
2.2680	0.0908	0.1290
2.1560	0.3942	0.0985
2.1410	1.6550	0.1221
2.2720	5.3480	0.1515
2.3030	2.9200	0.1520
2.3270	3.0500	0.1175
2.2340	2.7560	0.0798
2.1180	3.6740	0.0840
2.2990	0.1562	0.0926
2.3120	2.7500	0.0911
2.3700	3.2140	0.0953
2.1610	1.4300	0.1016
2.2800	0.1838	0.0948
2.2340	3.2030	0.1012
1.4190	1.9220	-0.0759
1.3790	0.1092	-0.0678
1.3930	0.6529	-0.0788
1.4150	3.9270	-0.0474
1.4020	1.6840	-0.0503
1.2610	0.3428	-0.0499
1.2960	0.2304	-0.0572
1.2960	0.3007	-0.0284
1.2360	0.3968	-0.0477
1.2810	0.3171	-0.0402
1.3160	0.2084	-0.0578
1.5060	0.4729	-0.0246
1.2800	0.1523	-0.0651
1.2800	0.1453	-0.0490
1.3500	0.0942	-0.0202
1.7160	0.4221	0.0425
1.5530	1.0340	0.0225
1.9200	0.5729	0.0778
1.9590	2.3470	0.0822
2.2330	1.1760	0.1379
2.0690	4.0000	0.1197
2.0210	0.0867	0.1625
2.2380	2.8070	0.1443
2.3100	1.7440	0.1840
2.2470	0.2809	0.1601
2.4540	3.4670	0.1066
2.4170	1.6560	0.1314
2.2470	2.7730	0.1093
1.5060	0.2873	-0.0356
2.4390	2.5120	0.1706
2.1620	2.7190	0.0940
1.9440	2.8850	0.1652
2.3980	0.7243	0.1011
2.1990	1.9820	0.1539
2.0650	2.5910	0.0745
2.1850	2.4510	0.1259
2.6170	0.4873	0.1589
2.3520	2.1090	0.1807
1.6440	1.0380	-0.0010
2.4230	2.2120	0.1936
2.3020	0.0278	0.1479
2.1840	0.0519	0.1710
2.2430	0.7873	0.1286
2.3780	0.0878	0.1791
2.4170	0.1358	0.1110
2.4500	3.0010	0.2034
2.2780	0.8898	0.0953
2.5020	0.7342	0.1309
2.2690	1.7570	0.1202
2.2680	3.5640	0.1680
2.1810	3.4950	0.1443
2.2510	0.8665	0.1223
0.9224	0.0318	-0.0042
2.2050	1.6640	0.1313
2.4340	1.4230	0.1249
2.3090	0.1141	0.1076
2.2670	0.0678	0.2072
2.1980	3.6640	0.1938
1.9040	2.8890	0.1495
1.5820	1.5770	-0.0160
2.1660	0.6910	0.0755
2.2710	2.0790	0.0902
2.1790	5.1820	0.0833
2.1590	1.7170	0.1201
2.1290	2.5820	0.1692
2.1490	3.4120	0.1088
2.1540	3.5130	0.1070
1.9410	2.7420	0.1463
2.0910	3.0350	0.1466
2.0720	5.2910	0.1312
2.1290	0.6398	0.0998
2.3620	0.6686	0.1716
2.3370	0.8950	0.1461
2.1090	4.1500	0.1241
2.0940	2.8640	0.0905
2.2340	2.2560	0.1376
2.2080	3.2050	0.1127
2.5880	1.1650	0.1881
2.2610	0.1322	0.1755
2.0780	1.5850	0.0972
1.9940	1.5490	-0.0170
2.0900	1.4750	0.0253
1.9800	0.0930	0.0200
2.2630	2.6040	0.1998
2.2540	3.1120	0.1732
2.1100	0.2754	0.1416
1.6460	1.4440	0.0446
2.1220	0.9158	0.1231
2.0530	2.2120	0.0990
1.5080	1.7390	-0.0187
2.3450	2.4160	0.1708
2.1990	3.7480	0.1383
2.3820	0.2165	0.1916
2.4070	3.4100	0.2023
2.4410	3.4220	0.1680
2.3620	2.9220	0.1622
2.2380	0.8027	0.1476
2.3090	3.2370	0.1767
2.3440	2.5960	0.1702
2.2840	3.0230	0.1752
2.2260	2.5460	0.1680
2.1080	2.8930	0.1345
2.5300	0.9337	0.1775
2.2830	0.1472	0.1634
2.0850	1.1460	0.1241
2.2710	0.7675	0.1462
2.2940	0.9514	0.1686
2.1520	1.9740	0.1172
2.2550	3.1910	0.1541
2.3200	2.8520	0.1096
2.3540	3.8300	0.1249
2.2540	1.3160	0.0964
2.6430	4.8620	0.1284
2.0740	2.5910	0.1518
2.3420	1.7900	0.1417
2.5340	2.3730	0.1044
2.2030	2.9620	0.1939
2.3440	1.3340	0.1819
2.2770	3.1790	0.1862
2.2010	2.5480	0.1901
2.2900	2.8740	0.1655
2.5630	3.0540	0.0891
2.4390	1.2080	0.1202
2.5710	0.9562	0.1635
2.4360	2.8690	0.0849
2.7140	6.0080	0.0453
2.5220	1.9330	0.0817
2.2780	3.4300	0.1297
2.2490	1.9530	0.1700
2.1630	1.7630	0.1489
2.3510	1.1800	0.1520
2.3120	1.4420	0.1682
2.2990	1.3390	0.1754
2.2730	1.6710	0.1521
2.3000	0.9198	0.1492
2.3450	0.2971	0.1692
2.2610	1.6610	0.1397
1.7050	0.7030	0.0828
1.6440	0.0102	0.0488
1.2450	0.6331	-0.0144
2.4040	4.4170	0.1183
2.1110	0.1863	0.1235
1.7260	0.2533	0.0632
2.0950	1.0200	0.1123
1.6490	1.6490	0.0530
2.1990	2.6010	0.1441
2.3730	4.3580	0.1473
2.3560	1.2220	0.1480
2.3790	3.4280	0.1472
2.2520	3.0020	0.1365
2.2160	3.6860	0.0923
2.4500	4.0250	0.1318
2.2050	2.9900	0.1520
2.3170	2.3240	0.1005
2.1020	1.9500	0.0919
2.5670	3.9730	0.1265
2.4250	4.1260	0.0911
2.3170	1.5380	0.1768
2.4000	3.5930	0.1638
2.3330	2.4410	0.1778
2.2110	2.9350	0.2052
2.2470	3.5550	0.1989
2.3380	1.0660	0.1949
2.2200	0.4136	0.1998
2.2990	0.5292	0.1453
2.4000	0.5780	0.1981
2.3420	2.2250	0.2102
2.4280	1.7570	0.1905
2.1500	1.6840	0.0836
2.4640	1.9150	0.1731
2.0740	2.7140	0.1750
2.2200	2.0820	0.1211
1.5780	0.8547	-0.0438
2.0310	2.0060	0.0812
2.1970	2.8280	0.1252
2.4860	3.7740	0.1035
2.4280	0.3963	0.1028
1.0030	0.2123	-0.0578
0.7059	0.1592	-0.0420
1.0640	0.5243	-0.0126
2.0920	5.3110	0.1049
2.1770	1.8370	0.0761
2.0820	3.5980	0.1046
2.1690	2.4940	0.0818
2.2260	2.1190	0.0943
2.2000	2.4260	0.0730
2.2300	2.2630	0.0699
2.3210	2.3100	0.0853
2.2690	5.8230	0.0752
2.1470	3.0900	0.1060
2.1320	3.2160	0.1146
2.2160	2.7410	0.1032
2.2540	2.0430	0.1476
2.2980	2.2480	0.1719
2.1960	2.5480	0.1464
2.0810	2.0610	0.1355
1.9440	1.0590	0.1692
2.0280	1.6750	0.1167
2.3510	0.7152	0.1069
2.3400	1.3980	0.1077
2.2890	1.5390	0.1016
2.1840	3.8680	0.1045
1.9770	1.6030	0.1096
2.0400	2.6390	0.1160
2.2520	3.2420	0.1069
1.9310	5.4620	0.1490
1.9210	1.3320	0.1113
1.9680	2.5230	0.1299
1.9930	1.1570	0.1491
2.0050	2.4200	0.1448
2.0680	3.9190	0.1245
2.0900	3.0300	0.1095
2.0950	3.7110	0.1433
2.0820	5.3070	0.1323
2.0910	2.1660	0.1173
2.1590	0.2757	0.0858
2.1420	1.4610	0.0857
2.3030	3.5650	0.1641
2.2730	3.3610	0.1514
2.1460	0.8301	0.1456
2.3320	1.9520	0.1786
2.3580	2.4070	0.1776
2.3620	1.7100	0.1653
2.1990	2.1890	0.1417
2.1210	1.4370	0.1002
2.1110	0.7327	0.0888
2.1450	2.2840	0.0908
2.1200	3.3910	0.0913
2.0900	1.2540	0.1132
2.1320	2.3180	0.0941
2.0770	2.9750	0.0898
2.0990	3.6530	0.1111
2.0880	3.4550	0.1160
2.0890	3.3160	0.1178
2.1770	2.9590	0.1319
2.3140	0.1436	0.1589
2.4020	2.6700	0.1609
2.5430	1.0190	0.1848
2.0890	2.9220	0.0919
2.2410	3.4470	0.1248
2.4390	1.1200	0.1551
2.3240	0.1686	0.1368
2.6260	0.8205	0.1759
2.3000	2.1950	0.1222
2.0530	2.7500	0.0788
2.2930	0.6526	0.1864
2.3560	3.1930	0.1732
2.3380	1.0220	0.1402
2.2270	0.7352	0.1557
2.2840	1.0810	0.1075
2.1110	3.0550	0.0707
2.3040	4.2390	0.0882
2.0590	0.0463	0.0350
2.0160	2.7620	0.0361
2.1990	1.4220	0.0585
2.0240	0.7867	-0.0215
2.4840	0.8691	0.1086
2.1860	2.0080	0.0830
1.9210	2.6490	0.0224
1.8280	2.6150	-0.0356
1.7250	0.8240	-0.0183
1.5830	0.3105	-0.0198
2.2870	2.1440	0.1957
2.2150	2.1560	0.1897
2.3310	3.8880	0.1931
2.3310	0.8835	0.1800
2.2570	3.2890	0.1866
2.1750	3.9620	0.1812
2.1270	2.7780	0.1519
2.2300	2.7860	0.1604
2.1050	0.8692	0.1327
2.2860	1.4980	0.1614
2.0440	2.1180	0.1140
1.9520	2.5090	0.0708
2.0170	2.3740	0.0938
1.9990	1.3870	0.0861
1.5710	0.7326	0.0167
1.9300	1.1870	0.0806
2.1790	2.2930	0.1461
2.0960	0.1136	0.1260
2.2620	1.5520	0.1587
2.1250	0.8666	0.1101
1.8470	2.0210	0.0647
2.0780	3.0250	0.0745
1.5780	0.8553	-0.0055
1.8520	0.7489	0.0379
1.8410	1.2680	-0.0027
1.5350	0.8314	-0.0487
2.1360	1.4180	0.1394
2.0270	1.9820	0.1184
2.3450	0.9998	0.1778
2.2510	1.0590	0.1645
2.2480	1.9030	0.1506
2.3310	2.3640	0.1575
2.2520	1.1440	0.1423
2.3470	3.1620	0.2024
2.3940	2.4140	0.1937
2.3190	2.7780	0.1879
2.3370	3.0730	0.2030
2.3880	0.5480	0.2005
2.4360	1.7430	0.1919
2.4250	2.5760	0.2004
2.4070	2.0580	0.1728
2.3790	3.0890	0.1553
2.4080	3.4780	0.1906
2.4390	3.4170	0.1878
2.4130	0.8423	0.1818
2.3520	3.0550	0.1524
2.3000	3.0250	0.1484
2.3710	2.4140	0.1770
2.3740	3.0080	0.1638
2.2940	1.0570	0.1513
2.2610	3.4750	0.1505
2.2370	2.1260	0.1449
2.3580	1.5120	0.1665
2.2620	3.3010	0.1577
2.3810	0.7770	0.1846
2.3640	1.8960	0.1721
2.3860	2.7160	0.1753
2.1900	3.2520	0.1812
2.4040	0.0132	0.1822
2.3910	3.5060	0.1861
2.4220	0.8227	0.1847
2.3350	2.4780	0.1825
2.3350	2.8870	0.1731
2.2880	3.3790	0.1689
2.1740	1.5750	0.1769
2.1600	2.9330	0.1686
2.2940	2.8530	0.1769
2.2510	2.6260	0.1724
2.2520	1.1680	0.1630
2.1860	2.1450	0.1504
2.1760	1.2400	0.1538
2.1670	1.9690	0.1484
2.0860	1.2830	0.1329
2.0510	0.6820	0.1253
2.3240	1.6660	0.1627
2.2640	0.9660	0.1551
2.3560	2.2970	0.1773
2.4590	1.8570	0.1778
2.4250	0.8161	0.1726
2.4550	0.9521	0.1769
2.2990	2.1050	0.1728
2.1520	1.8650	0.1395
2.2230	3.0650	0.1611
2.0670	3.1070	0.1197
2.0720	4.0210	0.1274
2.1790	3.1740	0.1362
2.2010	1.7800	0.1292
2.2880	2.1380	0.1453
2.4920	2.4170	0.1676
2.4030	2.8740	0.1733
2.3660	1.4350	0.1649
2.3510	0.2805	0.1552
2.2950	1.8970	0.1502
2.2700	0.8513	0.1699
2.3790	2.8880	0.1694
2.2130	3.3770	0.1170
2.2130	4.4700	0.1511
2.1940	3.9200	0.1437
2.1880	0.7292	0.1099
2.2020	2.8430	0.1182
2.1920	3.5190	0.1136
2.2650	3.2450	0.1229
2.2480	2.9420	0.1041
2.2070	3.3930	0.1071
2.3240	2.4540	0.1182
2.4270	3.8680	0.1062
2.3970	3.2780	0.1136
2.1370	1.0430	0.1100
2.2100	4.1150	0.1099
2.1050	1.1780	0.1029
2.2190	0.6135	0.0909
2.3220	2.9300	0.0890
2.4700	0.7566	0.0952
2.4590	0.6440	0.1170
2.3020	0.8363	0.0979
2.4360	2.4080	0.0890
2.6100	2.2180	0.1004
2.2760	2.4410	0.1490
2.2830	2.4740	0.1494
2.4020	4.8780	0.1326
2.1140	3.3430	0.1515
2.0390	2.0170	0.1423
2.4040	1.1520	0.1169
2.3390	1.2770	0.1165
2.4790	2.8140	0.1232
2.4460	0.0490	0.0968
2.4480	4.8830	0.0813
2.2770	3.3200	0.1251
2.3420	2.9240	0.0928
2.2000	3.9740	0.1559
2.4050	1.5910	0.1474
2.1670	3.4200	0.1693
2.1840	1.1220	0.1639
2.1730	0.1423	0.1862
2.2340	1.2190	0.2126
2.3920	0.5666	0.2068
2.2790	0.2606	0.1825
2.2780	0.5577	0.1595
2.2890	2.5010	0.1748
2.3520	3.4730	0.2011
2.3850	2.1330	0.2009
2.2020	3.5760	0.1686
2.3670	3.1490	0.1501
2.4500	3.3330	0.1953
2.2180	0.5812	0.1882
2.1510	3.3120	0.1811
2.1840	1.5750	0.1659
2.2410	2.0280	0.1702
2.5090	3.0040	0.0982
2.2870	1.9440	0.1152
2.2690	2.0360	0.0998
2.4160	3.5220	0.0984
2.5480	2.9540	0.0911
2.4430	3.3630	0.0814
2.4950	0.9280	0.1136
2.4720	2.1640	0.1408
2.3500	3.2020	0.0776
2.3340	0.8769	0.1593
2.4110	1.4690	0.1673
2.5480	3.4450	0.1488
2.6710	3.8950	0.1519
2.6070	1.0260	0.1032
2.5710	1.5200	0.0721
2.4600	1.0660	0.0858
2.2780	1.0110	0.0851
2.4850	4.0560	0.0750
2.5040	0.6841	0.0660
2.4290	3.3410	0.0946
2.2270	2.5080	0.1229
2.4500	1.1020	0.0775
2.6280	0.3289	0.0648
2.5360	0.7138	0.0904
2.4650	1.8420	0.1157
2.4300	0.8354	0.1402
2.2310	0.9665	0.1549
2.2160	0.8406	0.1447
2.2950	1.5840	0.1768
2.2330	3.6960	0.1695
2.1650	0.9687	0.1636
2.2180	2.5330	0.1675
2.1750	1.3300	0.1638
2.3440	3.0860	0.1555
2.3450	0.4816	0.1704
2.2850	0.9506	0.1398
2.3310	2.0310	0.1448
2.2350	2.8370	0.1407
2.2930	2.3750	0.1705
2.3080	3.4580	0.1673
2.2980	0.8208	0.1694
2.3150	2.0150	0.1520
2.2360	1.7990	0.1400
2.3110	2.6740	0.1723
2.3830	2.8880	0.1716
2.2350	3.4630	0.1549
2.2590	2.9930	0.1649
2.3270	0.7920	0.1648
2.1840	2.1570	0.1455
2.2820	3.3710	0.1613
2.1800	3.2730	0.1512
2.2260	3.5590	0.1484
2.2710	0.3469	0.1469
2.3790	0.7565	0.1747
2.3870	0.7786	0.1697
2.3710	0.5737	0.1463
2.2860	0.9995	0.1730
2.2520	1.2030	0.1731
2.2360	2.9730	0.1578
2.1990	3.2530	0.1638
2.3080	1.0090	0.1481
2.2750	0.9805	0.1413
2.3740	2.0380	0.1594
2.3070	1.3190	0.1563
2.1080	3.1760	0.1389
2.2090	2.4290	0.1298
1.9030	1.0790	0.1184
2.0330	2.7200	0.1210
2.0740	0.9445	0.1176
1.9310	1.7310	0.0737
1.5510	0.2072	0.0305
1.8150	1.2360	0.0276
1.9980	0.8710	0.1043
1.6340	0.2522	0.0640
1.4130	0.6956	0.0091
1.3480	0.8871	0.0138
0.8585	0.0249	-0.0119
2.2560	2.7590	0.1385
2.1450	3.7030	0.1354
2.4100	0.0781	0.1263
2.3290	2.8990	0.1306
2.3070	1.9790	0.1309
2.3220	1.7720	0.1372
2.1560	1.1710	0.1183
1.6870	0.3010	0.0609
1.4070	0.8431	0.0202
1.9480	0.8797	0.0918
1.9870	0.6560	0.0901
2.0470	0.2896	0.0998
1.6560	1.4300	0.0413
1.1040	0.2998	0.0061
2.2490	3.0930	0.1277
2.0940	1.3050	0.1000
1.9680	0.7361	0.0872
2.0930	1.6630	0.1255
2.0020	1.3270	0.1049
2.1940	1.3030	0.1419
2.3240	4.5460	0.1410
2.2870	2.7340	0.1374
2.1780	2.7860	0.1307
2.1680	2.1890	0.1472
2.1540	0.4370	0.1547
2.2450	4.1910	0.1398
2.3940	1.2800	0.1343
2.3330	0.5412	0.1431
2.4610	4.0090	0.1003
2.4160	0.5296	0.1208
2.3990	0.6738	0.1450
2.2550	2.7450	0.1467
2.1930	3.6780	0.1478
2.3000	2.6380	0.1441
2.3740	1.4880	0.1514
2.5360	3.4040	0.1513
2.3080	0.1106	0.1486
2.2240	0.4199	0.1295
2.7330	0.1040	0.1565
2.4880	3.3850	0.1516
2.2800	2.6300	0.1470
2.3930	3.6130	0.1345
2.4160	5.1060	0.1507
2.1970	1.2910	0.1038
2.2500	2.3990	0.1116
2.2940	3.8320	0.1062
2.2570	1.8190	0.0898
2.3940	0.5828	0.1128
2.2380	5.0860	0.1176
2.2280	3.7660	0.1100
2.2020	0.7472	0.1490
2.2290	2.2430	0.1281
2.2940	0.7599	0.1217
2.3240	2.4150	0.1390
2.3960	1.9090	0.1038
2.2130	3.2750	0.0797
2.1740	3.5200	0.0923
2.2470	1.9800	0.0892
2.2260	0.5426	0.0872
2.2130	3.0780	0.0971
2.2690	0.9992	0.0953
2.3100	0.3008	0.1021
2.5300	3.5350	0.1296
2.3410	2.8430	0.1082
2.4820	0.1354	0.1019
2.5330	4.3270	0.1116
2.4540	3.2320	0.0907
2.5170	1.8570	0.1449
2.4800	2.9280	0.1261
2.5070	1.9900	0.1492
2.5210	1.4410	0.1512
2.3790	1.3510	0.1735
2.2640	0.0524	0.1962
2.4240	1.6360	0.1927
2.3060	1.6810	0.1689
2.4560	1.2650	0.1535
2.2230	3.2570	0.1674
2.3600	1.4670	0.1811
2.4300	1.8710	0.1906
2.2020	2.4650	0.1951
2.2110	1.8850	0.2079
2.3370	1.2820	0.1797
2.2290	0.3952	0.1931
2.3540	3.1230	0.2024
2.1560	3.3520	0.2059
2.2290	2.9250	0.2121
2.1360	2.2640	0.2093
2.1860	1.5260	0.1935
2.0990	4.2440	0.1789
2.3910	2.3760	0.1940
2.1060	1.3090	0.1831
2.2690	2.4600	0.1939
2.2470	1.3730	0.2017
2.2030	3.4900	0.1934
2.1070	3.1530	0.1769
2.1760	2.6820	0.1770
2.1820	0.2181	0.1688
2.5370	0.8153	0.1702
2.3610	3.3200	0.1869
2.3980	1.8800	0.1216
2.4560	2.3470	0.1532
2.5390	1.6550	0.1846
2.3440	1.0610	0.2052
2.2890	1.7930	0.2128
2.1450	0.5806	0.1869
2.2460	2.6100	0.2074
2.2820	2.2770	0.2158
2.2830	1.5550	0.2148
2.0910	0.3374	0.1911
2.2730	0.3264	0.2040
2.0510	3.3100	0.1904
2.3880	1.6440	0.1977
2.3980	2.4820	0.1975
2.4100	0.9352	0.2010
2.3790	2.2970	0.1949
2.3260	3.1230	0.1949
2.4240	0.7033	0.1318
2.4330	2.6970	0.1860
1.7030	0.8952	0.0226
2.2120	1.4740	0.0654
2.2550	2.7010	0.1415
2.0760	0.2216	0.1279
2.1180	1.8680	0.1579
2.3180	1.7700	0.1956
2.1950	2.7200	0.1735
2.5110	0.6767	0.2050
2.1810	1.6490	0.1830
1.9780	2.4840	0.1600
2.0290	2.4170	0.1585
1.9310	2.0200	0.1363
2.0040	4.2830	0.1496
2.2160	3.1830	0.1316
2.3740	2.9310	0.1001
1.5230	0.2469	-0.0394
1.9320	0.8261	0.0460
1.5430	2.8050	-0.0436
1.9760	2.1700	0.0537
1.9950	2.3620	0.0290
2.0680	4.3250	0.0998
1.9500	2.1780	0.1118
2.0990	4.1800	0.0552
2.2890	4.5140	0.1149
2.0980	0.6281	0.0686
2.2430	0.8729	0.1351
2.3980	6.6320	0.1437
2.4740	1.8210	0.1298
2.5270	4.9030	0.1046
2.2730	2.1230	0.0934
2.0710	2.5520	0.1303
2.2470	2.4220	0.0961
2.4870	1.0250	0.0971
2.4460	3.3830	0.0947
2.2990	0.1515	0.1193
2.4330	4.1710	0.0898
2.3850	3.7260	0.0913
1.3840	1.6320	-0.0584
1.0570	0.2880	-0.0493
1.2350	0.5460	-0.0529
1.3480	2.4870	-0.0540
1.1960	1.0010	-0.0443
0.8518	0.0970	-0.0409
0.8442	0.0656	-0.0474
1.4950	1.2090	-0.0177
0.6837	0.2044	-0.0322
0.7168	0.1805	-0.0254
0.9283	0.1463	-0.0444
1.3250	0.7506	-0.0248
0.8315	0.0325	-0.0518
0.7551	0.1184	-0.0348
0.8357	0.0127	-0.0119
1.5400	1.1020	0.0385
1.3250	0.9575	0.0209
1.8830	0.5881	0.0757
