1.4980	0.1707	0.0534
1.7290	1.0530	0.1712
1.7970	2.9380	0.1451
1.9230	0.8918	0.1808
1.7430	1.0110	0.1731
1.8030	0.1526	0.2203
2.0090	0.8949	0.1827
2.0150	2.2010	0.2232
1.9410	0.4110	0.1220
1.8040	1.8940	0.1881
1.4940	2.6350	-0.0614
1.9630	0.4381	0.2280
1.7380	3.1960	0.1582
1.8170	1.2200	0.2052
1.9480	4.4790	0.1712
1.8260	0.5255	0.1760
1.6690	2.7470	0.1209
1.6690	0.3765	0.1241
2.0750	0.5276	0.1917
1.7030	1.0210	0.1691
1.3000	0.0768	-0.0707
1.7500	0.1135	0.2139
1.6350	1.9030	0.1714
1.8470	0.7991	0.1641
1.7560	1.3560	0.1393
1.8690	1.7470	0.1597
1.8510	1.7190	0.1948
2.0440	2.4550	0.2074
2.0560	0.3810	0.2092
2.0030	2.3610	0.2235
2.0230	1.7000	0.1211
1.7440	2.2970	0.1564
1.6480	3.4520	0.1189
1.8800	0.0409	0.1610
1.1110	0.6595	0.0359
1.8340	4.0150	0.1892
1.7850	0.2686	0.2156
2.0160	3.0930	0.2251
1.9950	2.9040	0.2217
2.2410	2.0170	0.2154
2.3280	2.1200	0.1899
1.5880	1.5090	0.0370
1.7490	1.7260	0.1439
1.8480	2.1360	0.1681
1.8490	5.7310	0.1483
1.8320	3.1740	0.1931
1.8650	0.3731	0.2222
1.8290	3.2020	0.1831
1.8880	1.8280	0.1833
1.8660	0.1502	0.1874
1.9100	1.6240	0.1846
1.7900	3.0550	0.1517
1.6960	0.1109	0.1417
1.8860	0.2636	0.2156
1.7850	1.6050	0.1705
1.7620	3.1690	0.1600
1.6730	3.9100	0.1475
1.8470	1.9980	0.2055
1.8120	2.7060	0.1695
2.0060	1.2020	0.2421
1.7810	0.2581	0.1875
1.6720	2.6520	0.0825
1.7480	3.4320	0.0105
1.5510	0.1310	0.0144
1.9640	3.7400	0.0163
1.6670	3.0360	0.2088
1.6500	2.1220	0.1596
1.6020	0.6962	0.0980
1.2230	0.4182	-0.0245
1.5760	1.1290	0.0707
1.5770	1.3690	0.0659
1.3720	0.9234	-0.1030
1.6900	1.2670	0.1787
1.6390	0.1178	0.1250
1.7740	2.3370	0.2295
1.6700	2.9540	0.2102
1.6430	3.4450	0.2009
1.7850	2.8860	0.1937
1.6370	1.8800	0.1791
1.8730	0.3642	0.1990
1.8010	1.3350	0.1750
1.9320	1.3730	0.2183
1.8840	2.9000	0.1768
1.8660	3.0010	0.1478
1.7850	1.9080	0.1531
1.7840	0.7958	0.1642
1.8240	1.4610	0.1375
1.8850	2.0790	0.1327
1.7630	2.8060	0.1547
1.8210	0.4378	0.1684
1.9000	0.6058	0.1775
1.8140	3.1110	0.1530
1.7770	0.4276	0.1840
1.8970	0.3019	0.1487
1.8790	0.5725	0.1843
1.9480	3.1070	0.1832
1.9550	2.9920	0.2063
1.7430	2.6320	0.1816
2.0030	3.2840	0.1963
2.0590	0.5109	0.1975
2.0970	1.7560	0.1966
2.0420	3.1790	0.1943
2.1110	0.1694	0.1986
1.8770	2.9720	0.1637
1.9010	2.5090	0.1673
2.0840	2.1910	0.2216
2.0220	3.2170	0.2296
1.9580	3.3300	0.1486
1.9440	3.2840	0.1428
1.9400	3.6870	0.1204
1.8050	0.1416	0.1557
1.7190	2.3210	0.1650
1.8240	1.6940	0.1523
1.8450	0.8726	0.1456
1.8650	0.4231	0.1402
1.6710	2.4700	0.1606
1.9140	0.0729	0.1293
1.7380	0.6456	0.1428
1.6690	0.7968	0.1349
1.4540	0.0772	0.0859
1.4930	0.3844	0.0698
1.0680	0.6244	0.0116
1.9190	4.8890	0.1383
1.7520	0.8889	0.1192
1.6240	1.3730	0.1010
1.6860	0.8206	0.1597
1.4660	0.4382	0.1053
1.9330	0.0032	0.1931
1.7930	4.9590	0.1876
1.9840	1.8170	0.2060
1.9660	3.5980	0.2089
1.8490	1.5770	0.1812
1.9800	0.1288	0.2080
1.9230	5.2930	0.2290
1.9150	0.9334	0.1954
1.8540	4.5170	0.1978
1.9990	1.0050	0.2098
1.9030	1.5310	0.2320
2.0150	3.7040	0.2177
1.9170	0.9952	0.2300
1.9470	0.8340	0.2320
1.9760	1.9850	0.2106
2.0420	0.8359	0.2146
1.8980	3.5810	0.2059
1.9900	0.3965	0.2301
2.0200	1.3580	0.2204
2.1500	3.6120	0.2119
2.0420	1.5420	0.2150
1.9000	1.5810	0.2116
2.1210	3.2520	0.2337
2.0930	1.1890	0.1244
2.2630	1.3930	0.1917
2.2990	1.1890	0.2123
2.1540	3.8910	0.2107
1.6350	0.9322	-0.0180
2.1350	2.0370	0.1418
1.7410	2.9120	0.1534
1.8950	3.1330	0.2125
2.1880	1.8950	0.2136
1.2200	0.0704	-0.0763
1.0500	0.6122	-0.0589
1.1730	0.2532	0.0176
1.7860	5.4190	0.1437
1.8070	4.1830	0.1454
1.8100	3.9580	0.1452
1.7430	2.0100	0.1473
1.7910	3.8830	0.1632
1.7970	3.2510	0.1521
1.8500	3.7360	0.1544
1.9020	1.3490	0.1712
1.9290	6.2610	0.1570
1.7470	2.0930	0.1755
1.8230	2.9550	0.1876
1.7970	1.9860	0.1752
1.9110	1.1840	0.2137
1.9370	0.1876	0.2259
1.8690	0.5104	0.2088
1.8340	0.5922	0.2007
1.8160	3.3100	0.2145
1.8140	1.5170	0.1899
1.8950	1.6270	0.1801
1.9250	0.8192	0.1815
1.8520	0.6304	0.1770
1.8650	3.8430	0.1817
1.8150	0.8933	0.1824
1.9020	1.8510	0.1848
1.9260	1.9600	0.1841
1.8210	1.1340	0.1951
1.8510	1.3670	0.1790
1.8880	1.7770	0.1781
1.9050	1.1960	0.1822
1.9170	3.4490	0.1782
1.7900	3.0950	0.1477
1.7540	4.3160	0.1439
1.8040	5.5470	0.1603
1.7790	4.2600	0.1577
1.7410	2.5500	0.1477
1.7120	1.2630	0.1408
1.6830	1.8010	0.1406
1.8780	3.1450	0.1981
1.8340	2.7820	0.1904
1.8040	1.1110	0.1737
1.8410	0.5887	0.2202
1.8370	0.7487	0.2013
1.8570	0.5253	0.2001
1.7660	0.3446	0.1666
1.6610	3.2590	0.1169
1.6680	1.9590	0.1227
1.6610	0.6991	0.1347
1.6930	3.7610	0.1526
1.7270	0.8254	0.1482
1.6710	0.3837	0.1303
1.6660	2.8780	0.1397
1.7310	2.7220	0.1790
1.7190	3.1300	0.1803
1.7230	3.4550	0.1822
1.8360	2.6510	0.1997
1.9320	1.2220	0.2230
1.9680	1.6590	0.2302
1.9630	0.3769	0.2320
1.7160	3.3760	0.1569
1.8640	1.4720	0.2004
2.0050	0.1038	0.2195
1.9900	0.3117	0.1815
2.0750	0.1161	0.2339
1.6670	2.3330	0.1200
1.6740	2.1590	0.0959
1.7850	0.4919	0.2072
1.8300	0.3897	0.1774
1.7510	1.1490	0.1434
1.7360	0.1147	0.1580
1.6730	2.1030	0.1152
1.7650	3.6520	0.0839
1.8110	3.7850	0.0775
1.7440	4.0350	0.0934
1.6870	0.6899	0.0503
1.6680	2.7460	0.0827
1.8100	3.2880	-0.0087
1.9130	1.3270	0.0921
1.6350	0.8201	0.0786
1.7050	0.6592	0.0276
1.7160	1.0880	-0.0279
1.5150	3.2990	-0.0644
1.5970	2.7030	-0.0275
1.7590	0.7000	0.2204
1.7020	2.3410	0.2057
1.6770	2.8580	0.1907
1.6820	0.9790	0.1657
1.6640	3.4020	0.1885
1.6720	3.2040	0.1861
1.6340	0.0417	0.1495
1.6680	2.1630	0.1359
1.6150	0.3081	0.0814
1.6570	3.3700	0.1273
1.5750	0.5217	0.0708
1.3650	0.0449	0.0200
1.5290	0.0315	0.0418
1.4970	0.1024	0.0167
1.1580	0.5133	-0.0562
1.4450	0.1467	0.0072
1.6140	1.9630	0.1198
1.6200	0.7016	0.1088
1.6400	0.5347	0.1231
1.5500	1.5290	0.0665
1.4280	0.6233	-0.0010
1.5850	0.9977	0.0519
1.2960	0.1863	-0.0879
1.4290	0.4605	-0.0177
1.4400	0.9632	-0.0494
1.4380	0.8780	-0.0925
1.6490	1.4930	0.1136
1.5510	0.0940	0.0926
1.7050	0.9541	0.1770
1.6850	2.0150	0.1478
1.6670	2.2120	0.1530
1.6580	1.5730	0.1775
1.6470	0.3026	0.1546
1.6640	3.3840	0.2106
1.6900	2.1190	0.1946
1.7960	0.4449	0.2296
1.7210	2.3600	0.2241
1.6950	0.7836	0.2203
1.7530	1.3430	0.2230
1.6880	1.6120	0.2158
1.6630	1.6610	0.1942
1.6380	2.3700	0.1863
1.6830	2.5950	0.1963
1.6650	2.9250	0.2077
1.6850	1.6910	0.2096
1.6250	2.1410	0.1905
1.6160	3.0010	0.1768
1.7540	0.7186	0.2050
1.6940	0.9951	0.2001
1.6830	1.2760	0.1887
1.7300	0.0578	0.1820
1.7090	0.1744	0.1768
1.7770	0.0036	0.1860
1.7570	0.8721	0.1751
1.8260	1.2230	0.2103
1.8140	1.2290	0.1993
1.8340	1.4420	0.1865
1.8450	3.7620	0.1822
1.8290	0.4170	0.1702
1.8400	2.7360	0.2295
1.8570	2.1400	0.2208
1.8600	1.8890	0.2310
1.9290	2.3940	0.2199
1.8870	2.9700	0.1985
1.9040	0.4368	0.1920
1.8710	1.0730	0.1726
1.8970	2.1060	0.2100
1.9180	2.5200	0.1966
1.8570	0.7514	0.1756
1.8610	1.3100	0.1602
1.8850	2.1210	0.1559
1.8350	0.8298	0.1613
1.8370	1.6050	0.1515
1.8030	0.6919	0.1456
1.7650	2.2880	0.1689
1.7680	2.6690	0.1676
1.8340	1.1970	0.1545
1.8140	1.9670	0.1629
1.7560	1.5850	0.1610
1.8080	3.3620	0.1526
1.8110	2.1080	0.1565
1.8760	3.2760	0.1394
1.8820	1.4150	0.1453
1.8070	2.0190	0.1425
1.8390	2.0830	0.1390
1.8460	2.7390	0.1334
1.8120	3.3850	0.1346
1.7740	2.3330	0.1383
1.8760	2.1940	0.1446
1.8290	1.6360	0.1579
1.8710	1.2380	0.1389
1.7910	3.0220	0.1377
1.7520	1.1480	0.1492
1.8160	0.1027	0.1705
1.8340	3.4140	0.1686
1.7720	0.4591	0.1526
1.7980	4.8710	0.1622
1.8950	5.0710	0.1773
1.8600	2.1810	0.1836
1.9030	0.5167	0.1837
1.8130	4.4880	0.1755
1.7820	2.1260	0.1853
1.7730	2.3920	0.1398
1.7730	3.2260	0.1573
1.7990	0.2612	0.1703
1.8310	3.3050	0.1792
1.7900	1.2900	0.1955
1.8720	0.3505	0.1402
1.8350	2.3750	0.1346
1.8450	1.7230	0.1441
1.9070	3.6730	0.1514
1.9380	2.8930	0.1641
1.8600	2.6870	0.1717
1.8560	1.9650	0.1848
1.8460	1.5640	0.1427
1.8800	3.3970	0.1689
1.9190	0.2015	0.1813
1.9160	4.1600	0.1907
1.9170	1.8660	0.1915
1.9130	3.2370	0.1876
1.9200	1.0470	0.1831
1.9300	1.5700	0.1784
1.7710	0.2374	0.1872
1.7530	3.1410	0.1858
1.8330	2.8070	0.2091
1.8030	0.8757	0.2016
1.7940	2.8470	0.1914
1.9660	2.9400	0.2028
1.7980	2.7850	0.1942
2.0350	0.5051	0.1876
2.0310	2.0630	0.1998
1.9360	3.3700	0.1862
1.9920	0.7526	0.1854
2.0210	0.6702	0.1946
2.0420	1.0620	0.2050
2.0610	1.5360	0.2014
2.1250	3.5590	0.2039
2.1480	1.8410	0.2057
2.0850	1.9050	0.2070
2.0900	1.2570	0.2000
2.0450	2.8760	0.1974
2.1310	1.4430	0.1903
2.1280	0.8599	0.2095
2.0440	0.3391	0.2021
2.0790	0.5566	0.1926
2.0810	3.7680	0.1862
2.0200	0.3279	0.1861
2.0470	0.9023	0.1862
1.7680	3.1440	0.1751
1.8490	0.2822	0.1853
1.9140	2.4190	0.2022
1.8030	2.0650	0.1707
1.8330	3.0050	0.1580
1.9870	3.5810	0.1419
1.9060	3.3550	0.1412
2.1010	0.1658	0.2201
2.0430	2.4790	0.2197
2.0280	0.3810	0.1885
2.1030	2.1470	0.2153
2.0960	1.8470	0.2326
2.0440	3.0400	0.2321
2.0260	3.3030	0.2314
1.9470	2.3760	0.1560
2.0480	2.5570	0.1331
1.9300	0.6703	0.2062
1.9560	1.6220	0.1969
1.9510	3.0030	0.1856
1.9870	2.2680	0.1273
1.9560	0.5079	0.1193
1.9540	1.9650	0.1859
1.9460	1.1480	0.1396
1.9580	1.3610	0.1252
1.9580	2.7410	0.1260
1.9260	1.9830	0.1224
1.7640	2.7860	0.1627
1.7280	0.2431	0.1686
1.9140	1.9190	0.1557
1.7900	2.3500	0.1582
1.7630	0.2951	0.1619
1.7550	2.8710	0.1573
1.7160	0.6631	0.1641
1.8610	1.6920	0.1651
1.8230	0.3256	0.1616
1.9370	7.4030	0.1707
1.8790	1.0780	0.1507
1.8690	1.7120	0.1363
1.8470	1.0290	0.1532
1.7940	1.3400	0.1520
1.8750	2.3550	0.1546
1.8560	1.4460	0.1461
1.8800	1.4070	0.1304
1.8110	1.1340	0.1446
1.7630	2.6390	0.1481
1.8610	2.4960	0.1326
1.8720	1.9890	0.1312
1.9350	0.5287	0.1305
1.6660	1.1230	0.1706
1.7020	2.7800	0.1608
1.6680	2.5580	0.1658
1.6420	2.9350	0.1702
1.6370	1.8460	0.1654
1.7870	0.7546	0.1435
1.7280	2.7490	0.1495
1.9430	0.6510	0.1237
1.8980	1.8940	0.1351
1.8120	2.0270	0.1370
1.7740	0.0151	0.1300
1.6790	0.2682	0.1329
1.6710	0.5385	0.1519
1.6430	1.3910	0.1524
1.7050	1.1660	0.1523
1.7280	1.2540	0.1399
1.6190	3.9340	0.1237
1.6410	0.0707	0.1319
1.5160	0.6961	0.1019
1.5720	4.4880	0.1137
1.5270	1.0240	0.1050
1.4620	0.4415	0.0688
1.3670	0.4273	0.0430
1.3050	0.0624	0.0236
1.5650	1.7580	0.0968
1.4180	0.0327	0.0735
1.2620	0.1245	0.0415
1.2420	0.3986	0.0530
1.0290	0.7608	0.0208
1.8690	2.5910	0.1242
1.7080	3.8530	0.1162
1.9530	2.8710	0.1215
1.9280	1.8130	0.1217
1.8770	5.1720	0.1315
1.9000	0.5534	0.1528
1.8190	0.3172	0.1300
1.5120	0.3704	0.0781
1.3190	0.3553	0.0718
1.6280	1.0840	0.0989
1.7170	0.4333	0.1059
1.7780	0.1277	0.1294
1.4600	0.0922	0.1014
1.2190	0.5069	0.0629
1.8590	1.5560	0.1660
1.6660	0.1982	0.1355
1.5690	0.2887	0.1340
1.6750	0.9609	0.1601
1.6350	0.5701	0.1444
1.7440	1.3730	0.1735
1.7800	2.0980	0.1844
1.9460	1.8020	0.1918
1.8580	0.0311	0.1795
1.7970	0.2851	0.1823
1.8390	1.1930	0.1857
1.8110	4.3850	0.1901
1.9360	0.7003	0.1745
1.9510	0.1088	0.1869
1.9340	4.1150	0.1426
1.9510	1.1340	0.1853
2.0030	0.6095	0.2175
1.9360	1.8880	0.2005
1.8440	3.0620	0.1857
1.9840	0.7164	0.2094
2.0080	0.1644	0.2212
2.0220	2.2100	0.2289
1.8800	0.1262	0.1870
1.8390	2.5000	0.1863
2.0250	2.3320	0.2150
1.9490	2.0450	0.1888
1.9380	2.7260	0.1809
1.9080	1.6770	0.2074
1.8590	3.3950	0.1996
1.8910	1.7200	0.2019
1.8950	2.3030	0.2028
2.0030	1.5650	0.2142
2.0520	1.4970	0.2145
1.9640	5.4830	0.2346
1.8240	2.8340	0.1901
1.8740	4.1960	0.1988
1.9870	2.5670	0.1859
1.8910	3.5170	0.1866
1.7730	1.1220	0.1964
1.8040	1.5850	0.2039
1.7490	3.0390	0.2067
1.9790	2.2950	0.2069
2.0540	2.0670	0.2125
1.9120	0.9404	0.2030
1.8750	1.8200	0.2041
1.8540	2.8560	0.2122
2.0390	2.1130	0.2174
2.0240	1.0660	0.2184
1.8840	1.7780	0.2259
1.9950	1.8630	0.2207
1.9690	3.4730	0.2251
1.9420	2.7680	0.2288
1.9950	0.1731	0.2219
1.8860	1.6330	0.2349
1.9450	2.2710	0.2269
1.8250	0.0109	0.2241
1.8800	1.0960	0.2292
1.8880	1.6200	0.2370
1.9810	0.9542	0.2274
1.9710	2.1460	0.2292
1.9570	0.9691	0.2044
1.8420	1.7270	0.2131
2.0050	0.1740	0.1937
2.0260	1.2730	0.2035
2.0230	2.2100	0.2099
1.9930	0.7935	0.2215
2.0170	0.8175	0.2188
1.9140	0.1283	0.2192
2.0390	2.1230	0.2156
2.0630	1.8430	0.2127
1.9840	4.0380	0.2108
1.9590	1.7070	0.2145
2.0400	3.0380	0.2081
1.9780	3.0220	0.2005
1.9000	0.7821	0.1919
1.9640	1.4450	0.2306
1.9150	2.7560	0.2283
2.1270	0.5764	0.2239
2.1970	2.0800	0.2185
1.9960	1.7480	0.2266
1.9210	0.2828	0.2228
1.9180	0.2210	0.2174
2.2260	0.7799	0.2119
2.0720	0.5102	0.2137
2.1040	2.9230	0.2129
2.0220	2.3960	0.2180
2.0310	3.4330	0.2204
2.0000	4.8520	0.2215
1.9800	0.8081	0.2195
2.0030	0.3055	0.2161
1.8550	0.7819	0.2138
2.1130	2.6860	0.2143
2.0200	0.7455	0.2134
1.9690	0.8218	0.2151
1.8370	2.3020	0.2074
1.8840	2.1340	0.2094
1.8560	0.2364	0.2004
1.9860	2.2940	0.2367
2.1280	1.6110	0.2344
2.0580	2.0590	0.2446
2.0300	2.3170	0.2335
2.2530	1.6480	0.2201
2.1260	2.5820	0.1229
2.1380	1.9940	0.1876
1.5940	0.1046	0.0189
1.9370	1.6370	0.0787
2.3110	0.1503	0.1700
2.3710	0.8162	0.1743
2.3970	1.3590	0.1974
2.3030	1.5330	0.2187
2.2690	2.6280	0.2152
2.2210	2.2390	0.2192
2.3430	0.7065	0.2102
2.3020	2.4540	0.2058
2.2600	1.5740	0.2099
2.2640	0.5911	0.2025
2.2290	2.0840	0.2062
2.1600	3.2630	0.2114
2.0860	1.8810	0.2174
1.5430	0.8977	-0.0320
1.8540	0.0476	0.0645
1.6320	1.0890	-0.0123
1.9590	1.4770	0.0878
2.0000	0.7542	0.0649
2.2140	1.1490	0.1284
2.3020	2.5050	0.1725
1.6330	1.2320	0.1076
1.8340	1.2150	0.1909
1.8470	1.1300	0.1431
1.7620	0.9525	0.1691
1.8620	5.0070	0.2107
1.9040	3.6260	0.2344
1.9220	3.0140	0.2328
2.1960	3.2490	0.1922
2.2430	0.4155	0.1992
2.0030	0.6961	0.1756
2.0240	2.7200	0.2145
2.0160	3.0310	0.2218
2.1850	1.7000	0.2108
2.1110	2.1750	0.2149
2.1030	2.4700	0.2168
1.4310	1.0310	-0.0627
1.2480	0.0659	-0.0992
1.3270	0.7148	-0.0973
1.4300	2.2400	-0.0550
1.3010	0.6313	-0.0350
1.0570	0.6731	-0.0695
1.1120	0.5044	-0.0885
1.0790	0.6461	-0.0245
1.0020	0.7567	-0.0341
1.0370	0.6879	-0.0122
1.1580	0.2178	-0.0420
1.3770	0.6312	0.0222
1.1170	0.3789	-0.0745
1.0870	0.5072	-0.0300
1.0820	0.5965	0.0178
1.4310	0.0583	0.0825
1.2530	0.0152	0.0701
1.5310	0.2582	0.1226
1.5140	0.3176	0.0474
1.6970	0.4305	0.1952
1.7380	2.3130	0.1308
1.8190	2.9800	0.1846
1.8810	0.8911	0.1742
1.9340	1.4040	0.1928
1.9360	2.6050	0.2038
2.0260	2.7780	0.2295
1.9560	1.1910	0.1313
1.7880	3.2120	0.1565
1.2500	2.4340	-0.0639
1.9560	1.9310	0.2083
1.8360	2.3040	0.1467
1.8140	6.3150	0.1968
1.8050	5.0260	0.1654
1.7630	1.5240	0.1591
1.7800	2.8670	0.1119
1.7750	1.7310	0.1291
1.9760	1.5950	0.1314
1.8480	0.3311	0.1697
1.2310	0.3288	-0.0429
1.8190	0.5412	0.1954
1.8620	0.8271	0.1623
1.7480	0.2077	0.1448
1.7150	1.9440	0.1486
1.7950	0.4472	0.1481
1.9320	3.4370	0.1734
2.1260	1.2430	0.2092
1.9480	1.5600	0.1986
1.8900	1.5610	0.1970
1.8050	2.8550	0.1247
1.8730	2.9110	0.1591
1.8340	3.4140	0.1426
1.9300	0.9750	0.1640
0.8730	0.1456	0.0547
1.7760	1.3480	0.2172
1.9870	2.2510	0.2212
1.7680	1.2850	0.2346
2.0430	3.1290	0.2218
2.2170	1.8990	0.2267
2.1190	0.6449	0.1836
1.4260	1.8990	0.0133
1.7810	1.8080	0.1363
1.8260	1.8770	0.1560
1.7690	4.9140	0.1381
1.8690	2.3480	0.1663
1.9470	0.3793	0.2062
1.8420	1.5450	0.1537
1.8370	1.9510	0.1695
1.8050	3.1130	0.1828
1.8630	3.4180	0.1828
1.7020	4.8650	0.1337
1.7040	1.4480	0.1315
1.9010	1.4270	0.1809
1.8960	0.9966	0.1696
1.7510	3.2220	0.1507
1.8050	3.1730	0.1418
1.8900	1.2860	0.1805
1.8540	3.6290	0.1336
1.9960	1.1730	0.2132
1.9470	0.1753	0.1815
1.7440	0.8134	0.0919
1.7300	2.6170	0.0065
1.5380	1.1270	0.0396
1.6150	0.8693	-0.0014
1.8980	2.6860	0.2092
1.8350	2.0510	0.1682
1.6490	0.4099	0.0928
1.1470	0.1147	-0.0208
1.6230	1.1630	0.0772
1.6280	2.4560	0.0861
1.0590	0.8253	-0.0810
1.8740	0.7828	0.1631
1.7480	3.9860	0.1231
1.8730	2.4940	0.1982
1.8360	2.9370	0.1988
1.8490	2.6370	0.1851
1.8550	1.2540	0.1852
1.8780	1.7490	0.1749
1.8090	0.6197	0.1742
1.8760	0.1786	0.1668
1.8130	1.0470	0.1729
1.7510	2.1070	0.1519
1.7440	0.0470	0.1192
1.7270	3.1340	0.1436
1.8630	0.9249	0.1589
1.7330	1.3740	0.1309
1.7060	1.8680	0.1246
1.7230	3.0520	0.1519
1.8080	0.5556	0.1567
1.7850	2.1660	0.1512
1.8050	3.8380	0.1504
1.8410	1.7060	0.1581
1.7660	0.8886	0.1431
1.8500	2.1690	0.1682
1.8120	4.7010	0.1876
2.1700	1.0910	0.1824
1.8060	2.0430	0.1576
2.0030	4.2470	0.1941
2.0750	2.1540	0.1924
2.0750	2.3620	0.1993
2.0230	2.4510	0.2114
1.9490	2.3970	0.2091
1.8030	0.5912	0.1451
1.7730	0.5892	0.1422
1.8870	1.7730	0.2191
1.8700	2.9310	0.1984
1.7920	3.9000	0.1277
1.8550	3.4840	0.1399
1.9320	3.6690	0.1142
1.8500	0.1945	0.1489
1.8650	1.2180	0.1691
1.7670	2.3590	0.1310
1.8900	0.6045	0.1220
2.0180	1.2330	0.1354
1.8650	2.1540	0.1669
1.9220	2.1350	0.1450
1.9180	1.1820	0.1633
1.8170	0.6472	0.1482
1.5170	0.2164	0.0923
1.4320	0.3004	0.0982
1.0980	0.2163	0.0314
1.8800	4.7040	0.1488
1.7990	0.1163	0.1411
1.6030	1.0740	0.1154
1.7420	0.3681	0.1603
1.4360	1.3900	0.0977
1.8710	2.2920	0.1994
1.6860	5.7290	0.2151
1.9280	1.7640	0.1958
1.8680	3.5330	0.2167
1.9000	0.8466	0.2099
1.7760	1.5770	0.2243
1.7180	5.7750	0.2532
2.0240	1.4900	0.2213
1.9790	2.9400	0.2264
1.9020	1.3050	0.2135
1.9480	2.6730	0.2217
1.9560	1.2840	0.2267
2.0770	0.7079	0.2230
2.1050	1.0570	0.2179
2.1360	0.8261	0.2271
2.0660	1.1250	0.2251
2.0130	2.0220	0.2118
2.0990	0.1009	0.2286
2.1220	1.5930	0.2304
2.2050	4.7500	0.2205
2.1480	1.1430	0.2168
2.0440	1.2030	0.2232
2.2260	2.2700	0.2258
1.8220	0.5665	0.0953
2.2510	1.2180	0.1589
2.2500	0.3040	0.2188
2.0770	2.2720	0.2199
1.3180	1.1870	-0.0306
2.0320	0.4265	0.1234
1.7020	3.6660	0.1721
1.9420	3.3100	0.2185
2.0570	2.0140	0.2134
0.7499	0.0175	-0.0514
0.5110	0.4530	-0.0147
0.9455	0.1829	0.0272
1.7520	4.9770	0.1326
1.7770	4.0800	0.1377
1.7510	3.5960	0.1339
1.8220	2.4500	0.1420
1.8350	2.7980	0.1497
1.8160	2.2920	0.1456
1.8050	2.2820	0.1462
1.8090	2.8680	0.1630
1.7930	5.8540	0.1468
1.8350	2.5610	0.1530
1.8510	3.1820	0.1585
1.8320	2.4890	0.1497
1.9180	8.3650	0.1895
1.9510	0.9096	0.2083
1.8990	0.0028	0.1858
1.8730	0.3172	0.1783
1.8580	1.4660	0.2029
1.8460	0.3801	0.1708
1.8220	0.7142	0.1670
1.8230	1.0160	0.1764
1.8270	1.0970	0.1540
1.8350	1.7890	0.1593
1.8360	0.7313	0.1675
1.8490	2.7530	0.1764
1.8430	0.9269	0.1801
1.8060	5.4090	0.1888
1.8380	0.2726	0.1691
1.8420	1.0340	0.1746
1.8130	3.2280	0.1827
1.8200	2.3840	0.1808
1.7250	3.1120	0.1297
1.7200	3.5090	0.1319
1.7150	5.0370	0.1454
1.7170	3.6980	0.1461
1.6910	2.1060	0.1347
1.7500	0.5322	0.1329
1.8110	2.2600	0.1365
1.8400	4.4600	0.1723
1.8600	2.8240	0.1708
1.7630	0.6219	0.1594
1.9250	1.2310	0.1862
1.9320	0.1144	0.1842
1.9030	0.5208	0.1812
1.8230	1.8700	0.1599
1.7600	0.8604	0.1257
1.7470	0.6204	0.1232
1.7680	0.6451	0.1310
1.8260	3.5920	0.1450
1.7140	0.5406	0.1386
1.7500	0.5242	0.1271
1.7900	2.9960	0.1333
1.8300	2.7470	0.1595
1.8220	3.0680	0.1569
1.8230	2.9500	0.1635
1.8740	2.0430	0.1759
1.9430	3.9210	0.1969
1.9580	2.3160	0.1972
1.9830	0.0459	0.2127
1.8170	1.7170	0.1241
1.8840	1.2350	0.1689
1.9420	0.5587	0.1787
1.8860	1.6740	0.1354
2.0070	2.3950	0.1879
1.8540	1.2530	0.1361
1.7580	2.9600	0.0950
1.9420	0.9866	0.1923
1.9320	0.4228	0.1755
1.9200	1.8290	0.1534
1.9310	0.6169	0.1598
1.7680	0.4806	0.1288
1.8040	0.2309	0.0527
1.8390	2.1510	0.0427
1.7820	1.0370	0.0679
1.7390	3.5720	0.0495
1.7150	0.0919	0.0922
1.6780	1.5490	-0.0169
1.8950	3.6970	0.0483
1.6870	0.2782	0.0906
1.5970	1.3000	0.0398
1.4680	3.3190	-0.0067
1.2980	1.2800	-0.0368
1.3540	1.4990	-0.0279
1.9310	2.0880	0.2037
1.9350	2.0760	0.2017
1.8560	3.7570	0.1933
1.8260	0.0227	0.1731
1.8830	3.9770	0.1951
1.9230	2.9040	0.1887
1.8650	3.0260	0.1574
1.7840	3.8260	0.1338
1.6370	0.1599	0.0807
1.7820	1.2620	0.1330
1.5290	0.5688	0.0659
1.4660	0.9977	0.0152
1.5060	0.3806	0.0379
1.4780	0.3290	0.0214
1.0520	0.0355	-0.0384
1.4310	0.3817	0.0233
1.7630	1.9080	0.1329
1.7740	1.1980	0.1234
1.7660	1.0360	0.1332
1.6190	1.5580	0.0817
1.3740	0.1947	0.0140
1.6170	2.7070	0.0738
1.1110	0.9652	-0.0540
1.3690	0.5688	0.0063
1.3510	1.4590	-0.0175
1.1670	1.2980	-0.0792
1.7060	1.6890	0.1082
1.5730	0.0403	0.0852
1.8620	0.7173	0.1674
1.7980	0.5164	0.1374
1.8100	1.2220	0.1416
1.8710	1.5710	0.1619
1.8170	0.2850	0.1485
1.8510	3.2960	0.2056
1.8560	2.4770	0.1883
1.9180	2.4490	0.1964
1.8830	1.5650	0.2082
1.8410	2.4800	0.2064
1.8370	1.3710	0.1969
1.8210	0.7235	0.2012
1.8690	2.5220	0.1760
1.8660	2.2910	0.1712
1.8630	3.0570	0.1815
1.8420	3.0910	0.1915
1.8240	2.0380	0.1946
1.8620	1.9040	0.1791
1.8640	2.5140	0.1679
1.8190	1.0270	0.1915
1.8350	0.5971	0.1877
1.8910	1.4310	0.1816
1.8980	0.2219	0.1793
1.8960	2.1850	0.1765
1.8920	0.9567	0.1792
1.8830	1.0690	0.1730
1.8160	1.0370	0.1854
1.8340	0.0192	0.1826
1.8080	1.9240	0.1710
1.7590	1.2260	0.1658
1.7630	1.0560	0.1586
1.8480	2.5240	0.1846
1.8220	0.1651	0.1858
1.8970	2.2950	0.1842
1.8600	3.4880	0.1749
1.8000	3.0900	0.1673
1.7750	0.2760	0.1661
1.7500	1.4170	0.1503
1.8130	2.7300	0.1744
1.7910	2.1110	0.1650
1.7580	1.4340	0.1540
1.7470	3.2130	0.1334
1.7650	3.4320	0.1297
1.7260	0.6799	0.1387
1.7280	0.2940	0.1262
1.7310	0.3928	0.1249
1.8740	2.5740	0.1622
1.8690	1.3070	0.1667
1.7360	1.6850	0.1417
1.7970	2.1610	0.1526
1.8330	1.9470	0.1521
1.7770	1.7200	0.1469
1.8340	0.1659	0.1532
1.7470	0.2340	0.1174
1.7350	3.1580	0.1261
1.7390	1.2320	0.1303
1.7360	2.4610	0.1211
1.7210	3.1110	0.1239
1.7080	3.1700	0.1401
1.6920	0.3259	0.1426
1.7130	1.5100	0.1398
1.7370	3.9970	0.1485
1.7050	3.2120	0.1298
1.6900	2.2010	0.1396
1.7100	1.6620	0.1531
1.7530	0.0300	0.1537
1.7620	3.2730	0.1462
1.7570	1.1460	0.1542
1.7530	1.5560	0.1556
1.7900	4.0520	0.1557
1.8030	1.8500	0.1572
1.8020	0.8856	0.1531
1.8090	3.4240	0.1571
1.7840	3.2670	0.1572
1.7510	3.2850	0.1489
1.8030	3.4250	0.1553
1.8430	0.3496	0.1562
1.8730	2.2740	0.1617
1.8960	1.0610	0.1684
1.7390	1.4320	0.1395
1.7360	4.1810	0.1417
1.7490	1.8500	0.1376
1.7650	1.2350	0.1418
1.7900	1.7900	0.1519
1.8400	1.8540	0.1545
1.8990	2.6510	0.1689
1.7730	2.0130	0.1443
1.8040	0.6482	0.1536
1.8220	4.5640	0.1661
1.8650	3.6410	0.1832
1.8290	3.0340	0.1838
1.8650	0.3318	0.1817
1.8480	2.5790	0.1860
1.8240	1.0790	0.1850
1.8220	2.7610	0.1581
1.7660	4.6070	0.1547
2.1170	1.7410	0.1798
1.9280	1.3860	0.1676
1.9750	0.1122	0.1688
2.0200	2.1410	0.1878
1.9520	1.4680	0.1743
2.0250	2.3270	0.1887
2.1710	0.6337	0.1864
1.9370	0.6438	0.1898
1.9630	0.5111	0.1890
2.0080	2.9060	0.1916
2.0810	1.3650	0.2017
2.1170	0.7196	0.1952
2.1220	2.7240	0.1953
2.0680	1.1750	0.2005
2.1890	2.0390	0.1907
2.1110	2.2100	0.1970
2.0980	0.8345	0.1994
2.0170	1.0790	0.2012
1.9550	4.0970	0.2047
2.0820	1.4070	0.2134
2.0310	0.9805	0.2022
1.9850	1.3480	0.2037
1.9690	0.8694	0.2057
1.9370	1.4710	0.2068
1.7380	4.4530	0.1484
1.7830	2.4680	0.1517
1.8770	0.9912	0.1773
1.8720	0.5943	0.1532
1.7280	3.0630	0.1418
1.7480	3.1890	0.1336
1.7520	0.9058	0.1336
1.8950	1.5140	0.2098
1.8860	3.3260	0.1993
1.9130	2.2700	0.2088
1.9100	1.7230	0.2166
1.8850	0.2943	0.2146
1.8770	3.8520	0.2161
1.8690	3.1420	0.1966
1.7820	1.1330	0.1345
1.7930	3.1010	0.1258
1.8350	2.4320	0.1742
1.8230	0.8137	0.1608
1.8410	0.6266	0.1557
1.8740	3.5380	0.1188
1.8810	2.4660	0.1167
1.8660	3.6370	0.1689
1.8450	0.8846	0.1278
1.9030	2.5960	0.1190
1.9030	1.6030	0.1305
1.9610	1.0860	0.1206
1.8660	2.4640	0.1635
1.8820	2.4290	0.1718
1.8340	2.1370	0.1470
1.8510	3.2030	0.1540
1.8420	1.7020	0.1606
1.8470	1.0930	0.1551
1.8360	2.4430	0.1656
1.7540	2.9710	0.1414
1.8050	2.1490	0.1374
1.7890	5.2170	0.1444
1.7540	0.4335	0.1376
1.7530	2.8690	0.1300
1.8810	1.9680	0.1381
1.9090	2.3640	0.1427
1.8440	1.5620	0.1339
1.8200	0.1721	0.1237
1.8640	2.7310	0.1218
1.9670	3.2110	0.1260
1.9550	2.6360	0.1488
1.9370	3.3220	0.1168
1.9890	3.2090	0.1203
1.9950	0.9935	0.1302
1.8780	2.3780	0.1729
1.8660	3.1250	0.1672
1.8580	2.4920	0.1705
1.8680	2.9580	0.1699
1.8580	0.8276	0.1648
1.9600	1.8600	0.1549
1.9030	2.4060	0.1622
1.9290	1.5380	0.1380
2.0000	1.5010	0.1431
1.9580	0.8825	0.1558
1.8820	0.8045	0.1497
1.8710	3.4590	0.1570
1.8580	0.4425	0.1620
1.8390	0.0754	0.1544
1.8820	1.8580	0.1656
1.8700	0.3546	0.1587
1.8080	3.1330	0.1447
1.7780	2.9760	0.1363
1.6120	0.7240	0.1230
1.7000	2.0070	0.1260
1.6700	0.2299	0.1054
1.5450	0.1189	0.0668
1.4110	0.8218	0.0535
1.4520	0.9686	0.0250
1.6730	0.8984	0.1209
1.3730	0.2622	0.0925
1.2710	0.6906	0.0636
1.1810	0.7023	0.0775
0.7544	0.2776	0.0498
1.8810	4.5940	0.1416
1.7930	3.5240	0.1409
1.9020	1.4680	0.1383
1.8980	0.8609	0.1415
1.8690	2.0320	0.1472
1.8960	0.4281	0.1631
1.8450	3.0770	0.1469
1.5510	0.1607	0.1064
1.3140	0.7769	0.0870
1.6870	0.4263	0.1226
1.7290	0.8871	0.1241
1.8380	0.7883	0.1390
1.4550	1.0840	0.1024
1.1020	0.2218	0.0688
1.8630	0.4823	0.1649
1.7180	0.6026	0.1350
1.6520	0.5555	0.1307
1.6910	2.1560	0.1696
1.6380	0.4792	0.1465
1.7360	0.4706	0.1893
1.6990	0.0573	0.2096
1.9320	1.6620	0.1876
1.8410	2.2230	0.1825
1.7630	0.3192	0.1996
1.7850	2.1370	0.2061
1.7190	4.6820	0.2155
1.8930	1.4470	0.1747
1.9390	0.0382	0.1841
1.8700	4.1040	0.1477
1.8820	2.7020	0.1771
1.9120	0.0312	0.1992
1.8680	3.0790	0.2101
1.8030	3.3820	0.2097
1.9290	0.8090	0.2035
1.9130	2.4480	0.2123
1.8920	2.8120	0.2160
1.8360	1.7520	0.2098
1.8470	0.1210	0.2174
1.8720	1.7350	0.2193
1.8790	1.5240	0.2088
1.9200	2.2470	0.2034
1.6750	1.1210	0.2315
1.6980	4.9570	0.2345
1.7710	1.6800	0.2250
1.6730	2.3900	0.2243
1.6920	0.0070	0.2316
1.7510	2.0120	0.2244
1.7670	1.8630	0.2463
1.9330	2.8170	0.2221
1.8710	3.0000	0.2281
1.9640	2.3450	0.2085
1.9670	2.0070	0.2140
2.0080	2.2430	0.2249
2.0360	2.9220	0.2251
2.0010	3.4810	0.2227
1.8590	0.3517	0.2180
1.7940	2.9500	0.2216
1.8900	0.4625	0.2250
1.9520	2.0950	0.2178
1.9310	3.4490	0.2161
1.9420	3.0020	0.2208
1.9200	1.5690	0.2287
1.9390	2.7760	0.2185
1.9440	4.5020	0.2153
1.9460	4.1080	0.2234
1.9750	2.2150	0.2260
1.9740	3.2140	0.2290
2.0010	1.0810	0.2232
2.0620	1.5080	0.2237
2.0000	1.9580	0.2203
1.9810	2.0660	0.2211
2.0550	2.4550	0.2199
2.1390	0.2534	0.2245
2.1270	1.6530	0.2162
2.0780	4.1320	0.2250
2.0630	0.9165	0.2239
2.0250	1.2020	0.2169
2.0770	0.5229	0.2242
2.1330	1.7520	0.2255
2.1470	0.6343	0.2265
2.0230	2.5370	0.2248
2.1040	1.0730	0.2251
2.1530	1.3160	0.2299
2.1260	1.6110	0.2203
1.9880	4.6660	0.2168
2.0240	1.8250	0.2202
2.0230	3.9830	0.2101
2.0130	0.0584	0.2019
1.8500	3.4260	0.1934
2.0110	1.6580	0.2195
2.0240	0.3906	0.2192
2.1610	0.4729	0.2347
2.1710	0.6524	0.2315
2.1270	0.4922	0.2311
1.9860	1.2800	0.2186
1.9420	1.6700	0.2174
2.2300	1.5140	0.2203
2.1520	0.8246	0.2168
2.1840	0.9519	0.2207
2.0960	2.0180	0.2246
2.1700	0.8514	0.2196
2.1110	0.4165	0.2144
2.0900	2.8340	0.2171
2.1000	1.4130	0.2272
1.8920	0.9803	0.2151
2.1680	3.7960	0.2267
2.1420	0.7620	0.2228
2.0850	2.3210	0.2217
1.8480	1.6540	0.2097
2.0120	0.7219	0.2184
1.8270	3.5000	0.2025
2.0450	1.5070	0.2256
2.1160	1.1060	0.1940
2.0810	1.6440	0.2252
2.1520	0.4574	0.2333
2.2260	0.9440	0.2307
2.1370	0.5681	0.0893
2.1560	2.6710	0.1350
1.4180	0.1873	0.0046
1.7600	1.2660	0.0603
2.0110	2.6400	0.1346
2.0530	0.1046	0.1594
2.1460	0.9828	0.1850
2.2660	2.1070	0.2208
2.2520	1.1100	0.2244
2.2800	1.5120	0.1919
2.2360	1.2300	0.2038
2.1990	0.0369	0.2048
2.2450	2.5330	0.2214
2.1180	2.1630	0.2023
2.1920	1.8940	0.2126
2.1400	0.8363	0.2213
2.0460	2.9440	0.2275
1.2250	1.6230	-0.0432
1.5620	0.4274	0.0346
1.2950	2.0570	-0.0240
1.7840	0.6219	0.0574
1.7130	2.3040	0.0362
1.9620	3.9070	0.1079
2.0930	3.6270	0.1593
1.7000	2.4030	0.0983
1.8040	4.7000	0.2081
1.8730	0.6227	0.1356
1.6990	0.6062	0.1942
1.7390	5.6910	0.2452
1.7980	2.2000	0.2489
1.8770	3.8360	0.2391
2.1070	0.9919	0.1833
2.1000	1.7660	0.1906
2.0520	0.9815	0.1692
2.0400	2.3460	0.2140
1.9360	2.5000	0.2292
2.0590	1.5070	0.2172
1.9980	4.5610	0.2250
2.0130	3.2510	0.2284
1.0690	0.7426	-0.0640
0.7571	0.0660	-0.0713
0.9468	1.2560	-0.0786
1.0450	1.7250	-0.0520
0.9351	0.6519	-0.0261
0.6162	0.4108	-0.0418
0.6121	0.2930	-0.0588
1.0780	0.0844	-0.0097
0.5284	0.4366	0.0081
0.6191	0.4389	0.0225
0.8016	0.2149	-0.0137
1.2500	1.6360	0.0146
0.6263	0.3365	-0.0371
0.6825	0.3832	0.0034
0.8254	0.1963	0.0363
1.3230	0.0864	0.0777
1.1380	0.5917	0.0678
1.5040	1.1750	0.1207
