1.6100	1.1140	0.1150
1.8160	1.8370	0.2007
2.0870	2.1500	0.2011
2.1450	0.6636	0.2502
2.1100	2.9840	0.2175
1.9780	0.6743	0.2374
2.2900	2.8070	0.2638
2.0730	0.2916	0.2849
2.0070	0.1876	0.1717
1.9910	3.8410	0.1755
1.4930	2.5400	-0.0457
2.0890	1.9870	0.2647
1.9860	3.3180	0.2085
2.0640	1.5070	0.2360
2.1220	3.0680	0.2194
2.0550	0.0959	0.2266
1.9960	1.8170	0.1771
2.0020	0.4417	0.1773
2.0710	0.7988	0.2241
1.8810	0.0172	0.2425
1.4890	0.1474	0.0119
2.0310	1.5770	0.2441
1.8490	2.0330	0.2105
2.0670	1.3210	0.2172
1.9650	0.6813	0.1881
2.1340	1.0650	0.2007
2.1200	3.4890	0.2341
2.0960	2.1580	0.2913
2.2680	2.0620	0.2567
2.1470	2.5210	0.2532
1.9630	4.0230	0.1594
1.9330	2.3550	0.2015
1.9050	3.2390	0.1532
1.9560	2.0430	0.1797
1.2110	0.5019	0.0102
1.9430	2.8970	0.2691
2.2820	1.9930	0.3230
2.0990	2.2550	0.3054
2.2450	0.0136	0.3132
2.1700	1.9080	0.3084
2.0620	5.7050	0.2653
1.7680	0.3772	0.0394
2.0810	1.3780	0.1871
2.0400	1.6280	0.2101
2.0790	5.1260	0.1948
1.9960	2.8370	0.2314
2.1190	0.4757	0.2525
1.9930	4.0160	0.2111
1.9740	1.9210	0.2063
1.9970	3.0680	0.2311
2.0530	0.4740	0.2280
2.1250	2.9030	0.2093
2.1050	0.5084	0.1971
2.0460	0.1157	0.2405
2.1390	3.0780	0.2356
2.1030	3.3210	0.2261
1.9810	3.5930	0.2082
1.9910	2.5970	0.2464
1.9730	2.9880	0.2129
2.1480	1.3000	0.2832
2.0090	0.3485	0.2283
2.0110	2.1980	0.1526
1.9780	3.6750	0.0472
1.7740	2.1410	0.0488
2.0370	4.2990	0.0335
1.8250	3.8030	0.2410
1.8360	2.5780	0.2234
1.7410	1.1290	0.1587
1.3100	0.3440	0.0551
1.7410	0.3102	0.1451
1.7960	1.9160	0.1308
1.5210	0.3573	-0.0373
1.9430	0.4047	0.2235
1.7860	4.1750	0.1784
1.9160	2.5150	0.2420
1.8860	2.9800	0.2522
1.9080	3.4980	0.2353
2.1520	0.7649	0.2334
1.8910	2.9020	0.2224
2.1700	2.9460	0.2347
2.2570	4.0020	0.2239
2.0330	0.5693	0.2358
2.0030	3.5120	0.2191
2.0360	2.7870	0.1986
2.1980	0.1529	0.2026
2.2010	2.2400	0.1992
2.0090	0.7364	0.1916
2.0370	0.4137	0.1854
2.0930	2.8890	0.2057
2.0330	1.1850	0.1938
2.1540	1.2100	0.2096
2.0290	1.7100	0.1840
2.0830	1.3810	0.1855
2.0050	0.7771	0.1957
2.1050	2.5370	0.2292
2.1700	3.7490	0.2537
2.2170	3.7640	0.2492
2.0310	3.9950	0.1859
2.1090	3.9660	0.2881
2.0550	2.4630	0.2700
2.1440	3.4850	0.2653
2.2550	0.3535	0.2785
2.2500	0.3153	0.2620
2.1290	3.1390	0.1701
2.0310	2.6830	0.1731
2.2020	1.2590	0.2664
2.2220	0.0650	0.2632
2.0450	5.1620	0.1587
2.0470	2.9320	0.1749
1.9410	4.1910	0.1598
2.0350	3.3840	0.1953
1.9880	1.9170	0.2071
2.0630	1.6450	0.1897
1.9690	0.5201	0.1782
1.9670	2.5870	0.1829
1.8440	2.7870	0.2026
2.0300	0.4665	0.1787
1.9790	0.0408	0.1983
1.8600	1.1700	0.1911
1.5990	0.4035	0.1331
1.6720	0.0435	0.0906
1.2160	0.4923	0.0408
2.0300	4.5020	0.1767
1.9610	3.5770	0.1523
1.7430	1.8830	0.1203
1.7710	2.2480	0.1786
1.5260	0.6361	0.0871
1.9410	1.4480	0.2274
1.8290	5.4180	0.2533
2.0810	3.1290	0.2300
2.0270	3.9630	0.2490
2.1750	1.5480	0.2718
2.0620	1.4480	0.2795
1.9310	5.0470	0.2789
2.3130	2.3660	0.3058
2.2780	3.4690	0.3144
2.2870	0.0562	0.3117
2.1600	1.6920	0.2913
2.1320	4.0260	0.3049
2.2080	0.0464	0.3058
2.1150	0.9470	0.2830
2.1900	2.7000	0.3126
2.1570	1.4450	0.3148
2.1350	3.0920	0.2957
2.1840	2.6280	0.2884
2.1820	2.6160	0.2923
2.0080	2.5320	0.3041
2.1970	0.0873	0.3174
2.1630	1.5320	0.2972
2.2620	1.9000	0.2919
1.9950	0.6158	0.1283
2.2610	1.2100	0.2310
2.0820	0.3167	0.2931
2.0190	0.4932	0.2984
1.4720	1.6840	-0.0118
2.1940	1.0030	0.2005
1.8700	2.6570	0.1665
2.0630	4.2680	0.2498
2.1010	0.2843	0.2880
1.1660	0.1840	-0.0335
1.0900	0.4639	-0.0335
1.2370	0.0433	-0.0149
2.1010	4.9620	0.1945
2.0860	3.4870	0.1871
2.0810	3.7660	0.1978
2.0300	1.8520	0.1895
2.0030	3.1230	0.2078
2.0450	2.4730	0.1918
2.0690	3.2120	0.1957
2.0820	0.2592	0.2148
2.1000	5.4430	0.2039
1.9590	2.7150	0.2251
1.9860	3.7910	0.2216
1.9740	1.4540	0.2189
2.0530	0.8756	0.2486
2.1000	1.0690	0.2595
2.0780	1.8940	0.2384
2.0780	0.5268	0.2241
2.1270	1.6350	0.2447
2.0670	1.0100	0.2083
2.0310	2.1940	0.2119
2.0320	3.3050	0.2173
2.0050	2.4700	0.2132
1.9880	0.1276	0.2026
1.9980	2.4150	0.2012
1.9700	3.2450	0.2155
2.0490	0.0577	0.2302
1.9760	5.1990	0.2312
1.9580	2.5110	0.2044
2.0020	2.2420	0.2150
2.0950	2.2980	0.2389
2.1120	2.0110	0.2312
2.1000	2.2160	0.2040
2.1200	4.0140	0.1958
2.1100	3.7900	0.2185
2.1150	4.5600	0.2184
2.1340	2.9070	0.2053
2.0930	1.0420	0.1890
2.0240	2.0490	0.1883
2.0310	3.8660	0.2328
2.0900	2.9850	0.2364
2.0890	0.2148	0.2308
2.0360	0.6491	0.2410
2.0860	2.0640	0.2432
2.1130	1.2380	0.2442
2.1110	2.3640	0.2318
2.0290	3.4790	0.1931
2.0560	2.0520	0.1843
2.0490	1.0560	0.1883
1.9780	3.4950	0.2082
2.1060	0.8690	0.2077
2.0630	0.8850	0.1884
1.9850	2.5020	0.2001
1.9550	2.8360	0.2313
1.9580	3.3480	0.2335
1.9550	2.9460	0.2350
1.9980	2.7070	0.2407
2.0470	1.4340	0.2595
2.0530	0.7962	0.2650
2.1180	0.0659	0.2750
1.9640	3.8440	0.2100
1.9950	1.9500	0.2397
2.0610	1.8470	0.2519
2.0440	2.3000	0.2152
2.1310	1.7950	0.2693
2.0480	2.7400	0.2075
1.9980	1.1150	0.1428
1.9740	0.1829	0.2343
2.1220	1.0840	0.2348
2.1240	2.4000	0.2168
2.0240	0.3903	0.2112
2.0670	3.0130	0.1854
1.9660	3.7210	0.1339
1.9670	3.2770	0.1186
1.9690	3.7070	0.1392
2.0010	0.0522	0.0992
2.0510	2.8500	0.1435
1.9730	3.8130	0.0198
1.9700	1.2690	0.1262
1.8940	1.9270	0.1227
2.0140	0.3640	0.0573
1.9340	1.1690	-0.0179
1.5930	0.9036	-0.0484
1.7100	2.3400	-0.0282
1.9120	1.2440	0.2358
1.8730	1.7540	0.2313
1.8360	3.3900	0.2524
1.8520	1.2730	0.2375
1.8320	3.1420	0.2401
1.8620	3.1400	0.2231
1.8510	1.2020	0.1991
1.8500	0.5051	0.2076
1.7400	1.7480	0.1499
1.8530	2.0720	0.2085
1.6690	1.2820	0.1319
1.4610	0.1884	0.0851
1.6640	0.8658	0.1081
1.6200	0.5861	0.0899
1.2500	0.4352	0.0322
1.6050	0.0782	0.0804
1.8180	2.2090	0.1859
1.8450	1.4750	0.1575
1.8240	0.1827	0.2016
1.7430	1.6430	0.1428
1.6480	1.9460	0.0685
1.8060	0.9284	0.1048
1.4710	0.2495	-0.0134
1.6790	0.6779	0.0471
1.6890	2.3470	0.0092
1.4720	1.5860	-0.0603
1.7640	1.3000	0.1675
1.6620	1.2410	0.1512
1.9280	0.7033	0.2355
1.8890	0.5827	0.2036
1.8550	0.6184	0.1995
1.9020	1.7160	0.2148
1.8360	0.5539	0.1982
1.8450	2.8530	0.2519
1.8860	2.6500	0.2530
1.9330	0.8834	0.2379
1.8780	2.3410	0.2426
1.8960	0.6580	0.2493
1.9640	0.3620	0.2450
1.9270	1.5930	0.2495
1.9160	2.7150	0.2310
1.8830	2.8230	0.2211
1.9200	2.5850	0.2436
1.9070	3.1540	0.2451
1.9650	0.2873	0.2448
1.8800	2.3570	0.2277
1.8260	3.1480	0.2158
2.0450	2.3360	0.2395
1.9810	1.0300	0.2369
1.9730	2.6630	0.2291
2.0730	2.7860	0.2252
2.0420	1.5250	0.2224
2.2150	1.9300	0.2287
2.1620	1.8780	0.2193
2.0910	0.3255	0.2400
2.1960	2.4420	0.2359
2.2390	0.3952	0.2314
2.1440	2.4170	0.2306
2.2030	0.9128	0.2236
1.9660	3.3290	0.2400
2.0460	2.6980	0.2415
1.9660	2.7760	0.2388
1.9970	2.4770	0.2352
1.9930	3.2260	0.2279
2.0800	0.5851	0.2311
2.0290	0.5169	0.2205
2.0870	1.7660	0.2365
2.0170	2.1450	0.2281
2.0280	0.2293	0.2212
2.0430	2.4400	0.2088
2.0150	3.9280	0.2056
2.0780	1.2560	0.2133
2.0650	2.3680	0.2045
2.0730	0.6583	0.2014
2.1880	1.5540	0.2120
2.1660	2.3020	0.2083
2.0900	1.0140	0.2073
2.2560	1.2410	0.2136
2.2460	2.7540	0.2048
2.1610	1.9960	0.2023
2.1900	1.7190	0.1990
2.0250	3.5730	0.1913
2.0150	3.0840	0.1961
2.0670	1.1550	0.1985
2.0290	3.0720	0.1934
2.0000	2.1120	0.1865
1.9480	4.1130	0.1840
2.0060	1.3600	0.1904
2.1100	0.1400	0.1958
2.0760	2.9080	0.2054
2.0850	0.8738	0.1905
2.0550	2.2000	0.1901
2.0480	0.2718	0.2010
2.1330	1.7470	0.2138
2.1120	3.0790	0.2073
2.0140	1.4570	0.1929
2.0930	4.1900	0.2085
2.1230	4.5600	0.2025
2.0290	0.0037	0.1833
2.0700	0.7100	0.1896
1.9970	4.1160	0.1771
1.9980	4.7610	0.1728
1.9580	1.5270	0.1826
1.9740	5.2700	0.1827
2.0840	3.1960	0.1867
2.1150	4.4890	0.2090
2.1690	1.6480	0.2221
1.9700	0.0898	0.1899
1.9270	2.9000	0.1825
2.0450	0.6033	0.1960
2.0470	1.1740	0.2000
2.0990	2.3710	0.2143
2.0980	2.0480	0.2079
2.1060	3.4520	0.2253
1.9890	2.1260	0.1855
2.0790	2.1590	0.2133
2.1190	0.5535	0.2308
2.1260	3.6300	0.2442
2.1300	1.9220	0.2492
2.0960	2.8990	0.2381
2.1160	0.6637	0.2402
2.1810	1.6840	0.2496
2.1010	1.6650	0.1859
1.9920	3.5790	0.1720
2.1550	3.1130	0.2449
2.1980	2.2800	0.2285
2.1680	5.3050	0.2196
2.2660	0.1111	0.2481
2.2020	2.7630	0.2301
2.1040	0.0207	0.2663
2.1270	1.2920	0.2579
2.1660	2.4520	0.2699
2.1530	3.0820	0.2685
2.0730	1.6890	0.2792
2.0660	4.4740	0.2964
2.0650	2.6320	0.2807
2.0620	5.2700	0.2609
2.1610	2.9340	0.2612
2.0680	1.4730	0.2602
2.0430	2.1600	0.2692
2.1480	0.3270	0.2738
2.2180	0.4604	0.2604
2.2430	2.4190	0.2655
2.1930	0.0041	0.2861
2.2160	2.9070	0.2700
2.2610	2.3790	0.2621
2.2880	2.6020	0.2690
2.2650	0.0436	0.2589
1.9770	3.8570	0.1694
1.9980	3.2040	0.1768
2.2460	2.3310	0.2358
2.1410	2.1870	0.1779
1.9740	4.0680	0.1636
1.9760	3.6040	0.1560
2.0020	3.8620	0.1651
2.2350	3.0150	0.2694
2.2530	1.7400	0.2619
2.2520	0.1111	0.2588
2.2410	1.4690	0.2667
2.2040	1.7510	0.2720
2.1050	3.9560	0.2680
2.1670	0.7651	0.2615
2.0850	2.7700	0.1619
1.9800	0.4573	0.1509
2.2040	0.2705	0.2300
2.1490	1.0150	0.2165
2.1570	3.1420	0.2079
1.9820	0.4656	0.1505
1.9440	1.7730	0.1591
2.1400	1.1310	0.2154
2.0480	0.2587	0.1620
1.9650	3.8470	0.1584
2.0060	1.8730	0.1693
1.9900	1.3040	0.1664
2.1170	2.2890	0.2018
2.0430	0.2283	0.2137
2.1690	0.4338	0.1941
2.1200	1.2250	0.1962
2.0180	0.6936	0.2030
1.9670	0.0020	0.2012
1.9350	1.4560	0.2040
2.1090	0.1037	0.2007
2.1080	1.3590	0.1936
2.1260	5.8840	0.1916
2.0660	0.0413	0.1883
2.0040	3.0200	0.1820
2.0220	2.3970	0.1876
1.9620	2.1060	0.1909
2.1250	3.9130	0.1856
2.0270	2.6370	0.1822
1.9550	1.9250	0.1743
1.9320	1.8540	0.1797
1.9380	3.1160	0.1943
1.9330	2.8700	0.1708
1.9520	2.2290	0.1721
2.0030	0.8492	0.1764
1.9240	1.8270	0.2151
1.8690	3.1050	0.2017
1.8770	2.2220	0.2066
1.8400	3.0030	0.2120
1.8230	1.0120	0.2078
1.9730	1.9570	0.1953
1.9200	2.1630	0.2009
2.0120	0.1144	0.1761
2.0020	0.7996	0.1834
2.0120	1.0540	0.1878
2.0370	3.2180	0.1724
1.9630	0.5772	0.1842
1.8400	1.0860	0.1995
1.8280	0.4480	0.2001
1.8800	2.2210	0.1998
1.9810	0.2237	0.1929
1.8400	1.2670	0.1755
1.7840	1.8640	0.1880
1.6960	1.3570	0.1384
1.7270	4.1710	0.1663
1.6840	1.2180	0.1610
1.6070	0.8468	0.1255
1.5100	0.3144	0.0851
1.4360	0.2390	0.0793
1.7860	1.4830	0.1228
1.6240	0.1250	0.1014
1.4450	0.1786	0.0581
1.3830	0.4072	0.0578
1.1530	0.6243	0.0105
2.0230	1.4400	0.1666
1.9480	0.9371	0.1464
2.0260	1.8530	0.1745
2.0390	0.6486	0.1745
2.0090	4.9960	0.1689
2.0080	0.0298	0.1811
1.9420	0.6351	0.1596
1.7020	0.4373	0.1010
1.4600	0.1667	0.0767
1.7930	1.8160	0.1262
1.8880	0.1454	0.1349
1.8840	2.2520	0.1495
1.5650	0.2056	0.1025
1.3030	0.3096	0.0373
1.9040	1.8840	0.1808
1.7520	0.6126	0.1456
1.6500	0.2195	0.1361
1.7770	1.3490	0.1824
1.7350	1.1090	0.1511
1.8250	0.2922	0.2133
1.8460	3.9500	0.2298
1.9800	0.4146	0.2130
1.8680	0.3275	0.2093
1.8730	0.4898	0.2334
1.9150	2.6340	0.2450
1.8360	4.4430	0.2615
2.0650	1.0560	0.2015
2.0310	1.9440	0.2076
2.0460	3.5040	0.1791
2.0870	0.1541	0.2146
2.1040	2.4640	0.2453
1.9780	2.6110	0.2397
1.9590	1.7530	0.2530
2.0090	0.6220	0.2334
2.0350	0.9604	0.2490
2.0720	2.6040	0.2601
2.0740	2.9110	0.2561
2.1250	1.6480	0.2752
2.0900	2.9630	0.2576
2.1940	0.8849	0.2571
2.2710	2.1730	0.2661
1.8390	2.6640	0.2660
1.9070	3.7680	0.2416
2.0070	3.1260	0.2750
1.8160	2.7850	0.2670
1.8980	0.3897	0.2746
2.0730	1.8410	0.2959
1.9760	1.5120	0.2926
2.2690	3.6690	0.2942
2.1710	2.9500	0.2912
2.3220	3.5260	0.2789
2.3100	3.6990	0.2877
2.3250	0.2796	0.3155
2.2990	1.5310	0.3225
2.3290	2.4650	0.3259
2.2750	0.2449	0.3070
2.1670	3.5400	0.3092
2.2800	0.3453	0.3019
2.3610	2.9210	0.3185
2.2960	2.8620	0.3173
2.1890	2.3280	0.3058
2.1340	2.0610	0.3083
2.2070	2.2580	0.3081
2.1850	3.2660	0.3028
2.1380	3.5420	0.2909
2.1000	3.7640	0.2772
2.0970	0.3918	0.2878
2.1520	1.6480	0.2808
2.0860	3.8860	0.2762
2.2440	1.9770	0.3142
2.1910	1.7410	0.3031
2.1600	0.0639	0.2927
2.2210	0.4594	0.3061
2.2150	0.8488	0.2987
2.2620	1.2000	0.3125
2.2540	2.5050	0.3213
2.2970	2.6400	0.2894
2.2340	0.3907	0.2987
2.1470	1.8090	0.3027
2.1900	1.9820	0.3094
2.2050	1.9160	0.3135
2.1850	0.0302	0.3151
2.1180	1.9210	0.3138
2.0890	0.8202	0.3109
2.1700	1.1680	0.3101
2.2110	2.6170	0.3092
2.0810	3.5360	0.3092
2.1220	3.6980	0.2955
2.1090	1.5580	0.2715
2.1490	2.9570	0.2764
2.1370	2.1940	0.2692
2.2060	0.4069	0.3026
2.1970	0.5086	0.3074
2.1830	0.9794	0.2888
2.1220	1.0590	0.2678
2.1200	1.0370	0.2682
2.0530	2.3420	0.3122
2.0330	3.0470	0.3105
2.1830	3.5140	0.3174
2.0380	2.7050	0.2880
2.0850	3.4690	0.2888
2.1680	3.0410	0.3012
2.2260	0.8445	0.3148
2.1750	2.4880	0.2928
2.0710	0.9868	0.2699
2.2020	2.0560	0.3130
2.2190	2.9450	0.3140
2.2240	1.9200	0.3111
2.0570	1.6420	0.2718
2.1530	2.5650	0.2964
2.0540	0.9620	0.2722
2.1630	3.3220	0.2852
2.1520	1.9480	0.2749
2.2000	1.9700	0.2922
2.2210	2.1900	0.2957
2.1830	2.5250	0.3016
2.1000	1.9990	0.1456
2.1320	0.8583	0.2223
1.4760	1.7820	0.0073
2.0170	1.5770	0.0756
2.1970	0.7389	0.1877
2.1210	5.1020	0.2325
2.1230	0.7736	0.2599
2.1730	0.5301	0.2922
2.1360	0.5255	0.3029
2.2510	1.7440	0.2715
2.0770	2.4360	0.2767
2.0290	0.3420	0.2821
2.0490	2.0700	0.3031
2.0140	4.2120	0.2886
2.0110	0.1810	0.2961
2.0040	0.2494	0.2992
2.0380	0.9250	0.2933
1.4160	0.9513	-0.0423
1.7660	0.2871	0.0709
1.6230	2.0000	-0.0026
2.0730	0.2433	0.1208
2.0140	0.0480	0.0931
2.1900	4.1140	0.1855
2.1180	3.3070	0.2448
1.8180	1.9440	0.1095
2.0210	1.8980	0.2246
2.0460	0.2913	0.1782
1.8350	1.5490	0.1891
1.9680	5.6510	0.2462
2.0000	2.0800	0.2739
2.0150	3.7180	0.2815
2.1520	2.1380	0.2567
2.0920	1.7530	0.2774
2.1920	0.4852	0.2245
2.1120	2.1420	0.2678
2.0720	1.6480	0.2982
2.0570	3.4900	0.2985
2.0990	3.0720	0.3018
2.0820	2.9490	0.3004
1.3250	0.6730	-0.0593
1.2870	0.1308	-0.0295
1.3040	0.6556	-0.0480
1.2380	1.7690	-0.0344
1.3220	0.9502	-0.0244
1.1380	0.5492	0.0089
1.1710	0.3845	-0.0095
1.1840	0.5271	0.0415
1.0770	0.6124	-0.0160
1.1060	0.5284	-0.0391
1.1840	0.0183	-0.0377
1.4840	1.2050	0.0049
1.1260	0.2221	-0.0304
1.1280	0.3311	-0.0426
1.1600	0.3980	-0.0187
1.5870	1.0440	0.0588
1.3550	0.4167	0.0337
1.6390	0.5576	0.1111
1.6260	0.9549	0.0887
1.8670	1.7120	0.2003
1.9110	3.1370	0.2088
1.8510	1.8660	0.2371
1.9800	2.0260	0.2252
1.9140	1.7180	0.2296
2.2360	2.6930	0.2652
2.2950	2.8700	0.3198
2.1160	0.2807	0.1463
2.0060	2.2760	0.1910
1.2770	1.4160	-0.0790
1.9620	0.1517	0.2671
1.9480	2.9740	0.2120
1.8780	1.1290	0.2332
1.8410	4.9590	0.2303
2.0620	1.9420	0.2176
1.8760	2.9210	0.1563
2.0180	2.3690	0.1688
2.0180	0.8798	0.2384
1.9650	0.1272	0.2454
1.5600	2.4070	-0.0078
1.9780	0.6038	0.2507
2.0030	2.6820	0.2227
2.0700	0.3766	0.2161
1.7580	0.2168	0.1948
2.1440	3.3550	0.1885
1.8390	1.9170	0.2354
2.1680	3.1300	0.2630
2.0650	2.6050	0.2218
2.0840	1.1330	0.2188
2.0760	2.4940	0.1256
1.9400	2.5020	0.1892
2.0980	4.2940	0.1674
2.0000	0.0670	0.1897
1.1270	0.0001	0.0422
1.9040	2.7270	0.2610
2.4350	1.3410	0.3329
2.0590	2.7440	0.3065
2.5200	2.0540	0.2966
2.1600	3.2910	0.2730
2.0600	4.6180	0.2625
1.7040	1.5340	0.0084
1.9280	2.7250	0.1893
1.9590	1.3770	0.2245
1.8820	4.9580	0.2033
1.8990	1.5770	0.2245
1.9030	2.2710	0.2527
1.8370	2.8520	0.2118
1.7990	3.2370	0.2209
1.8230	2.3100	0.2255
1.7730	3.1110	0.2410
1.9960	4.7580	0.2100
1.9310	0.0078	0.1838
2.0200	0.6486	0.2192
2.0680	0.6100	0.2038
1.9960	2.8780	0.1905
1.9210	3.5140	0.2032
1.9230	2.2770	0.2383
1.8820	3.1540	0.2067
2.0020	0.2851	0.2846
1.9200	0.5471	0.2252
1.8960	2.2980	0.1614
1.8080	1.5690	0.0529
1.8880	1.6850	0.0676
1.7330	2.0470	0.0453
1.8480	2.2800	0.2673
1.9150	2.0570	0.2438
1.8700	0.2495	0.1486
1.2180	0.0664	0.0329
1.8710	3.1540	0.1488
1.8720	1.2670	0.1475
1.2780	0.2722	-0.0445
2.0160	0.9593	0.2329
1.9870	1.1610	0.1609
1.8670	1.2480	0.2431
1.9120	2.3390	0.2591
1.9630	3.2720	0.2493
2.0180	0.8571	0.2414
1.9290	2.5160	0.2336
2.1160	2.3310	0.2409
2.0610	2.3210	0.2196
2.0410	2.8500	0.2379
2.0460	2.9640	0.2239
1.9810	1.8630	0.1998
2.0180	3.5930	0.2052
1.9900	0.6511	0.1988
1.8400	1.3900	0.2017
1.9160	2.3000	0.1890
1.9450	2.9780	0.1938
1.9460	0.3893	0.2028
2.0140	0.8152	0.1978
1.7110	2.5070	0.2000
1.8370	1.8120	0.1895
1.7000	0.1859	0.2075
1.6780	1.6480	0.2401
1.8530	3.9070	0.2489
2.1420	1.9610	0.2237
1.9320	1.3800	0.1703
2.1760	2.6900	0.2429
2.0790	2.4000	0.2425
2.2120	2.0850	0.2433
2.2230	1.9090	0.2703
2.2290	3.6830	0.2601
1.9120	3.5890	0.1385
2.0540	1.3380	0.1645
2.1850	0.5450	0.2571
2.0770	3.2780	0.2252
1.9300	3.6670	0.1211
2.0420	2.0280	0.1472
2.0870	3.7380	0.1211
1.9530	0.3594	0.1860
1.9200	1.7210	0.2029
2.2920	2.1610	0.1795
2.1400	1.3880	0.1591
2.2070	2.5630	0.1632
1.9330	1.7940	0.2008
2.1180	1.0710	0.1742
2.2580	0.0043	0.1924
2.0210	2.0960	0.1844
1.5910	1.0680	0.1204
1.7250	0.2702	0.1180
1.1560	0.0113	0.0569
2.0810	4.9950	0.1696
1.9900	0.5542	0.1685
1.7520	0.5729	0.1364
1.8370	0.4851	0.1850
1.5700	1.4200	0.1046
1.9500	2.7030	0.2287
1.8670	4.1670	0.2383
2.0420	1.3350	0.2175
2.0290	2.2960	0.2450
2.1460	1.3870	0.2748
1.9160	3.1600	0.2542
1.9170	5.4130	0.2558
2.2170	2.6160	0.3077
2.1450	3.0880	0.2982
2.2680	1.4640	0.3114
2.3950	2.5660	0.3279
2.2480	4.2630	0.3204
2.5150	1.4320	0.3319
2.3810	2.7170	0.3325
2.3510	2.3080	0.3045
2.3190	0.4055	0.2784
2.3700	2.4810	0.2504
1.9690	1.9010	0.2841
2.0700	0.1983	0.2696
2.3970	0.2829	0.3135
2.4860	1.8870	0.2931
2.4220	0.5519	0.2618
2.0790	0.9524	0.2919
1.8830	0.3025	0.0888
2.1190	2.3440	0.2374
2.2560	0.3487	0.2771
2.2150	2.5010	0.3111
1.4580	0.8780	-0.0618
2.0580	0.9775	0.1806
1.8460	2.6700	0.1798
2.1730	3.7480	0.2536
2.1050	0.7849	0.2977
0.8508	0.0121	-0.0934
0.7493	0.4492	-0.0539
1.1240	0.2482	0.0019
1.9220	5.3580	0.1994
1.9140	4.2120	0.1942
1.8930	3.5210	0.2066
1.9480	2.2290	0.1914
1.9580	1.5230	0.2176
1.9500	2.5820	0.1989
1.9440	2.8290	0.2056
1.9310	1.9530	0.2304
1.9020	5.5220	0.2112
1.9080	3.0350	0.2217
1.8640	2.4010	0.2170
1.9010	1.7530	0.2212
1.9250	0.5787	0.2454
1.9380	2.6310	0.2608
1.8910	1.5760	0.2376
1.8520	0.1596	0.2261
1.8700	0.5349	0.2431
1.8260	0.1687	0.2155
1.8870	1.6730	0.2285
1.8510	0.1146	0.2340
1.8980	0.2814	0.2241
1.8220	3.5670	0.2128
1.7980	3.2990	0.2126
1.7720	3.2020	0.2308
1.7680	0.7422	0.2423
1.8470	3.8990	0.2260
1.7630	3.4000	0.2174
1.7820	2.2080	0.2272
1.8420	1.5100	0.2316
1.8250	2.0870	0.2373
1.9390	3.9660	0.2089
1.9420	3.3220	0.1958
2.0330	4.1770	0.2149
2.0210	3.6800	0.2009
1.9760	2.8760	0.1965
1.9320	1.1290	0.1843
1.9360	1.8590	0.1829
2.0830	2.4900	0.2177
2.0810	2.5170	0.2075
2.0470	0.3047	0.2063
1.9610	1.9240	0.2208
2.0190	1.8620	0.2177
2.0730	1.1460	0.2150
2.0370	2.1300	0.1963
1.9240	2.6260	0.1765
1.8980	0.9029	0.1629
1.9180	2.0730	0.1762
1.9370	3.8130	0.2071
1.9680	0.1352	0.1836
1.9070	0.8850	0.1691
1.8920	3.1760	0.1894
1.9030	3.1280	0.2246
1.8870	3.4490	0.2205
1.8960	3.2090	0.2271
1.9150	2.5570	0.2338
1.9480	1.2380	0.2551
1.9720	1.6700	0.2585
1.9880	2.0270	0.2774
1.8700	3.2260	0.1859
1.9130	2.6000	0.2302
1.9630	1.3120	0.2474
1.9200	1.9640	0.2223
2.0130	0.8767	0.2729
2.0110	1.5400	0.1851
1.8660	3.5090	0.1405
1.9160	1.1600	0.2325
2.0350	1.0850	0.2107
2.0360	0.1059	0.1917
1.9550	1.3080	0.2037
1.9590	1.1460	0.1693
1.8360	2.7900	0.1374
1.8690	3.0570	0.1405
1.8420	0.5662	0.1304
1.8380	3.0880	0.1131
1.9120	0.3644	0.1316
1.7790	0.2363	0.0330
1.9270	2.8630	0.1520
2.0070	0.7160	0.1243
1.7950	2.1290	0.0630
1.6520	1.2080	0.0043
1.4580	1.4170	-0.0369
1.4010	2.0690	-0.0437
1.8620	2.2750	0.2483
1.8580	1.6660	0.2565
1.9030	3.6730	0.2645
1.9420	2.5510	0.2493
1.8890	3.6790	0.2650
1.8840	2.7970	0.2509
1.9210	3.2900	0.2193
1.9890	3.0360	0.2056
1.8870	0.7142	0.1470
1.9520	0.8966	0.2088
1.7070	0.2155	0.1093
1.5940	1.4680	0.0724
1.7510	1.6640	0.0984
1.7710	0.0179	0.0877
1.3890	0.3725	-0.0045
1.7330	0.6202	0.0805
1.9190	1.3960	0.2042
1.9660	0.3421	0.1768
1.9210	1.4630	0.2094
1.8490	0.2977	0.1495
1.6810	0.6434	0.0685
1.9330	2.5140	0.1211
1.3920	0.8945	-0.0269
1.7130	0.9018	0.0606
1.7460	2.2140	0.0331
1.2030	0.6025	-0.0856
1.9200	0.2278	0.1516
1.7090	1.2380	0.1178
1.9980	2.3340	0.2405
2.0190	1.0280	0.2039
2.0310	1.1380	0.2022
2.0180	2.0970	0.2280
2.0170	1.5820	0.2035
1.8730	3.4140	0.2628
1.9420	2.9700	0.2588
1.8740	2.3630	0.2360
1.8450	1.9080	0.2540
1.8840	1.9420	0.2562
1.9100	1.2910	0.2475
1.9220	1.5070	0.2558
1.9870	3.1290	0.2446
1.9880	3.2580	0.2380
1.9710	3.1720	0.2521
1.9430	2.9110	0.2548
1.9420	2.5330	0.2538
1.9550	2.8240	0.2434
1.9590	2.7810	0.2299
1.9960	2.3300	0.2487
1.9610	0.2470	0.2488
1.9460	0.8441	0.2424
1.9950	3.3870	0.2340
1.9600	0.7233	0.2318
2.0740	2.2360	0.2315
2.0050	3.0700	0.2215
2.0270	1.2150	0.2467
2.0760	0.0414	0.2416
2.1390	1.9250	0.2318
2.1010	1.1980	0.2322
2.0890	2.0050	0.2199
1.9450	2.4930	0.2368
1.9970	2.3030	0.2450
1.9300	2.8090	0.2261
2.0210	2.1760	0.2275
2.0710	3.1410	0.2271
2.0930	0.7955	0.2370
2.0630	2.7730	0.2229
2.0670	0.1230	0.2437
2.0750	0.3296	0.2346
2.0590	2.1910	0.2231
2.0230	1.9170	0.2120
2.0160	3.3970	0.2055
2.0360	0.5276	0.2163
2.0040	0.0329	0.2076
1.9390	2.8180	0.2060
2.0070	1.6320	0.2090
1.9930	1.0640	0.2100
2.0290	0.8661	0.2090
1.9990	0.1195	0.2097
1.9860	2.9190	0.2038
2.0900	2.8430	0.2000
1.9820	2.4540	0.1970
1.9670	2.1840	0.1935
2.0200	2.6280	0.1985
1.8930	1.8680	0.2072
1.9050	0.8865	0.1985
1.8120	0.6241	0.1908
1.7440	4.3710	0.1941
1.7930	1.8590	0.1908
2.0450	1.6490	0.1934
2.1340	1.1380	0.1902
2.0170	2.7280	0.1960
1.9220	1.7800	0.1888
1.8240	1.1140	0.1958
1.9640	2.7560	0.1981
2.0880	2.0110	0.1892
1.8370	1.8790	0.1980
1.8870	2.1820	0.2011
1.9490	5.0980	0.2040
2.0080	0.7892	0.1984
2.0350	2.3720	0.1969
1.9340	3.8580	0.1933
1.9580	4.3990	0.1859
1.7590	3.4510	0.1953
1.8590	4.5920	0.1963
1.7720	2.5050	0.1981
1.6820	2.4700	0.2216
1.8060	2.3450	0.2194
1.7530	0.2964	0.2029
1.7000	3.3290	0.1974
1.8490	0.8188	0.2064
1.8110	0.3861	0.2084
1.7780	4.2750	0.2213
1.6380	2.5640	0.2228
1.6920	1.4030	0.2385
1.6660	1.7660	0.2016
1.6810	1.6790	0.2235
1.7320	4.4100	0.2372
1.7370	2.2860	0.2505
1.8970	3.2260	0.2489
1.7350	1.6700	0.2477
1.7990	3.1480	0.2477
1.8490	0.6255	0.2425
1.8950	0.1731	0.1813
1.9650	3.6470	0.1786
2.0010	0.6538	0.2292
1.8770	0.1693	0.2087
1.9080	4.2950	0.1875
2.0130	3.3830	0.2130
1.9260	1.5310	0.1825
1.9000	6.0220	0.2463
1.9830	2.7140	0.2422
2.0230	1.8210	0.2400
1.9430	1.5600	0.2440
2.1610	4.5090	0.2430
2.1850	0.8469	0.2516
2.1510	2.1920	0.2446
2.1780	1.3660	0.2321
2.2480	2.8190	0.2371
2.0870	2.7550	0.2366
2.1740	3.0980	0.2399
2.1860	1.9610	0.2517
2.2290	0.1223	0.2530
2.1970	1.9180	0.2472
2.2110	2.1980	0.2696
2.2220	2.6680	0.2570
2.2220	0.6090	0.2592
2.2410	1.2780	0.2690
2.2220	2.4030	0.2606
1.9860	4.5730	0.1637
2.0250	2.4430	0.1836
1.9620	1.0280	0.1824
1.9070	5.0090	0.1536
1.9530	4.2920	0.1442
1.9610	3.5740	0.1261
2.0710	2.0110	0.1417
2.1490	2.0460	0.2533
2.0740	3.0770	0.2276
2.2200	2.6530	0.2598
2.2050	1.8400	0.2610
2.1700	3.2240	0.2527
2.1450	2.9420	0.2482
2.1120	2.6100	0.2205
1.9170	0.0176	0.1262
1.9870	3.3470	0.1148
1.9670	0.3808	0.1809
1.9640	1.6960	0.1683
2.0160	2.4290	0.1636
2.0250	4.7450	0.1123
2.0840	2.7430	0.1202
2.0670	2.4080	0.1796
1.9800	1.0440	0.1277
2.0430	2.6250	0.1208
2.0710	1.2890	0.1395
2.1110	0.6606	0.1324
1.9760	0.1552	0.1995
1.9560	0.6300	0.2166
2.0130	1.5430	0.1872
1.9730	2.3580	0.1927
1.9140	0.9128	0.1949
1.8930	1.9530	0.1886
1.8840	1.7180	0.1950
2.1330	3.2990	0.1882
2.2890	0.6668	0.1812
2.0740	4.4800	0.1849
2.1110	3.3820	0.1758
2.1570	3.3150	0.1635
2.0110	0.2884	0.1753
1.9870	2.3960	0.1766
2.1270	1.3240	0.1760
2.1940	0.8934	0.1690
2.1540	2.7550	0.1463
2.1450	2.1460	0.1587
2.0900	3.1590	0.1791
2.1410	1.1530	0.1420
2.1480	1.8480	0.1416
2.1570	0.0934	0.1507
1.9200	2.3010	0.2179
1.9220	2.9630	0.1947
1.8990	2.7280	0.2024
1.9210	3.0980	0.2165
1.9550	2.6410	0.2129
2.1920	0.2654	0.1840
2.0370	2.1290	0.1906
2.1090	1.9500	0.1595
2.1980	2.5230	0.1694
2.2060	1.9920	0.1850
2.1160	4.4440	0.1800
2.2060	0.4527	0.1871
1.9730	1.5450	0.1987
1.9820	0.4498	0.2009
2.0110	1.9880	0.1960
2.1590	0.9040	0.1913
2.0860	2.5600	0.1737
1.9910	3.6520	0.1746
1.8660	0.0139	0.1469
1.9230	0.0596	0.1521
1.8700	0.4398	0.1325
1.6490	0.0924	0.1021
1.4860	0.9919	0.0935
1.5200	0.7522	0.0775
1.9340	0.1158	0.1428
1.7570	0.1531	0.1212
1.6100	0.7552	0.0897
1.4860	1.0320	0.0865
1.0300	0.2017	0.0358
2.0740	3.8790	0.1696
2.0440	3.1040	0.1661
2.0830	1.5570	0.1551
2.0850	1.4640	0.1653
2.0550	4.1620	0.1730
2.0740	1.8660	0.1855
1.9980	0.8950	0.1734
1.7950	0.6666	0.1243
1.5400	1.0270	0.0987
1.9050	1.0000	0.1439
1.9250	0.7136	0.1483
1.9430	0.0552	0.1648
1.6170	1.1680	0.1184
1.2920	0.3644	0.0654
1.9380	1.6630	0.1923
1.8380	0.0667	0.1586
1.7350	0.1315	0.1469
1.8310	0.9758	0.1857
1.7660	1.1310	0.1543
1.8980	1.3300	0.2122
1.8730	3.4250	0.2227
1.9840	2.3220	0.2160
1.9130	2.5730	0.2114
1.9120	1.1880	0.2314
1.9400	1.6410	0.2432
1.8590	5.0440	0.2476
2.0880	1.0310	0.1941
2.0300	0.5602	0.2081
2.0710	3.6030	0.1612
2.0810	0.6815	0.1921
2.0530	1.3390	0.2196
1.9840	2.4150	0.2391
1.9770	4.5670	0.2523
1.9960	1.2900	0.2294
2.0150	0.5470	0.2371
2.0530	0.4431	0.2420
2.0630	3.7720	0.2552
2.0290	1.5100	0.2726
2.1160	2.1100	0.2513
2.1660	1.9880	0.2563
2.2420	2.6880	0.2690
1.8760	1.6740	0.2412
1.8720	5.5410	0.2309
1.8780	1.4610	0.2543
1.8230	1.9660	0.2431
1.8880	1.7860	0.2489
2.0410	3.2590	0.2756
2.0220	1.0550	0.2799
2.0750	4.3680	0.2904
1.9780	1.8080	0.2751
2.2490	2.7550	0.2818
2.1620	2.0180	0.2914
2.1770	0.4457	0.3112
2.2370	3.8990	0.3236
2.2960	1.9540	0.3228
2.1240	0.7449	0.2907
2.0950	4.1260	0.3083
2.0290	2.5440	0.2772
2.2550	0.1123	0.3060
2.4320	2.4380	0.3222
2.2870	2.1680	0.3225
2.1590	0.0158	0.3213
2.4800	0.7773	0.3337
2.3790	0.4817	0.3224
2.3400	2.7310	0.3193
2.3500	2.8820	0.3187
2.2890	2.5190	0.3153
2.4060	1.4910	0.3341
2.3480	2.8700	0.3269
2.5120	0.4229	0.3373
2.4870	1.0990	0.3398
2.4870	2.0870	0.3416
2.4890	4.0050	0.3123
2.4580	1.7600	0.3210
2.2590	2.1690	0.3121
2.4230	1.1410	0.3278
2.2300	2.2330	0.2904
2.2460	0.8883	0.2897
2.2590	1.9920	0.2839
2.4560	0.8617	0.3000
2.4410	1.7960	0.2871
2.4600	2.1050	0.3162
2.3700	1.5000	0.2907
2.2630	0.7701	0.2726
2.3410	2.2700	0.2637
2.5340	1.5990	0.2720
2.2270	3.8890	0.2579
2.2560	2.7070	0.2447
1.9730	1.2610	0.2355
1.9600	0.4686	0.2803
1.9370	2.8480	0.2702
2.0720	0.2993	0.2814
2.1350	3.9480	0.2761
2.0550	2.7680	0.2774
1.9460	1.3070	0.2601
1.9730	3.5360	0.2525
2.3380	0.5301	0.2874
2.4750	1.8030	0.3069
2.2830	0.2714	0.2817
2.2960	2.5750	0.3229
2.3930	2.1350	0.3246
2.4500	2.4270	0.3176
2.5710	0.3123	0.2989
2.1720	2.7680	0.2643
2.0150	2.2370	0.2482
2.2430	1.9290	0.2761
2.3820	0.1818	0.2785
2.6300	0.4766	0.2762
2.1100	4.0030	0.2438
2.5740	0.0772	0.2565
2.0030	2.9670	0.2391
1.9900	0.2978	0.2906
2.0370	1.6700	0.2816
2.0030	1.1230	0.2972
2.0030	2.4080	0.2927
2.1330	3.5560	0.2769
2.2530	2.0660	0.1597
2.1000	1.9830	0.2352
1.4170	1.0580	-0.0434
1.8760	1.0180	0.0592
2.0980	0.0698	0.1766
2.0200	0.3843	0.2147
2.1040	1.6330	0.2464
2.2090	2.7930	0.2706
2.2310	2.7240	0.2716
2.0960	3.4310	0.2721
2.2130	0.7336	0.2639
2.1870	0.5239	0.2800
2.3370	1.6290	0.2981
2.1370	2.6790	0.2929
2.2530	0.3442	0.2997
2.2750	3.6220	0.3161
2.2670	0.6353	0.3167
1.2590	1.2330	-0.0885
1.6720	0.8063	0.0121
1.6220	2.4030	-0.0428
2.0320	1.5540	0.0880
1.8660	1.1150	0.0379
1.9850	4.5130	0.1501
2.0440	5.0700	0.2347
1.8600	3.2580	0.1172
1.9820	3.3720	0.2254
2.0880	0.7274	0.1708
1.8610	2.2010	0.1924
1.8940	6.5440	0.2393
1.9960	3.1620	0.2638
2.1010	1.3070	0.2827
2.0860	2.4020	0.2599
2.0790	0.5062	0.2815
2.1970	1.4020	0.2211
2.1400	0.8028	0.2782
2.0920	3.3080	0.3059
2.1390	3.1960	0.3067
2.1530	3.6680	0.3144
2.2110	2.8370	0.3151
1.0980	0.9976	-0.1140
0.8909	0.0921	-0.0911
1.0050	0.8023	-0.1050
1.1500	1.6000	-0.0942
1.1540	0.6338	-0.0577
0.7547	0.5005	-0.0446
0.7552	0.3756	-0.0759
1.0910	0.1747	0.0255
0.7551	0.5147	-0.0236
0.8770	0.3346	-0.0125
0.9383	0.0023	-0.0495
1.4700	1.4340	-0.0039
0.7678	0.2873	-0.0746
0.8234	0.2889	-0.0324
0.9949	0.0893	0.0120
1.5560	1.3850	0.0791
1.3460	0.7826	0.0586
1.7000	0.2584	0.1253
