1.6030	0.9085	0.0834
1.8500	0.3093	0.1702
1.8940	2.2810	0.1628
1.8110	1.5800	0.2161
1.8980	1.4350	0.1396
1.7730	2.4170	0.1498
1.8080	0.4829	0.1827
2.1270	1.8400	0.2132
2.0610	0.0029	0.1041
2.2870	8.7390	0.1364
1.5240	3.4520	-0.0537
1.9290	1.9030	0.2049
1.8300	3.6120	0.1558
1.9010	7.1340	0.2073
1.9920	3.9830	0.1658
1.9000	0.5687	0.1586
1.6090	2.1940	0.1132
1.8950	1.6660	0.1204
1.9070	2.1430	0.1489
1.8140	0.5437	0.1138
1.4850	0.4994	-0.0450
1.8170	2.7810	0.1816
1.8160	1.6590	0.1369
1.8840	1.6140	0.1649
2.0080	0.6992	0.1462
1.7250	1.6940	0.1279
1.9050	2.7840	0.1768
1.9060	2.1450	0.2079
1.8400	5.1040	0.1657
2.2470	1.5060	0.1041
2.1010	3.2000	0.0919
1.7620	3.2850	0.1290
1.7080	5.3880	0.1085
1.9340	0.1036	0.1090
1.2160	0.4143	-0.0020
2.0760	4.1980	0.1748
2.0310	0.8383	0.2065
2.3560	3.4540	0.2202
1.6650	6.3810	0.2482
1.8460	2.0750	0.2267
2.1340	4.0780	0.1952
1.6230	1.0080	0.0483
1.8680	1.7430	0.1466
1.9920	1.5850	0.1599
1.9170	4.7190	0.1424
1.9350	3.5330	0.1825
1.9610	0.4236	0.2098
2.0270	1.2960	0.1800
2.1160	2.5010	0.1820
1.8030	1.3920	0.2064
1.9630	2.5150	0.1937
1.9170	3.9190	0.1656
1.8530	0.0901	0.1471
1.7400	3.9850	0.1680
1.7500	3.3090	0.1245
1.8550	3.1050	0.1347
1.6950	3.5810	0.1446
1.8310	2.5380	0.1791
1.7260	3.5130	0.1394
1.9200	0.4127	0.2003
1.8050	2.3180	0.1266
1.5780	2.1090	0.0917
1.5660	3.8080	0.0157
1.7030	0.6934	0.0218
1.6760	3.6820	0.0024
1.8320	7.1120	0.1088
1.7550	2.7080	0.0944
1.6940	2.3370	0.0929
1.3110	0.1596	-0.0016
1.6550	0.9443	0.0640
1.6640	2.2590	0.0502
1.5170	0.2233	-0.0836
1.8580	0.1658	0.1403
1.7420	3.1580	0.1187
1.8670	2.2060	0.1718
1.7910	4.4160	0.1554
1.8090	3.2380	0.1640
1.8270	3.3520	0.1630
1.8530	1.2750	0.1444
1.9020	2.8750	0.1802
1.8500	1.6620	0.1465
1.8860	2.1470	0.1883
1.8750	1.2920	0.1701
1.9120	0.9051	0.1731
1.9030	1.7430	0.1397
1.9020	2.9770	0.1224
1.8760	1.3300	0.1589
2.0040	2.7350	0.1670
2.0040	2.2380	0.1403
2.1580	2.1540	0.1383
1.9450	1.2540	0.1249
2.0350	2.1130	0.1448
2.0890	1.5820	0.1392
1.9430	0.2519	0.1458
1.8700	0.8185	0.1803
1.9570	1.4320	0.2105
1.9390	3.4200	0.1785
2.4750	3.3670	0.1291
1.8160	4.3770	0.2264
2.0590	1.6940	0.2095
1.8600	2.9070	0.1866
1.7940	5.6640	0.1929
1.8520	2.7180	0.1702
2.3810	2.3340	0.1083
2.3020	1.7320	0.1161
1.8750	0.5600	0.1448
1.9610	0.2867	0.1294
2.3060	1.8270	0.1081
2.1310	2.2940	0.1054
2.0340	2.8530	0.0934
1.8510	3.0050	0.1256
1.8790	1.1320	0.1359
1.8500	2.6560	0.1048
1.8670	1.6090	0.0992
1.9000	3.4480	0.1058
1.7590	2.9390	0.1346
2.0040	0.9255	0.1106
1.7840	0.6075	0.1190
1.7440	0.5784	0.1209
1.5140	0.2602	0.0925
1.5950	1.3480	0.0545
1.1900	0.3085	-0.0187
2.0790	5.1780	0.1113
1.9360	3.0670	0.1089
1.6790	0.1070	0.0857
1.7660	0.2057	0.1285
1.5470	0.7753	0.0922
2.0170	0.6217	0.1362
1.9550	5.5220	0.1713
2.0950	2.1370	0.1123
2.0650	4.3190	0.1335
1.9410	2.2310	0.1828
2.2610	2.4020	0.1955
2.1020	5.6530	0.2305
1.7980	2.6450	0.1992
2.0670	3.2770	0.1992
2.4030	1.3160	0.2054
2.1400	2.0690	0.2186
2.3440	2.7210	0.2087
1.8170	5.0010	0.2285
1.9840	1.3600	0.2486
1.8750	0.5516	0.2048
1.8870	2.5130	0.2264
1.8970	3.3980	0.2343
1.9000	0.3761	0.2310
1.8930	2.1610	0.2374
2.1130	3.9890	0.2251
1.7790	2.7610	0.2337
1.8810	2.8650	0.2392
1.8030	1.6900	0.2186
1.8070	0.1320	0.0897
1.7870	2.8230	0.1657
2.0910	0.0905	0.2084
2.1850	2.4480	0.2006
1.5360	1.7950	-0.0314
1.9060	0.2558	0.1570
1.9130	2.9480	0.1771
2.2580	3.0780	0.2127
2.2880	0.3337	0.1955
1.2430	0.3472	-0.0547
1.1530	0.3309	-0.0626
1.2580	0.0557	0.0096
1.9000	5.0160	0.1528
1.9020	2.6800	0.1432
1.8980	2.6620	0.1523
1.8440	1.9890	0.1460
1.9250	2.8540	0.1585
1.9050	2.6530	0.1480
1.9420	3.2820	0.1481
2.0230	1.0720	0.1625
1.9680	5.1590	0.1498
1.8700	1.2870	0.1719
2.0010	1.3150	0.1820
1.9780	1.8330	0.1728
1.9370	0.5151	0.1945
1.9400	2.2430	0.2083
1.9720	0.4351	0.1953
1.9700	0.6112	0.1924
1.9350	3.1880	0.2094
1.9790	1.1270	0.1868
2.1080	0.3573	0.1710
2.0920	2.7290	0.1750
2.0690	2.5670	0.1713
2.0970	2.7540	0.1793
2.0060	2.6820	0.1850
2.0700	0.5718	0.1871
1.9730	1.5810	0.1824
1.8170	5.9360	0.2060
1.9810	2.5650	0.1883
1.9320	3.9310	0.1955
1.7940	1.1020	0.2106
1.9200	3.1330	0.2050
1.8970	2.4470	0.1670
1.9020	4.2600	0.1548
1.9370	6.6950	0.1608
1.9200	5.1010	0.1529
1.9180	3.3750	0.1561
1.8580	0.8763	0.1466
1.7720	2.5760	0.1423
1.8170	3.2270	0.1638
1.6500	4.7630	0.1463
1.8820	0.8089	0.1472
1.7490	1.7750	0.1619
1.7430	6.0240	0.1414
1.6820	0.7910	0.1464
1.7910	1.6620	0.1276
1.6470	3.0680	0.1237
1.7180	1.6070	0.1226
1.7520	0.4846	0.1376
1.7590	3.3580	0.1501
1.8730	1.5710	0.1423
1.7570	0.2255	0.1298
1.6320	2.5410	0.1350
1.7850	2.0750	0.1700
1.6710	2.7720	0.1613
1.7160	3.0020	0.1674
1.8770	2.9650	0.1815
1.9180	1.3560	0.1949
1.9110	1.7820	0.1900
1.9320	0.2848	0.2070
1.6290	3.0430	0.1378
1.8120	1.1670	0.1677
1.9040	2.8630	0.1716
1.8840	0.5761	0.1421
1.9150	2.2720	0.1828
1.6870	2.7010	0.1264
1.5840	1.5160	0.0860
1.7880	1.6230	0.1329
1.7580	4.0070	0.1267
1.8630	2.2210	0.1265
1.9060	1.3980	0.1298
1.7240	2.2020	0.1251
1.6560	3.9220	0.0665
1.6570	3.0780	0.0624
1.6060	3.8150	0.0702
1.5600	0.2854	0.0555
1.6780	3.0800	0.0954
1.5820	3.6060	-0.0111
1.6570	1.6430	0.0727
1.7850	1.1920	0.0819
1.5410	0.6282	0.0323
1.6000	0.5147	-0.0320
1.5690	2.4980	-0.0593
1.5780	3.1250	-0.0354
1.7900	2.1110	0.1342
1.8110	2.9500	0.1116
1.8000	2.7870	0.1108
1.7650	0.9175	0.0960
1.8240	5.9640	0.0951
1.8220	3.2510	0.1026
1.7570	1.9960	0.1043
1.7600	0.2217	0.1060
1.6620	1.5780	0.0763
1.7570	0.6224	0.0945
1.6520	0.8439	0.0935
1.4460	0.2133	0.0505
1.6080	0.1434	0.0617
1.5560	0.7624	0.0323
1.2920	0.1399	-0.0298
1.5590	0.8623	0.0196
1.6970	2.0340	0.0830
1.7310	1.0620	0.0875
1.7130	0.3585	0.0874
1.6490	1.1420	0.0567
1.5800	0.6101	0.0069
1.7020	0.7896	0.0525
1.4830	0.5723	-0.0619
1.6040	0.6225	-0.0181
1.6210	1.3020	-0.0354
1.5010	0.2638	-0.0756
1.7240	0.4012	0.1118
1.6500	1.3180	0.1120
1.8570	0.1691	0.1311
1.7920	2.5690	0.1185
1.7960	1.5920	0.1270
1.8400	1.1580	0.1417
1.7850	1.5860	0.1282
1.8000	3.2180	0.1371
1.8110	3.1160	0.1342
1.7940	0.2782	0.1603
1.8370	2.6170	0.1467
1.8190	1.3780	0.1626
1.8570	1.8260	0.1799
1.7940	2.4070	0.1719
1.8340	2.4540	0.1539
1.8360	3.2120	0.1493
1.8310	3.3370	0.1495
1.7940	3.2670	0.1655
1.7860	2.6080	0.1746
1.8350	3.0040	0.1552
1.8190	3.6340	0.1408
1.8030	2.0590	0.1772
1.7910	0.4257	0.1670
1.8170	2.1810	0.1552
1.8700	0.0100	0.1486
1.8770	2.9150	0.1436
1.8470	2.0170	0.1545
1.9040	0.8416	0.1392
1.8510	1.2410	0.1859
1.8220	1.6250	0.1754
1.8920	0.9960	0.1656
1.8880	1.9260	0.1687
1.9050	0.6617	0.1541
1.9040	2.3620	0.1862
1.9050	2.2220	0.1887
1.8240	1.5310	0.1776
1.8320	2.6520	0.1829
1.8450	3.0040	0.1736
1.8650	2.2750	0.1777
1.8720	1.1430	0.1699
1.9140	0.8092	0.1876
1.8560	0.4830	0.1786
1.8930	1.9610	0.1654
1.9060	0.7912	0.1687
1.9250	2.5400	0.1698
1.9110	3.1060	0.1662
1.9010	0.7830	0.1708
1.8880	0.0674	0.1719
1.9050	1.5080	0.1319
1.9070	1.8150	0.1306
1.9060	3.2190	0.1527
1.8800	1.9190	0.1417
1.8900	2.1580	0.1286
1.9510	0.8530	0.1287
1.8710	1.3690	0.1197
1.9190	1.2210	0.1743
1.9470	0.9840	0.1675
1.8870	0.7114	0.1620
1.8890	3.0710	0.1720
1.9490	1.8310	0.1693
1.8950	3.3400	0.1505
2.0250	1.8510	0.1583
2.0200	0.2285	0.1430
1.8160	1.2260	0.1348
1.9970	0.9062	0.1567
2.0310	2.5560	0.1543
2.0290	1.8800	0.1454
1.8800	1.2810	0.1317
1.7170	1.5610	0.1300
2.0990	2.2120	0.1417
2.0160	4.4180	0.1332
2.0300	3.8430	0.1295
2.2210	0.8358	0.1384
2.2910	2.5960	0.1286
2.1580	1.9770	0.1384
2.2490	1.9190	0.1355
1.9780	3.5390	0.1435
2.0690	2.5340	0.1422
2.0690	1.5300	0.1426
1.9830	3.9820	0.1600
1.9760	2.6090	0.1624
1.9000	0.7550	0.1448
1.9250	1.9520	0.1437
1.8950	0.9326	0.1476
1.9330	2.3360	0.1443
1.9510	1.7120	0.1576
1.9720	3.7030	0.1632
1.8860	1.2400	0.1756
1.9770	2.0740	0.1456
1.9700	0.2110	0.1639
1.9020	1.4420	0.1782
1.8490	4.0300	0.1944
1.8920	1.2340	0.1966
1.8660	3.8980	0.1896
1.9280	0.3771	0.2011
1.8870	3.9000	0.2148
2.1030	2.6470	0.1356
2.3900	3.4660	0.1307
1.9330	2.1660	0.1786
1.9430	2.5340	0.1613
1.9940	4.2420	0.1469
1.8980	3.4610	0.1708
2.0660	4.3850	0.1477
2.0730	2.6590	0.2164
2.0070	2.6200	0.1980
1.7870	0.5421	0.2242
1.9600	1.4710	0.2230
1.9460	2.4550	0.2225
1.9430	1.4570	0.2184
1.9500	0.0104	0.2086
1.9940	1.9800	0.1879
1.8970	0.8814	0.1797
2.0540	2.1160	0.1929
1.9940	2.4520	0.1968
1.8280	2.2050	0.1950
1.8670	0.9924	0.1782
1.9370	4.3400	0.1698
1.8090	0.5402	0.1997
1.8010	1.3600	0.1892
1.8000	5.1800	0.1824
1.8020	1.8690	0.1889
1.8090	2.4730	0.1746
2.5920	3.6240	0.1221
2.3590	1.1620	0.1291
1.9520	2.9160	0.1400
2.3960	2.9870	0.1182
2.5780	3.0560	0.1133
2.3960	3.6890	0.1081
2.1810	2.4120	0.1028
2.0060	3.8760	0.1548
1.8900	3.6450	0.1486
1.8300	2.3060	0.1670
1.8770	0.9997	0.1571
1.9430	4.1750	0.1378
2.0810	4.5160	0.1262
2.1720	2.6790	0.1126
2.3370	3.0870	0.1032
2.2760	0.8129	0.1059
2.0190	1.1880	0.1223
2.1340	1.0220	0.1060
2.1810	1.7380	0.1018
2.1880	2.5870	0.1046
2.0600	3.2610	0.0905
2.1770	3.0060	0.1079
2.2040	1.7800	0.1052
2.1540	2.9320	0.1066
2.1320	1.6980	0.1076
2.0130	0.6120	0.1002
1.9050	3.0970	0.1293
1.8910	1.4760	0.1362
1.7710	3.1090	0.1217
1.8950	3.8040	0.1249
1.8790	0.4376	0.1361
1.8190	1.0130	0.1299
1.8250	0.5699	0.1406
1.8800	3.6000	0.1154
1.7150	3.1160	0.1219
2.1110	0.4444	0.1126
1.9360	1.6310	0.0993
1.8580	3.4440	0.0905
1.7960	1.1500	0.1145
1.7950	2.0850	0.1153
1.7840	3.0950	0.1145
1.8740	2.9700	0.0977
1.9210	1.5340	0.0880
1.8530	1.8750	0.1025
1.8040	2.3010	0.1148
1.8990	2.7340	0.0902
1.9100	3.9510	0.0970
2.0440	1.5630	0.1029
1.8570	2.7300	0.1378
1.7510	3.2110	0.1382
1.8010	3.1510	0.1375
1.7980	2.9460	0.1363
1.7790	1.2270	0.1331
1.8210	1.4250	0.1134
1.7590	2.9060	0.1221
2.0670	0.2621	0.1049
1.9550	1.4900	0.1079
1.8470	2.2220	0.1134
1.7890	2.9930	0.1141
1.7200	2.3660	0.1169
1.7530	1.0490	0.1290
1.7760	0.8568	0.1284
1.7490	1.1700	0.1308
1.7770	0.1640	0.1229
1.6760	3.3190	0.1143
1.7290	2.5580	0.1207
1.6140	2.7660	0.0979
1.6270	3.5360	0.1107
1.6650	0.3109	0.1136
1.5770	0.4303	0.0902
1.4360	0.5456	0.0486
1.4020	0.1808	0.0423
1.6600	1.9930	0.0871
1.5340	0.2230	0.0661
1.3760	0.3005	0.0145
1.3310	0.1306	0.0201
1.1480	0.4837	-0.0302
1.9830	2.3440	0.1102
1.7840	1.9220	0.1064
2.1240	0.5928	0.1040
2.0730	1.1610	0.1057
2.0320	5.2100	0.1140
2.0420	1.4600	0.1163
1.9470	1.2630	0.1106
1.6960	1.7840	0.0657
1.4170	0.1741	0.0486
1.7910	0.2860	0.0897
1.8610	1.1350	0.0950
1.8010	0.0132	0.1007
1.5320	0.0441	0.0812
1.3080	0.2867	0.0364
1.8800	3.3750	0.1171
1.7060	0.2562	0.1077
1.6350	1.1170	0.1154
1.7920	2.1190	0.1455
1.7520	1.5750	0.1413
1.8660	1.4600	0.1495
1.9170	2.5360	0.1760
1.9780	3.2780	0.1249
1.9110	0.3700	0.1353
1.9390	0.1443	0.1494
1.9980	0.7642	0.1485
2.0010	2.7560	0.1722
2.1030	1.3170	0.1172
1.9990	0.4635	0.1124
2.1140	4.2840	0.1091
2.1470	2.2350	0.1154
2.1500	2.1210	0.1091
2.0490	2.3950	0.1349
2.0300	1.4880	0.1501
2.0790	3.1300	0.1253
2.1430	0.6770	0.1229
2.1790	0.3960	0.1216
1.9550	4.4590	0.1530
2.0390	1.9970	0.1811
2.0180	1.9690	0.1370
1.8910	2.6560	0.1591
1.8720	1.8890	0.1837
2.0730	0.7050	0.1986
1.9750	0.6594	0.2077
2.2050	3.5200	0.1875
2.1240	3.2480	0.1881
2.1730	1.7210	0.2033
2.2710	3.4630	0.2089
2.1900	4.8510	0.2295
1.9660	3.9110	0.1966
2.1230	3.6820	0.1939
1.8040	1.4770	0.1936
1.8560	3.5190	0.1960
1.8560	0.3246	0.2001
1.8420	1.9360	0.2016
2.0150	2.9710	0.2031
2.3150	1.0400	0.2040
2.3350	0.2785	0.2120
2.2300	1.5640	0.1960
2.3360	3.1590	0.2014
2.3190	4.1190	0.2037
2.3920	0.8844	0.2120
2.4200	3.8960	0.2141
2.0930	1.3170	0.2122
2.2880	3.1960	0.2089
2.2610	5.5090	0.2135
2.1290	4.6510	0.2178
2.1550	0.8869	0.2086
2.0320	0.7541	0.2318
2.1060	4.0300	0.2291
1.9940	0.1875	0.2142
2.0330	1.1360	0.2220
2.0160	1.3920	0.2420
1.8170	1.9740	0.2434
1.7940	1.0610	0.2566
1.7890	0.2951	0.2018
1.8500	0.2307	0.2053
1.7990	0.9904	0.1963
1.8100	4.6960	0.2001
1.9090	1.2310	0.2067
1.7500	5.6170	0.2282
1.7700	2.8700	0.2400
1.8340	0.3830	0.2133
1.9630	1.4990	0.2144
2.0200	0.8440	0.2186
1.7600	1.1220	0.2303
1.6710	4.0790	0.2358
1.9300	0.6430	0.2246
1.7620	2.1190	0.2281
1.7380	4.2600	0.2245
1.9210	0.1246	0.2174
1.9410	2.1030	0.2195
1.8140	0.3916	0.2390
1.8080	0.3389	0.2371
1.8940	0.4429	0.2349
1.9560	3.3740	0.2233
1.9570	3.3430	0.2250
2.0290	0.8185	0.2183
2.0410	1.2700	0.2341
1.8160	0.2759	0.2236
2.1360	0.9058	0.2211
1.9560	2.1540	0.2397
1.7890	2.4460	0.2510
1.6700	0.4396	0.2458
1.8700	0.4197	0.2387
1.9020	1.8610	0.2306
1.8090	0.7653	0.2332
1.7800	4.6900	0.2328
1.7160	4.5870	0.2363
1.8360	0.3928	0.2317
1.9030	1.6250	0.2382
1.7760	2.3970	0.2289
1.9110	0.9140	0.2196
1.8990	0.7311	0.1922
1.8910	1.1480	0.2126
1.8710	1.2360	0.2319
1.8350	2.3810	0.2301
1.8410	0.4281	0.1028
1.8980	1.2950	0.1550
1.5700	2.1000	0.0107
1.7330	1.6600	0.0580
1.8650	0.6238	0.1364
2.0080	2.1970	0.1653
2.0450	1.2320	0.1865
1.9090	1.8520	0.2144
1.9380	0.4310	0.2166
1.7790	2.3770	0.1951
2.1320	1.7130	0.1997
2.1900	1.3870	0.2064
2.0810	1.1540	0.2143
2.2270	0.5104	0.2000
2.1500	5.0430	0.2085
2.1840	1.8480	0.2127
2.1540	0.1099	0.2066
1.5060	0.8296	-0.0380
1.6880	0.2029	0.0401
1.6160	2.4200	-0.0135
1.7720	0.1917	0.1041
1.7210	0.4504	0.0657
1.7810	1.8240	0.1315
1.9930	3.2990	0.1811
1.7340	1.2350	0.1291
2.0900	2.3410	0.2116
1.9000	0.5054	0.1631
1.8710	0.3205	0.1822
2.0530	6.0500	0.2321
2.1560	3.1760	0.2391
2.3050	1.8520	0.2230
2.1830	1.0860	0.1885
2.1910	1.1330	0.1916
2.1610	2.3680	0.1842
2.3710	2.6990	0.2010
2.4210	3.4830	0.2093
2.2340	0.2162	0.1958
2.3790	0.7996	0.2021
2.2590	2.1240	0.2018
1.4190	1.4890	-0.0571
1.3550	0.5198	-0.0642
1.3760	1.8290	-0.0683
1.3180	2.0340	-0.0470
1.3530	0.8982	-0.0335
1.1890	0.3735	-0.0519
1.2360	0.1494	-0.0573
1.2060	0.3039	-0.0222
1.1260	0.4754	-0.0580
1.1550	0.4166	-0.0432
1.2350	0.0652	-0.0423
1.4420	0.8737	0.0307
1.1930	0.1356	-0.0588
1.1850	0.2475	-0.0453
1.2050	0.3150	-0.0050
1.5450	0.0842	0.0940
1.3800	0.4551	0.0612
1.7050	0.0751	0.1306
1.6250	0.2089	0.0822
1.8710	1.7310	0.1633
1.8570	1.6520	0.1398
2.0180	1.6800	0.1984
1.7770	0.9772	0.1378
1.9130	2.1330	0.1309
1.9010	0.2626	0.1910
2.1510	0.7113	0.1961
2.0930	2.1350	0.1151
1.9520	2.6790	0.1249
1.4220	1.3970	-0.0821
1.4610	0.1122	0.1931
1.9020	2.5160	0.1648
1.5900	4.5190	0.2126
1.9510	5.4020	0.1629
1.8880	1.5970	0.1434
1.6890	2.5150	0.1084
1.9730	4.8790	0.1226
1.4860	1.8730	0.1247
2.1100	2.4900	0.1448
1.3680	0.1212	-0.0385
1.8930	2.3840	0.1610
1.9720	0.3967	0.1338
2.0140	1.8490	0.1539
2.0260	0.3610	0.1504
1.9650	1.6620	0.1279
2.0420	1.6090	0.1809
2.2250	0.8238	0.2053
2.0190	0.5109	0.1764
2.0130	2.4580	0.1261
2.0860	2.5600	0.1153
1.9690	2.4770	0.1211
1.9520	4.6990	0.1251
2.0050	1.8050	0.1162
0.9989	0.0486	0.0401
2.0980	0.9178	0.1837
2.0260	3.2280	0.2103
1.9070	2.1370	0.1790
1.8280	0.1734	0.2361
1.7790	1.5500	0.2252
1.7670	2.0210	0.1832
1.5270	2.6770	0.0430
1.9030	1.6810	0.1443
1.9520	0.3544	0.1637
1.8560	4.0050	0.1351
1.6950	1.8250	0.1756
1.5870	0.6869	0.2108
1.8210	2.2320	0.1839
2.0030	2.9650	0.2024
1.7810	3.9020	0.2006
2.1230	2.1050	0.2068
1.8940	5.0780	0.1484
1.8870	0.2284	0.1461
1.9370	1.0550	0.1228
1.9130	1.9010	0.1262
1.8410	3.1250	0.1267
1.8110	2.8360	0.1546
1.5650	2.5930	0.1656
1.4720	2.5830	0.1135
1.4660	1.8740	0.1763
1.9500	1.2600	0.1425
1.6880	1.6620	0.0776
1.5050	2.5940	-0.0087
1.5820	1.6030	0.0341
1.5460	1.6540	-0.0210
2.0220	1.8700	0.1515
2.0000	2.3290	0.1401
1.8500	0.3929	0.1071
1.1620	0.1652	-0.0098
1.7770	2.4740	0.0874
1.6570	1.3720	0.0864
1.2440	1.0910	-0.0747
2.0990	0.5167	0.1451
1.8980	3.8110	0.1322
1.9530	1.0900	0.1565
1.9840	2.8750	0.1585
1.9410	1.9960	0.1443
1.7650	2.7300	0.1480
1.8040	2.4510	0.1301
1.9770	2.8370	0.1706
1.8150	1.2340	0.1576
2.0660	2.1160	0.1675
2.0010	2.5540	0.1605
1.8940	1.5750	0.1427
1.8450	4.3150	0.1357
1.8540	1.3750	0.1428
1.8470	1.5010	0.1430
1.8830	0.0012	0.1465
1.9780	2.3050	0.1398
2.0030	0.0146	0.1347
1.9950	2.3860	0.1357
1.9760	4.8250	0.1448
1.8760	1.6550	0.1303
1.8480	1.9310	0.1439
1.9150	3.1120	0.1779
2.1230	0.7435	0.2031
2.0680	4.4680	0.1697
1.8730	4.6410	0.1235
2.1740	0.4670	0.1959
2.3760	0.5642	0.1907
2.0700	3.3710	0.1944
1.9200	1.1050	0.2019
1.8670	1.9780	0.1924
1.8330	2.9140	0.1251
1.9560	0.0112	0.1186
1.9150	3.1950	0.1716
1.8510	3.3800	0.1611
1.9660	0.9571	0.1205
2.0570	2.4180	0.1175
2.1710	3.5480	0.1062
1.9610	1.6460	0.1306
1.8310	2.0490	0.1276
1.8350	2.3260	0.1461
1.8960	0.5519	0.1185
2.0590	1.6830	0.1145
1.9280	1.9580	0.1262
2.0380	3.8370	0.1217
2.0140	0.2856	0.1297
1.9140	0.9683	0.1413
1.5860	0.0143	0.1077
1.6940	0.0665	0.0868
1.3410	0.3178	0.0181
2.0560	2.1700	0.1174
1.9380	0.6329	0.1151
1.7300	0.7046	0.0991
1.8830	0.4381	0.1322
1.5240	1.3390	0.1107
2.0120	2.6530	0.1479
1.9730	5.4140	0.1717
2.0270	0.0072	0.1282
2.0590	3.3390	0.1569
2.1000	3.3490	0.1882
2.1020	4.0600	0.1750
1.9180	3.9410	0.1749
2.0090	1.9570	0.1991
2.1460	3.4500	0.1901
2.1350	1.8330	0.1929
2.3240	2.5130	0.2104
2.1690	4.5310	0.1923
1.8080	0.7166	0.2222
2.0610	2.8500	0.2244
1.8250	1.2710	0.2129
1.7760	0.1894	0.2249
1.9170	2.2290	0.2135
1.6260	1.2220	0.2228
1.7350	2.9390	0.2372
1.9060	3.1610	0.2181
1.9460	1.7420	0.2270
1.8230	0.7006	0.2280
1.6530	0.0942	0.2058
1.7070	0.9554	0.0821
1.8070	1.9400	0.1663
1.7090	1.0930	0.2016
2.0450	1.9260	0.1959
1.4910	1.3380	-0.0447
1.7550	1.2700	0.1361
1.7950	3.7680	0.1651
1.8680	3.6700	0.1735
1.8990	1.1620	0.1831
0.9297	0.1271	-0.0812
0.8084	0.3062	-0.0552
1.0790	0.4018	0.0307
1.8780	4.4400	0.1400
1.8800	4.2580	0.1384
1.8590	3.5740	0.1373
1.9110	3.7210	0.1523
1.9280	1.9270	0.1656
1.9080	2.8450	0.1499
1.8950	3.1460	0.1445
1.9600	1.4400	0.1629
1.8750	5.1160	0.1407
1.8570	2.9140	0.1728
1.7730	2.9170	0.1798
1.9550	2.6490	0.1760
1.5760	0.3096	0.1867
1.5350	2.1040	0.2032
1.6130	1.8300	0.1944
1.6110	3.3460	0.1983
1.5420	3.2980	0.2153
1.6140	2.7510	0.1992
2.0530	2.5930	0.1848
2.0490	2.1500	0.1913
2.0170	1.1910	0.1789
1.9210	2.7530	0.1945
1.7120	2.6980	0.1997
2.1070	2.8520	0.2053
2.0600	0.4664	0.1920
1.7160	6.1520	0.2056
1.8580	0.4699	0.2012
2.0140	2.4600	0.2036
1.9540	0.6814	0.1995
2.0440	1.4700	0.2040
1.8690	2.7640	0.1424
1.8940	3.8200	0.1446
1.9010	4.9590	0.1519
1.8780	2.6020	0.1465
1.8900	2.2800	0.1491
1.9070	0.9673	0.1467
1.8940	3.7140	0.1500
1.9210	3.6020	0.1314
1.9150	4.2380	0.1182
1.8600	1.3440	0.1306
1.9200	0.2402	0.1229
1.9290	4.7950	0.1239
1.9250	1.3600	0.1195
1.8510	2.1250	0.1208
1.7750	1.4980	0.1246
1.7960	0.4537	0.1233
1.8680	1.7380	0.1441
1.8720	4.2410	0.1613
1.8580	0.4642	0.1389
1.8390	0.8501	0.1321
1.7450	2.6290	0.1388
1.7610	3.1440	0.1689
1.6230	3.9110	0.1499
1.6780	3.0680	0.1636
1.6390	3.2490	0.1723
1.5100	1.0040	0.1801
1.4810	0.3752	0.1661
1.4530	1.7750	0.1885
1.5370	2.6560	0.1122
1.5270	3.3900	0.1467
1.4780	2.3230	0.1457
1.4560	0.4653	0.1160
1.4850	1.2180	0.1588
1.8590	1.5410	0.1268
1.6580	2.9230	0.0828
1.9270	2.0570	0.1369
1.9280	6.7110	0.1330
1.9370	2.8630	0.1318
2.0160	2.0560	0.1422
1.8400	0.9346	0.1098
1.4610	1.7130	0.0373
1.4020	4.2670	0.0332
1.5470	0.1595	0.0497
1.5580	2.7160	0.0342
1.8790	0.4122	0.0705
1.5000	1.3830	-0.0319
1.4000	4.7320	0.0459
1.7480	0.3731	0.0879
1.6390	0.7166	0.0131
1.5170	3.1440	-0.0315
1.4380	1.0220	-0.0528
1.4660	2.4170	-0.0624
1.9160	3.2050	0.1433
1.9900	2.0880	0.1463
2.0920	3.8950	0.1509
2.0580	0.5652	0.1412
2.0510	2.9360	0.1477
2.0220	3.2570	0.1457
1.9720	3.3590	0.1396
2.0260	0.2122	0.1300
1.7580	0.0183	0.0948
1.9690	0.4468	0.1260
1.7030	0.1005	0.0940
1.6580	0.0427	0.0470
1.6630	1.5230	0.0658
1.5970	0.4427	0.0427
1.1580	0.1279	-0.0391
1.5310	0.7818	0.0376
1.8850	2.2760	0.1220
1.8340	0.3793	0.1184
1.9030	0.8618	0.1236
1.7010	0.7719	0.0870
1.4810	0.6973	0.0243
1.5810	3.2450	0.0792
1.2510	0.4084	-0.0506
1.4450	1.0900	0.0129
1.4140	1.1640	-0.0070
1.3820	1.1050	-0.0894
1.8810	2.5960	0.1224
1.7040	0.3209	0.1116
2.1190	0.4775	0.1459
2.0080	0.2087	0.1340
1.9710	1.2140	0.1373
2.0480	1.4370	0.1390
1.9470	0.9665	0.1377
2.0550	2.8050	0.1583
2.1000	1.4600	0.1535
1.8950	3.9280	0.1410
1.9890	1.2530	0.1542
2.0150	3.3510	0.1617
2.0180	1.8940	0.1629
1.9270	1.5430	0.1602
2.0560	2.4680	0.1456
1.9960	1.6210	0.1375
2.0830	3.3390	0.1517
1.9590	4.5680	0.1532
1.8650	0.7733	0.1532
1.8710	3.1650	0.1358
1.9290	2.7920	0.1298
1.7920	2.3560	0.1549
1.8110	3.7300	0.1443
1.7770	2.2780	0.1377
1.7510	3.7960	0.1415
1.7600	1.6940	0.1335
1.7720	1.9650	0.1558
1.7680	2.8810	0.1491
1.9090	0.9409	0.1662
1.7900	3.5080	0.1616
1.8990	0.6348	0.1643
2.0280	2.9880	0.1662
1.9660	2.2620	0.1562
1.9900	1.9000	0.1618
2.0230	0.5914	0.1682
1.9080	1.3310	0.1402
1.9580	0.1427	0.1468
1.9480	3.3550	0.1506
2.0300	2.7810	0.1702
2.0170	0.2397	0.1616
2.0490	0.6209	0.1728
2.0170	1.5600	0.1663
1.9310	0.0894	0.1532
1.9490	3.3870	0.1521
1.9380	3.9660	0.1502
1.9220	1.6660	0.1516
1.9050	0.9468	0.1445
1.8600	0.3408	0.1400
1.8370	0.0909	0.1483
1.8220	0.2174	0.1412
1.8520	2.5860	0.1424
1.8850	2.1700	0.1469
1.9300	2.3050	0.1406
1.9550	2.0020	0.1293
2.0010	2.5860	0.1345
1.8650	2.7770	0.1429
1.8700	2.8550	0.1427
1.8480	1.1580	0.1395
1.8530	3.1440	0.1407
1.8960	3.2050	0.1475
1.9390	4.1610	0.1500
1.9880	0.9693	0.1563
1.8680	2.4520	0.1335
1.9420	1.7910	0.1291
1.8310	0.3435	0.1381
1.9350	1.2360	0.1483
2.0150	0.2225	0.1507
1.9730	0.8017	0.1325
1.9540	3.1880	0.1348
2.0220	1.6130	0.1425
1.9970	3.7470	0.1379
2.0010	4.0900	0.1309
1.9700	0.8311	0.1283
1.9820	0.9407	0.1272
1.9730	3.0430	0.1303
1.9260	4.2730	0.1236
2.0320	4.3780	0.1455
2.0390	1.2540	0.1395
1.9460	1.0500	0.1415
1.9640	2.7860	0.1645
1.9400	2.6550	0.1618
1.8440	0.0452	0.1433
1.9380	3.4640	0.1459
1.8410	0.8279	0.1394
1.8390	1.6470	0.1391
1.8570	3.0370	0.1489
1.8890	1.6340	0.1615
1.9540	0.6603	0.1806
1.8850	2.2560	0.1456
1.8570	1.3040	0.1573
1.9270	5.7430	0.1697
2.0250	2.6220	0.1985
2.1170	0.6448	0.1978
2.0130	2.4580	0.1949
2.1250	0.9532	0.2070
2.0330	4.1000	0.2000
1.8550	3.9990	0.1246
1.9100	2.5930	0.1196
2.0770	2.5780	0.1735
1.9660	1.8070	0.1508
2.1140	0.2219	0.1387
2.0570	6.0250	0.1665
2.0640	1.9720	0.1426
2.1630	0.5336	0.1939
2.2010	0.1514	0.1908
2.0790	0.7233	0.1964
2.0870	0.9931	0.1947
2.2620	0.5074	0.1923
2.3140	4.7380	0.2011
2.3630	0.0258	0.1943
2.0930	0.9750	0.1861
2.0590	2.3970	0.1898
2.1280	1.6520	0.1850
2.1980	3.3850	0.1924
2.2330	1.2660	0.1968
1.9340	3.1820	0.1937
1.9420	3.4550	0.1910
2.0840	1.5240	0.2061
1.9450	2.6030	0.1970
1.8640	4.6220	0.1947
1.8930	1.3650	0.1951
1.8710	3.0260	0.1905
1.9110	4.9080	0.1179
1.9550	3.2490	0.1222
1.8730	3.3800	0.1465
1.9030	3.0330	0.1253
1.9180	3.6440	0.1194
1.9830	0.6400	0.1201
1.9590	1.6130	0.1180
1.8790	3.2410	0.1825
1.8720	3.1910	0.1740
1.8970	1.9780	0.1862
1.8830	2.7020	0.1840
1.8940	3.5090	0.1684
1.9600	3.1620	0.1524
1.8990	4.3840	0.1408
1.8120	1.9300	0.1227
2.0990	1.5500	0.1188
1.8090	0.3081	0.1449
1.8050	1.5930	0.1301
1.9020	5.3870	0.1199
2.2530	5.0640	0.1136
2.1730	2.9290	0.1098
1.9980	2.4770	0.1249
2.0700	1.9330	0.1162
2.1790	0.6061	0.1109
2.1140	1.1660	0.1149
2.1060	2.0440	0.1086
1.8240	1.3330	0.1356
1.7820	1.7470	0.1320
1.9980	1.8840	0.1298
1.8910	1.2790	0.1373
1.8980	1.5690	0.1313
1.9600	1.7400	0.1257
1.9330	1.3570	0.1235
1.9640	0.8289	0.1453
1.8230	3.2650	0.1391
1.9890	4.6920	0.1292
1.9650	1.9310	0.1379
1.9470	2.7380	0.1342
1.8480	0.0253	0.1276
1.9440	2.3980	0.1221
1.7960	4.6160	0.1334
1.8420	1.0600	0.1340
1.9800	2.3860	0.1212
1.9810	1.1540	0.1135
2.0030	2.2490	0.1175
2.0180	2.6470	0.1119
2.0390	0.3359	0.1073
2.0660	2.5410	0.1135
1.8010	2.6790	0.1273
1.9520	3.4210	0.1207
1.8850	2.5810	0.1238
1.8720	2.5920	0.1266
1.9350	0.1609	0.1303
2.0300	2.0770	0.1231
1.9880	2.1200	0.1224
2.0580	2.9850	0.1182
2.0670	2.2100	0.1197
2.0540	1.0080	0.1273
1.9970	3.1590	0.1257
1.9790	4.0420	0.1344
1.9420	2.6760	0.1333
1.9380	0.7605	0.1394
1.9700	1.4480	0.1266
1.9750	2.1830	0.1376
1.9300	4.6470	0.1364
1.8980	3.5270	0.1391
1.8080	0.2844	0.1198
1.8250	0.1065	0.1322
1.8210	0.5483	0.1246
1.6800	0.3833	0.0966
1.5370	0.0853	0.0730
1.6400	0.4277	0.0533
1.8530	1.7870	0.1063
1.6950	0.0849	0.0937
1.5400	1.1970	0.0579
1.4390	1.0270	0.0625
1.0300	0.1111	0.0162
2.0130	4.2640	0.1178
1.9280	2.9290	0.1201
2.0860	0.9059	0.1175
2.0430	1.0530	0.1185
2.0160	2.2960	0.1171
2.0150	0.6570	0.1241
1.9370	0.6177	0.1147
1.7560	0.5090	0.0895
1.5120	1.1890	0.0777
1.8590	1.0290	0.1025
1.8960	0.3318	0.0987
1.9220	1.0150	0.1075
1.5540	1.0180	0.1012
1.1650	0.2947	0.0692
1.9680	0.4401	0.1200
1.8570	0.0329	0.1175
1.7680	1.2020	0.1269
1.8570	1.1810	0.1488
1.7990	0.6116	0.1417
1.9460	2.0750	0.1565
1.9220	1.9600	0.1681
2.0120	0.5624	0.1282
1.9770	2.9790	0.1396
2.0010	0.7131	0.1636
2.0510	2.5490	0.1696
2.0270	3.7890	0.1780
2.0430	3.4890	0.1281
2.0170	1.6270	0.1243
2.0610	3.2090	0.1195
2.0290	2.9390	0.1295
2.0260	1.1970	0.1279
2.0360	3.4140	0.1545
2.0970	2.8520	0.1746
2.0180	0.8782	0.1350
2.0310	1.3460	0.1392
2.0400	2.5170	0.1425
2.1090	2.7020	0.1758
2.1350	0.4778	0.1873
2.0360	1.7660	0.1626
2.0240	3.1420	0.1797
1.9630	2.9340	0.1896
1.9730	1.6800	0.1712
1.9050	3.6510	0.1761
2.1190	2.5560	0.1823
2.0300	1.6630	0.1752
1.9900	0.1592	0.1715
2.0280	3.8730	0.1717
1.9200	1.7360	0.1735
2.1270	3.9980	0.1895
2.1420	3.6810	0.1877
1.9450	2.7030	0.1946
2.0790	2.3660	0.1929
2.1060	0.3485	0.1962
2.0730	2.9500	0.2041
2.1150	2.6370	0.2037
2.1360	3.3510	0.1816
2.0180	2.3510	0.1842
2.1450	1.0050	0.1834
2.1540	1.0900	0.1932
2.1360	3.9300	0.2055
2.1920	3.3020	0.1948
2.0350	3.9140	0.1892
2.2280	1.7510	0.2132
2.3150	3.1490	0.2057
2.3370	2.9230	0.1996
2.2680	4.0000	0.1996
2.2340	1.9200	0.1932
2.1770	2.4020	0.2129
2.1610	2.5230	0.2056
1.9320	2.4440	0.2134
2.1050	1.1170	0.2168
1.9780	0.3837	0.2238
1.7940	3.2230	0.2363
1.9460	1.6560	0.2373
1.9930	1.6780	0.2071
1.9080	0.3818	0.2097
1.9400	2.3240	0.2027
1.9770	2.6000	0.2110
1.9310	0.6254	0.2150
1.7200	1.7250	0.2284
1.7810	0.7350	0.2330
1.7460	2.6990	0.2158
1.7080	1.5170	0.2218
1.9040	1.7500	0.2159
1.8340	3.3990	0.2172
1.8260	4.3230	0.2233
2.1000	0.0821	0.2089
1.9840	1.9080	0.2029
1.8680	4.4080	0.1995
1.4990	0.8378	0.2056
1.6900	2.7910	0.2173
1.6840	2.0470	0.2329
1.7480	0.7624	0.2345
1.7080	3.6560	0.2319
1.7220	3.1370	0.2257
1.7040	2.5870	0.2275
1.8320	3.5260	0.2181
1.9590	0.8482	0.2251
1.8740	1.9140	0.2241
2.0800	4.4940	0.2065
2.0390	3.2410	0.2201
1.9960	2.3510	0.2319
1.8750	0.6118	0.2324
1.7820	2.0620	0.2345
1.6910	0.9955	0.2253
1.8040	0.1282	0.2306
1.8560	1.3210	0.2267
1.8420	3.3260	0.2252
1.7650	0.4415	0.2184
1.8620	3.6870	0.2215
1.8110	3.5650	0.2096
1.5060	2.1590	0.2022
1.5580	2.2290	0.1752
1.5280	1.6860	0.1940
1.6430	0.9134	0.2175
1.6440	0.4679	0.2247
1.6750	2.3650	0.0777
1.5660	2.4450	0.1404
1.5290	1.3970	-0.0316
1.6710	2.4700	0.0233
1.7760	0.2092	0.1260
1.7090	1.3140	0.1646
1.7160	0.1367	0.1846
1.6670	0.6832	0.2107
1.6730	2.2870	0.2146
1.7140	2.8430	0.1928
1.7150	0.6988	0.1927
1.7900	2.4440	0.1935
1.8140	2.0820	0.2128
1.8760	1.3640	0.1960
1.8440	0.5611	0.2043
1.9470	0.0514	0.2072
2.1170	3.5230	0.1960
1.4370	0.8476	-0.0718
1.6170	0.6346	0.0244
1.5060	2.5280	-0.0161
1.7230	0.7226	0.0798
1.6480	1.5120	0.0494
1.6990	3.4430	0.1192
1.7620	4.5130	0.1658
1.7400	4.2980	0.1272
1.8210	4.9230	0.1755
1.7550	0.1064	0.1374
1.8570	3.6420	0.1689
1.8690	5.6130	0.1835
1.8950	3.1510	0.1793
1.8840	0.4943	0.1768
1.8190	2.7760	0.1753
1.8360	0.1939	0.1829
1.8270	1.1450	0.1601
1.8710	0.6855	0.1762
1.8850	4.4960	0.1803
1.9950	1.6330	0.1902
2.0070	4.9330	0.1850
2.1080	4.4370	0.1912
1.3210	0.5852	-0.0929
1.0480	0.0259	-0.0901
1.1510	1.0460	-0.0971
1.3210	2.1140	-0.0779
1.1160	0.8019	-0.0324
0.9376	0.3265	-0.0682
0.9396	0.1973	-0.0843
1.3570	0.2003	-0.0161
0.8438	0.2881	-0.0388
0.7791	0.3220	-0.0047
0.8855	0.0400	-0.0298
1.3100	0.4302	0.0397
0.8395	0.1763	-0.0698
0.7624	0.2832	-0.0202
0.9031	0.0881	0.0292
1.4310	1.0640	0.1083
1.2330	0.8343	0.0821
1.7230	0.7430	0.1353
