2.2760	0.4544	0.0617
2.6510	0.9893	0.1200
2.3790	1.9940	0.1317
2.6230	1.0210	0.2140
2.6370	1.4300	0.1081
2.4750	1.1060	0.1374
2.3500	0.3084	0.1273
2.4660	1.8440	0.0710
2.9270	1.2200	0.1582
3.0010	3.7900	0.1387
1.7210	0.3996	-0.0617
2.8480	0.4513	0.1749
2.4830	3.3720	0.1263
2.6260	1.5340	0.1645
2.6400	3.2420	0.1277
2.4400	2.1600	0.1426
2.3160	1.9930	0.0658
2.3150	0.5330	0.1083
2.8600	1.8220	0.0924
2.4920	1.3300	0.1248
1.9710	0.6052	-0.0345
2.6540	1.9880	0.0959
2.6000	1.1680	0.1204
2.5150	2.0700	0.1414
2.6370	0.1482	0.1435
2.7060	0.1908	0.1678
2.5780	4.2000	0.1906
2.9130	2.0190	0.2164
2.5310	2.3380	0.1118
2.5530	0.3616	0.1330
2.7500	3.9540	0.1466
2.5300	2.6090	0.1834
2.5060	2.8040	0.1573
2.4790	1.0020	0.1240
1.4420	0.0029	-0.0073
2.6320	3.7260	0.0893
2.8360	0.5465	0.0781
2.8960	0.5763	0.0708
2.5720	3.7710	0.1676
2.9700	0.8053	0.1723
2.7280	4.0470	0.0652
2.0790	0.2523	0.0382
2.4450	2.3740	0.0855
2.5220	1.8840	0.1069
2.4840	5.0170	0.1001
2.6700	2.8220	0.1821
2.8580	0.3854	0.1652
2.6650	3.4300	0.1645
2.7800	3.0750	0.1543
2.4190	2.8290	0.1757
2.7540	2.6700	0.2006
2.3990	2.9700	0.1297
2.3240	0.2037	0.1081
2.6350	1.9520	0.1543
2.5840	2.2590	0.1728
2.3780	2.1470	0.1487
2.4280	3.2600	0.1268
2.6830	2.4350	0.1405
2.6630	2.6540	0.0477
2.6320	1.7910	0.1607
2.3950	0.1680	0.1279
2.2470	1.9830	0.1265
2.4010	3.6420	-0.0240
2.2490	0.1508	0.0192
2.4180	2.6760	-0.0187
2.2370	2.1930	0.1175
2.2500	2.8680	0.1124
2.4730	3.4950	0.1147
1.9800	0.4665	0.0595
2.3860	2.7310	0.1154
2.1850	2.1430	0.0878
1.8600	1.9520	-0.1188
2.6760	2.7800	0.1026
2.5690	0.2472	0.1261
2.3320	3.8670	0.1165
2.5240	3.2170	0.1017
2.6310	3.5550	0.0810
2.7850	2.5800	0.0986
2.5440	2.1240	0.0998
2.5550	0.4611	0.1177
2.7620	2.2280	0.1236
2.5410	0.0873	0.1281
2.3550	4.5400	0.1300
2.3440	3.0570	0.1418
2.7720	3.3350	0.1402
2.7160	0.9500	0.1411
2.3750	0.3383	0.1403
2.3450	2.6790	0.1430
2.2700	2.1530	0.1361
2.7350	0.2999	0.1387
2.4570	3.3520	0.1669
2.8220	0.5943	0.1098
3.0200	2.9840	0.1137
2.5750	0.7496	0.1167
2.4580	0.6205	0.1661
2.7920	1.7690	0.2378
2.6840	0.9927	0.2019
3.2290	2.9590	0.0950
2.6680	4.6620	0.2302
2.8910	0.1422	0.2576
2.8770	2.2170	0.2345
2.4300	5.6570	0.1748
2.5040	4.4640	0.1765
2.9340	0.0969	0.0430
2.7950	1.0180	0.1370
2.4150	2.0900	0.1722
2.4760	3.2890	0.1318
2.7660	3.2600	0.0475
2.5550	2.7940	0.0718
2.9370	4.2280	0.1959
2.4980	1.1170	0.1720
2.5160	1.2250	0.1363
2.7550	2.6200	0.2021
2.5260	1.3320	0.2123
2.7800	0.4278	0.2226
2.5040	2.6340	0.1519
2.8410	1.7440	0.1766
2.7250	1.3570	0.2077
2.6800	0.7787	0.1716
2.0760	0.0228	0.0743
2.1650	1.4880	0.0509
1.3990	0.0943	-0.0733
2.5400	4.7390	0.1012
2.5170	3.0950	0.1157
2.1920	0.9095	0.0908
2.5340	0.7248	0.1308
2.1850	1.1190	0.0772
2.6920	1.2400	0.1473
2.6470	4.8660	0.1187
2.6110	2.6930	0.1308
2.8020	3.4370	0.1599
2.4440	1.8840	0.0866
2.6460	1.6800	0.0669
2.4870	4.9370	0.0921
2.3860	3.0090	0.0831
2.4590	2.5060	0.0680
2.7650	0.8511	0.0600
2.8050	0.7986	0.0852
2.8130	3.2580	0.0622
2.6080	1.8580	0.0790
2.7130	1.8280	0.1429
2.4610	0.5940	0.1105
2.5410	2.2970	0.1765
2.6450	3.1800	0.1821
2.5920	0.1727	0.1692
2.8260	3.6860	0.1849
2.5630	2.2680	0.1335
2.5390	1.4840	0.1715
2.7600	3.0970	0.2036
2.7370	1.8110	0.1585
2.2560	0.3449	0.0641
2.7670	0.9221	0.1078
2.9260	2.1240	0.1239
2.4860	2.2880	0.0608
1.7820	2.1350	-0.0345
2.4190	0.6577	0.0492
2.7540	2.7620	0.1286
2.9800	1.2670	0.0706
2.4850	2.2210	0.0437
1.4400	0.0586	-0.1112
1.3070	0.2214	-0.1007
1.4720	0.1737	-0.0003
2.4140	4.1320	0.1151
2.4640	3.4170	0.0836
2.4050	3.2490	0.1225
2.4210	1.8280	0.0831
2.4890	2.9460	0.1149
2.4110	3.1670	0.0838
2.4420	3.4240	0.0852
2.6220	0.5772	0.1174
2.5010	4.7500	0.1048
2.5830	2.4280	0.1707
2.6630	3.0790	0.1818
2.6300	1.0140	0.1592
2.8440	0.2430	0.1765
2.8580	0.1633	0.1652
2.8550	1.7530	0.1749
2.7920	0.0184	0.1691
2.7790	0.4418	0.1640
2.6670	3.1770	0.1563
2.7880	2.2210	0.1365
2.8270	0.2062	0.1418
2.7060	1.8710	0.1394
2.7230	2.9700	0.1564
2.6070	3.1460	0.1490
2.7870	2.7990	0.1692
2.7410	2.7140	0.1682
2.4490	3.6760	0.1635
2.6220	4.8460	0.1600
2.6160	3.6310	0.1729
2.5450	0.2864	0.1894
2.7280	4.1280	0.2074
2.3770	0.4268	0.1327
2.4030	3.7600	0.1101
2.4290	3.1140	0.1369
2.3980	4.8750	0.1374
2.3660	2.1850	0.1223
2.4280	0.5921	0.0895
2.4240	2.3430	0.0865
2.5070	3.5040	0.1594
2.5670	3.1560	0.1671
2.4390	0.5984	0.1552
2.5960	0.3027	0.1441
2.6760	2.0860	0.1556
2.6890	0.1734	0.1703
2.4700	2.5140	0.1662
2.2270	3.5500	0.1091
2.2370	2.7470	0.1025
2.3520	0.8475	0.0909
2.4630	3.8560	0.1297
2.3120	1.6180	0.1239
2.2680	0.5229	0.0962
2.3800	1.4800	0.1004
2.5520	3.4290	0.1674
2.5130	4.3750	0.1153
2.5330	3.5830	0.1516
2.6760	3.9680	0.1689
2.8350	1.1960	0.1691
2.8460	1.3580	0.1503
2.7640	2.6150	0.1705
2.4760	3.8150	0.0486
2.7180	1.7700	0.1106
2.8710	1.1660	0.1078
2.8710	0.5604	0.0735
2.6950	1.0070	0.1427
2.2150	2.6200	0.1347
2.2950	1.3020	0.0477
2.4420	2.2760	0.1368
2.6930	2.8340	0.1546
2.4760	2.3730	0.1447
2.2680	0.3531	0.1210
2.2260	2.0430	0.1249
2.5540	4.3670	-0.0130
2.5920	4.1640	0.0090
2.4840	4.5260	0.0111
2.2830	0.3213	0.0887
2.1950	2.8610	0.0844
2.4480	4.3430	-0.0626
2.5920	3.4760	0.0165
2.0520	0.2743	0.0819
2.1700	1.1990	0.0127
1.8600	0.6490	-0.0882
1.8170	0.4845	-0.1093
1.7320	1.8910	-0.0522
2.3290	0.5692	0.1251
2.1900	1.9090	0.1213
2.4100	2.4030	0.1206
2.3770	0.0223	0.1220
2.2620	4.8720	0.1187
2.1320	3.2410	0.1166
2.0250	0.4709	0.1117
2.4900	2.1890	0.1198
2.4490	1.5170	0.1176
2.4250	2.9620	0.1214
2.3830	0.3869	0.0981
2.1280	1.0040	0.0584
2.4220	2.8210	0.0943
2.3730	2.3050	0.0961
1.8300	1.0420	0.0056
2.2850	1.5270	0.0705
2.1900	2.6890	0.1059
2.0230	0.5045	0.0946
2.3420	1.0610	0.1149
2.3120	1.4130	0.1027
2.2090	1.9070	0.0524
2.1260	2.1490	0.0641
1.8150	0.7793	-0.0733
2.1320	0.7753	0.0148
2.1460	3.2850	-0.0371
1.7060	3.5930	-0.1096
2.5090	1.9220	0.1160
2.3400	1.4790	0.0999
2.5850	0.5388	0.1123
2.6210	0.0691	0.1128
2.6800	1.4970	0.1155
2.6690	1.8260	0.1025
2.6090	0.9997	0.1288
2.4120	4.1960	0.1159
2.5380	3.3800	0.1133
2.4180	0.5048	0.1251
2.2930	1.7230	0.1175
2.4150	1.8200	0.1075
2.4000	0.2673	0.1034
2.5460	1.3040	0.0965
2.6540	3.2680	0.0926
2.6420	3.9960	0.0903
2.6060	2.8320	0.0995
2.5840	4.2420	0.0902
2.6270	3.2250	0.0870
2.5970	0.7247	0.0847
2.5260	3.5410	0.1066
2.6970	0.4723	0.0925
2.6860	1.1970	0.0832
2.6740	1.7820	0.0874
2.6630	2.1740	0.0980
2.5890	0.2191	0.0996
2.8180	1.2720	0.1090
2.7170	1.8100	0.1169
2.6450	0.8772	0.1051
2.7810	2.2680	0.1027
2.6290	1.7080	0.1168
2.5560	3.0920	0.1333
2.6120	0.7552	0.1345
2.4100	3.5400	0.1191
2.5090	2.5660	0.1082
2.4830	1.7690	0.1288
2.5470	2.3430	0.1401
2.4200	3.1700	0.1443
2.4850	0.2848	0.1285
2.4410	3.3420	0.1339
2.5500	1.4670	0.1229
2.4180	2.7680	0.1360
2.3830	3.2570	0.1365
2.3570	0.5336	0.1329
2.3570	4.0810	0.1371
2.3920	2.2020	0.1297
2.3680	1.2630	0.1343
2.3620	1.2430	0.1376
2.7150	0.4390	0.1307
2.6830	0.4116	0.1291
2.5630	1.5670	0.1476
2.6730	2.8880	0.1315
2.8620	2.1400	0.1353
2.6020	0.4103	0.1440
2.6930	2.0300	0.1514
2.3440	2.5130	0.1439
2.3720	3.5190	0.1433
2.3710	1.4000	0.1368
2.3570	4.2050	0.1417
2.3800	1.8510	0.1447
2.4560	2.9500	0.1438
2.4300	3.5930	0.1440
2.3570	4.5490	0.1389
2.5270	2.4400	0.1421
2.4040	2.2800	0.1444
2.3240	3.1410	0.1390
2.3920	1.1600	0.1391
2.3090	0.2879	0.1411
2.6390	1.3260	0.1656
2.6610	0.8397	0.1407
2.3920	3.4360	0.1380
2.4470	4.5150	0.1372
2.8700	0.5016	0.1354
2.7480	0.8705	0.1378
3.0600	2.9090	0.1465
3.1790	3.5530	0.1457
2.6740	4.0210	0.1337
2.8350	2.0900	0.1450
2.9430	0.0562	0.1089
2.7050	3.9570	0.1270
2.8870	2.7090	0.1292
2.4310	1.9530	0.1339
2.5250	1.6100	0.1340
2.4000	0.8435	0.1293
2.5300	4.5050	0.1096
2.5020	3.1210	0.1208
2.6300	2.5130	0.1289
2.5070	2.0280	0.1753
2.6530	0.1537	0.1168
2.5760	1.8890	0.1350
2.4860	0.2620	0.1628
2.5560	4.1010	0.2063
2.5910	1.5990	0.2166
2.5950	2.0260	0.1972
2.7460	0.2270	0.2210
2.7350	4.6660	0.2248
3.0200	1.5230	0.1099
3.2010	1.4670	0.1397
2.7490	4.1620	0.2119
3.0130	1.0120	0.1269
3.0390	2.4590	0.0990
2.6790	5.4290	0.1471
2.9510	2.6620	0.0837
2.8280	1.0620	0.2443
2.6720	2.4560	0.2303
2.6110	0.4644	0.2225
2.7330	2.5460	0.2389
2.7460	2.7810	0.2400
2.8630	0.8706	0.2357
2.9080	1.8910	0.2404
2.7700	0.1025	0.2434
2.6750	0.5929	0.1909
2.7530	3.0770	0.2464
2.9750	0.9268	0.2558
2.6750	0.2667	0.2282
2.7050	0.0256	0.1971
2.6740	3.5100	0.1671
2.5230	1.5700	0.1959
2.5550	2.8250	0.2034
2.4420	5.9120	0.1846
2.3750	2.3650	0.1402
2.3730	1.6530	0.1548
3.1110	3.5720	0.1277
2.9100	2.9390	0.1374
2.7360	2.4780	0.0683
2.9660	0.1028	0.0649
3.3240	2.0270	0.1101
3.4250	2.9430	0.1067
2.8680	2.6060	0.1274
2.5870	3.6700	0.1670
2.4970	0.7658	0.1243
2.3520	0.0482	0.1409
2.4600	3.2030	0.1716
2.4420	1.0220	0.1739
2.6420	4.3720	0.1733
2.5430	1.9490	0.1401
2.9480	1.7910	0.0419
3.3680	2.2420	0.1129
2.7080	1.3050	0.0814
2.6450	2.3490	0.0719
2.4380	1.6720	0.0688
3.3460	1.0250	0.1109
2.7600	3.2460	0.1760
2.4660	1.9600	0.0962
2.6960	2.7300	0.0595
3.1610	0.2840	0.1147
2.9660	1.0300	0.1088
2.8840	1.7580	0.1865
2.6050	2.7680	0.1417
2.5500	0.4741	0.1214
2.5810	1.5010	0.1875
2.5850	0.5872	0.1562
2.5180	1.9720	0.1523
2.4940	2.0010	0.1589
2.5080	2.4880	0.1495
2.7030	3.4310	0.1984
2.7310	1.2980	0.2045
2.7210	3.0110	0.1659
2.6880	1.3240	0.1857
2.6170	1.7490	0.1777
2.4650	0.5378	0.1978
2.5030	1.2930	0.1945
2.5380	4.7020	0.2109
2.6450	0.6706	0.2011
2.5770	1.1780	0.1969
2.5640	3.5770	0.2176
2.5870	3.3200	0.2046
2.5520	1.8340	0.2103
2.7590	1.9830	0.2172
2.9070	0.8848	0.2077
2.5010	1.8700	0.1219
2.5540	3.7450	0.1629
2.4860	4.0170	0.1360
2.4920	3.3530	0.1229
2.4940	1.6320	0.1336
2.7250	0.6277	0.2207
2.6050	2.4000	0.1909
2.9280	1.4510	0.1713
2.8300	0.5152	0.2173
2.7550	1.6700	0.2179
2.6490	0.6660	0.1690
2.6120	3.4680	0.2027
2.5440	1.5270	0.1672
2.5560	2.1700	0.1436
2.6150	1.9100	0.1792
2.7440	0.5702	0.1949
2.5150	2.9670	0.1724
2.5970	1.5130	0.1459
2.2880	0.4865	0.1286
2.3770	3.8400	0.1370
2.3260	2.2430	0.1123
2.1450	0.4500	0.0382
1.8640	0.9903	-0.0175
1.8430	0.9672	-0.0273
2.3510	1.9880	0.1133
2.0910	0.4922	0.0545
1.7790	0.7847	-0.0170
1.6570	0.3748	0.0053
1.3290	0.1661	-0.0415
2.7540	2.9020	0.1316
2.5510	2.7900	0.1332
2.8790	0.5780	0.1116
2.7990	2.5340	0.1227
2.5490	5.4400	0.1134
2.4770	0.3821	0.1214
2.4340	0.0769	0.1213
2.1710	0.0117	0.0598
1.8120	0.5872	0.0460
2.3940	0.4113	0.1004
2.3780	0.0675	0.1009
2.3670	0.9994	0.1160
2.1010	1.9140	0.0898
1.6420	0.3303	0.0311
2.5800	3.9680	0.1337
2.3560	1.3470	0.1152
2.3490	0.7520	0.1103
2.6000	1.2630	0.1173
2.5560	2.8470	0.1066
2.6540	0.7398	0.1348
2.6440	1.5120	0.1213
2.6840	1.1460	0.1486
2.6410	0.8122	0.1391
2.6750	0.6809	0.1387
2.6890	2.4800	0.1472
2.6590	4.6890	0.1101
2.5080	2.6790	0.1224
2.5570	0.9285	0.1302
2.5410	4.0370	0.0879
2.5100	1.1470	0.1065
2.5910	2.5470	0.1327
2.7400	2.8810	0.1568
2.6810	1.2770	0.1373
2.7380	1.6270	0.1579
2.7750	0.5062	0.1667
2.7890	1.8660	0.1704
2.5960	0.3403	0.1289
2.5110	0.4768	0.0843
2.5670	3.5870	0.1553
2.3920	2.9180	0.1328
2.3580	3.1900	0.1113
2.6160	0.3771	0.0933
2.6350	0.8536	0.1167
2.5790	3.1960	0.0710
2.6650	1.7810	0.0795
2.6610	1.9750	0.0773
2.7420	2.6480	0.0649
2.7280	4.5920	0.0756
2.4530	4.4790	0.0761
2.4870	3.1930	0.0654
2.3510	0.4399	0.1028
2.3620	2.6860	0.0812
2.5000	2.7530	0.0725
2.5170	2.9780	0.0780
2.7020	2.8080	0.0656
2.6000	1.8510	0.0520
2.8040	3.4720	0.0630
2.4890	2.2680	0.0522
2.5700	5.4900	0.0491
3.0010	3.4610	0.0653
3.0700	2.8310	0.0611
3.0360	2.6120	0.0564
2.8330	2.5260	0.0729
2.9610	0.9352	0.0710
2.8770	3.1880	0.0756
2.5690	0.3285	0.0742
2.6270	4.1260	0.0692
2.7360	2.6270	0.0937
2.5540	0.9440	0.1012
2.6420	1.8910	0.0641
2.6930	3.4410	0.0798
2.7130	1.2030	0.1163
2.5170	0.3854	0.1338
2.5840	2.7480	0.1545
2.4030	2.3390	0.0932
2.5610	2.4620	0.0775
2.3790	1.8040	0.1137
2.4330	3.9280	0.1580
2.5470	2.5410	0.1796
2.5210	1.3670	0.1242
2.5260	2.5890	0.1605
2.5520	1.2760	0.0916
2.6250	1.0280	0.1485
3.0540	0.4750	0.2105
2.7510	3.5530	0.1789
2.6830	3.5950	0.1756
3.0430	2.2670	0.2252
2.6690	1.4650	0.2111
2.5230	4.8130	0.2105
2.6150	2.8480	0.1760
2.6460	1.6430	0.1687
2.9040	1.0310	0.1805
3.0060	3.2800	0.1866
2.6770	3.8270	0.1761
2.6770	3.0600	0.1711
2.6740	2.8480	0.1810
2.7120	1.6590	0.1598
2.6400	2.9390	0.1599
2.6520	1.6790	0.1749
2.4220	1.7060	0.0907
2.5860	2.8160	0.1413
2.4830	3.4760	0.1573
2.5430	1.1700	0.1693
2.9140	1.7180	0.1997
2.5800	0.9438	0.1881
2.9210	0.9204	0.1881
2.7850	1.7360	0.1912
2.6810	0.6364	0.1896
2.5060	0.1687	0.1985
2.6750	1.8970	0.1873
2.4550	5.0460	0.1967
2.5760	3.1040	0.1731
2.7100	0.3923	0.1432
2.5600	2.5200	0.1672
2.5840	1.6060	0.1674
3.0030	0.2880	0.1672
2.6760	2.8890	0.0555
2.7570	0.0445	0.0913
1.7140	0.4545	0.0018
2.0740	1.2000	0.0449
2.4610	0.7833	0.0730
2.7800	3.6270	0.0678
2.8320	0.3161	0.1027
3.0200	2.3760	0.1456
2.9710	1.4240	0.1571
2.8110	1.8210	0.1320
2.8950	1.4800	0.1231
2.6860	0.0679	0.0877
2.7810	2.6970	0.1338
2.5300	3.9560	0.0561
2.6360	1.8250	0.0805
2.4890	0.0918	0.0814
2.4360	1.4230	0.0667
1.6570	0.8926	-0.0421
2.0050	0.8094	0.0352
1.8970	3.0750	-0.0249
2.2820	1.3390	0.0458
2.2030	1.1310	0.0323
2.4490	3.0670	0.0643
2.6610	1.7110	0.0532
2.5130	1.9430	0.1020
2.9200	3.1440	0.0980
2.5780	1.9700	0.0676
2.7090	0.3732	0.1220
2.6350	5.9180	0.1300
2.8020	3.1190	0.0941
3.0060	0.4300	0.0727
2.4700	1.1950	0.0398
2.5460	1.1830	0.0499
2.5270	1.5520	0.0444
2.6830	2.0530	0.0531
2.9310	4.1560	0.0551
2.4990	0.8363	0.0539
2.5830	1.0000	0.0530
2.5440	3.9510	0.0656
1.5800	0.7594	-0.0726
1.5770	0.4507	-0.1326
1.5470	0.6687	-0.1293
1.6090	2.0520	-0.0765
1.5610	0.6909	-0.0482
1.4540	0.0319	-0.1059
1.4610	0.0739	-0.1242
1.5470	0.1967	-0.0674
1.2770	0.2722	-0.0876
1.3050	0.2084	-0.0588
1.4030	0.0364	-0.0597
1.8210	1.4190	0.0289
1.3670	0.2351	-0.1110
1.3420	0.1290	-0.0651
1.3780	0.0682	-0.0174
2.1190	0.0229	0.0895
1.6850	0.6581	0.0450
2.5080	1.9920	0.1166
2.5150	0.6529	0.1452
2.3690	0.9175	0.1156
2.2550	1.7270	0.1179
2.4310	1.3660	0.1627
2.5170	1.3380	0.0941
2.4200	1.1460	0.1229
2.4790	1.1310	0.1385
2.2360	0.3796	0.0745
2.6290	0.8696	0.1375
2.4940	1.9940	0.1156
1.5600	0.3651	-0.0377
2.6840	2.7420	0.1785
2.4450	3.2540	0.1094
2.2590	5.7040	0.1712
2.6360	4.5690	0.1226
2.3770	0.1967	0.1405
2.1980	2.2430	0.0339
2.1500	1.1380	0.0825
2.6820	0.4212	0.1218
2.5160	0.7031	0.0917
2.0670	0.2813	0.0972
2.4620	0.7522	0.0766
2.4580	1.8680	0.1318
2.4070	2.1830	0.1308
2.4360	1.3350	0.1191
2.4830	2.9330	0.1136
2.5610	1.5770	0.1770
2.8600	2.1180	0.1844
2.6160	0.9389	0.1383
2.5580	0.4699	0.1346
2.6950	0.5171	0.1357
2.6340	3.7000	0.1857
2.6410	3.3150	0.1800
2.4980	1.4680	0.1437
2.1650	1.6550	0.1205
2.4270	3.8490	0.0917
2.2600	2.6470	0.0505
2.6490	2.2760	0.0757
2.5830	0.5829	0.1370
2.6540	1.7470	0.1994
2.0930	3.5310	0.0712
2.3830	3.3630	0.0365
2.1580	2.1300	0.0838
2.4880	0.8813	0.0981
2.2380	4.0370	0.0997
2.6140	1.9220	0.1651
2.6190	1.6510	0.1803
2.6700	3.5630	0.1509
2.7550	3.8360	0.1415
2.5010	2.7550	0.1364
2.5960	4.0530	0.1638
2.2150	5.7560	0.1154
2.2690	0.0619	0.0939
2.4960	1.1140	0.1459
2.5870	2.0220	0.1377
2.3260	3.7720	0.1170
2.3790	1.5450	0.1108
2.5480	3.1540	0.1373
2.4940	4.9130	0.0980
2.7530	0.7740	0.1784
2.4040	0.1906	0.1122
2.0860	2.3750	0.0850
1.9000	2.2780	-0.0275
2.1630	1.6700	0.0241
1.6120	1.9450	-0.0003
2.3150	0.0055	0.0771
2.4430	3.5640	0.0835
2.5230	0.5835	0.1278
2.0630	0.9635	0.1250
2.5270	3.0920	0.1043
2.3740	0.7314	0.0734
1.5600	1.2920	-0.0209
2.5060	2.1210	0.0993
2.5720	2.2790	0.1483
2.3520	0.4397	0.0952
2.3720	3.9080	0.0630
2.3790	1.3690	0.0648
2.4030	2.0140	0.0794
2.3610	0.9874	0.1009
2.5380	0.5564	0.1176
2.5940	0.1145	0.0919
2.5100	1.2820	0.1259
2.2200	4.4080	0.1297
2.1490	0.4198	0.1196
2.6040	2.4930	0.1112
2.5340	2.3130	0.1067
2.3210	1.8980	0.1217
2.4310	0.6422	0.1230
2.2530	3.1210	0.1196
2.3500	0.3494	0.1088
2.2350	1.8460	0.1408
2.4940	2.8610	0.0934
2.5850	1.2130	0.0812
2.3910	1.8030	0.1068
2.4640	0.6746	0.1801
2.4060	5.0060	0.1813
2.7550	0.4933	0.1655
2.7290	0.0210	0.0819
2.6000	4.6330	0.1821
2.7460	3.1900	0.1999
2.7320	1.6080	0.1954
2.4770	3.9490	0.1680
2.6780	1.7230	0.1805
2.7840	0.3664	0.0428
2.4090	1.1080	0.1140
2.5120	0.9315	0.1644
2.7600	0.1291	0.1527
2.8320	3.0580	0.0558
2.5920	2.7780	0.0792
2.6240	3.5550	0.1540
2.4220	0.5877	0.1543
2.3950	2.7500	0.1383
2.4520	0.3359	0.1537
2.6160	0.0880	0.1923
2.5520	0.0412	0.2202
2.5680	2.1280	0.1640
2.5920	0.2164	0.1609
2.7250	1.2360	0.2147
2.7790	0.7984	0.1872
2.7190	1.3410	0.1781
2.5830	1.3470	0.1426
2.2080	0.0204	0.1383
2.3280	5.3200	0.1005
2.3520	2.5060	0.1152
2.2600	0.5767	0.1006
2.6380	1.4550	0.1321
2.1420	2.9670	0.0988
2.6160	1.8370	0.1480
2.2950	3.3660	0.1013
2.4890	2.4710	0.1476
2.5990	3.4720	0.1543
2.3630	2.4280	0.1004
2.7080	4.0940	0.0550
2.3000	1.4110	0.0821
2.3240	1.1130	0.1028
2.4610	4.3070	0.0592
2.6270	0.7650	0.0518
2.5030	2.3840	0.0578
2.3270	5.6790	0.0382
2.3880	1.6970	0.0688
2.6530	2.6680	0.1029
2.1240	2.2380	0.1023
2.5040	1.1750	0.1347
2.6980	2.7620	0.1740
2.8870	0.5780	0.2070
2.6190	0.6238	0.2027
2.4020	0.0990	0.1193
2.5330	3.5680	0.1709
2.7170	3.5410	0.2002
2.9250	0.9714	0.1995
1.9600	3.6290	0.0673
2.5330	0.1059	0.1465
2.1870	2.8370	0.1449
1.9060	0.2461	0.0578
1.9280	1.3890	-0.0394
2.2460	0.1814	0.0576
2.4790	4.0240	0.1258
2.8170	3.9350	0.0611
2.3620	1.2840	0.0456
1.1140	0.1468	-0.0475
1.6660	1.0800	0.1132
1.4170	0.4558	0.0430
2.2280	3.8850	0.1025
2.1780	3.8920	0.0828
2.2540	3.2310	0.1107
2.2290	2.3210	0.0826
2.4460	2.1490	0.1046
2.1900	2.1790	0.0824
2.2660	2.5820	0.0856
2.5650	1.0780	0.1038
2.4190	5.2350	0.0948
2.6420	3.9900	0.1532
2.6680	2.9600	0.1603
2.7030	1.4500	0.1473
2.6230	1.5370	0.1708
2.6910	3.0470	0.1791
2.6270	2.5920	0.1664
2.5850	1.4050	0.1637
2.3460	0.0595	0.1779
2.4930	1.5290	0.1546
2.7290	1.2850	0.1233
2.7310	1.4360	0.1333
2.7240	0.9234	0.1351
2.7300	4.0660	0.1395
2.4760	0.6514	0.1361
2.6910	5.8630	0.1550
2.6460	0.3430	0.1515
2.5040	1.3770	0.1497
2.6540	3.5270	0.1348
2.5520	4.2880	0.1493
2.4470	1.4160	0.1515
2.4460	1.5740	0.1634
2.2270	2.0770	0.1195
2.2440	2.9400	0.1030
2.2720	2.3070	0.1269
2.3490	4.7840	0.1232
2.2770	1.7160	0.1056
2.2130	0.1757	0.0832
2.2740	1.7840	0.0808
2.5090	3.9830	0.1453
2.5420	3.7920	0.1452
2.3930	1.4620	0.1337
2.4640	1.9670	0.1366
2.5210	2.8020	0.1414
2.5470	1.3340	0.1478
2.4630	2.2880	0.1298
2.2340	2.6300	0.0948
2.1670	0.6510	0.0810
2.2370	1.2310	0.0789
2.3980	3.6830	0.1155
2.3040	0.3707	0.1089
2.2000	0.6398	0.0725
2.2930	2.3400	0.0742
2.5260	3.9360	0.1534
2.4060	4.3250	0.1052
2.4490	4.7380	0.1395
2.5660	3.3060	0.1607
2.6010	0.4739	0.1701
2.6250	2.4050	0.1615
2.7260	1.2740	0.1812
2.3550	2.8090	0.0568
2.5240	3.4000	0.1239
2.6290	1.1100	0.1365
2.5810	1.4380	0.1063
2.7340	1.2960	0.1656
2.4620	2.0770	0.1031
2.0650	3.0490	0.0418
2.4170	0.9932	0.1208
2.5470	3.6960	0.1389
2.5940	3.0360	0.1292
2.3910	0.0505	0.0986
2.2780	0.5055	0.1040
2.1660	0.7967	0.0384
2.3960	3.8470	0.0579
2.1060	0.8746	0.0035
1.9560	3.1670	0.0430
2.2140	0.8096	0.0676
1.8350	0.8944	-0.0386
2.4860	3.9980	0.0779
2.1840	3.2220	0.0641
1.9710	1.7780	0.0199
1.7520	2.3110	-0.0604
1.5870	1.8150	-0.0769
1.5560	0.2306	-0.0349
2.3570	1.5360	0.1042
2.2770	2.3110	0.0927
2.4760	5.2590	0.0785
2.5290	1.5190	0.0893
2.4080	3.5350	0.0809
2.2600	3.4000	0.0862
2.1720	1.2510	0.0801
2.5340	1.7370	0.1082
2.5220	0.1592	0.1151
2.5350	0.4973	0.0999
2.5170	2.8230	0.1395
2.4360	2.1580	0.1279
2.4620	1.1930	0.1188
2.4550	1.5000	0.1025
2.0100	2.5650	0.1208
2.4060	0.0756	0.0871
2.4180	2.3670	0.0817
2.1450	0.3411	0.0722
2.5250	1.6660	0.0903
2.5080	0.7098	0.0882
2.3160	1.5780	0.0784
2.2170	3.7840	0.0516
1.8830	0.8767	0.0607
2.1990	0.9440	0.0510
1.9950	1.8140	-0.0070
1.5020	0.2637	-0.0681
2.5190	1.3390	0.1332
2.5750	0.0236	0.1533
2.5090	1.8610	0.0937
2.5270	1.3320	0.1144
2.5040	0.6425	0.1265
2.4730	2.3180	0.1140
2.5240	0.6911	0.1431
2.3880	3.3770	0.0701
2.4700	2.8320	0.0753
2.3800	2.5510	0.1111
2.3280	0.3069	0.0897
2.3750	2.2660	0.0693
2.4080	1.5020	0.0779
2.4050	2.4270	0.0654
2.4570	4.8910	0.0792
2.4220	2.4390	0.0958
2.4820	3.3620	0.0755
2.3840	2.9440	0.0612
2.3930	1.7240	0.0628
2.3570	3.0070	0.0822
2.4040	3.6110	0.1165
2.4450	1.9930	0.0767
2.3760	1.9670	0.0693
2.3760	2.0400	0.0747
2.5020	3.3380	0.0842
2.4510	1.1920	0.0934
2.4540	1.6030	0.0867
2.5850	2.4600	0.0880
2.5060	1.5050	0.0910
2.4440	3.2600	0.0863
2.4940	3.4190	0.0979
2.4750	1.2500	0.1302
2.5720	2.8220	0.1080
2.4090	3.5720	0.1055
2.4800	1.0420	0.1009
2.4310	2.3010	0.1215
2.4980	2.1490	0.1373
2.4570	3.4240	0.1410
2.4480	2.5000	0.1326
2.3100	2.5210	0.1310
2.5330	4.1790	0.1205
2.4590	2.2750	0.1360
2.3170	2.0610	0.1333
2.1340	3.3550	0.1233
2.2210	4.1640	0.1259
2.1760	2.2400	0.1230
2.1330	2.8460	0.1172
2.2180	1.1520	0.1214
2.6160	2.9680	0.0928
2.5380	1.6860	0.1010
2.5410	3.6100	0.1252
2.6950	1.0840	0.1028
2.6460	3.3880	0.1053
2.6300	1.5360	0.1108
2.4650	3.0580	0.1106
2.2880	3.6610	0.1187
2.4050	0.1565	0.1261
2.2680	0.7334	0.1206
2.2660	3.1080	0.1219
2.3960	2.0340	0.1221
2.4050	4.8740	0.1216
2.3810	1.8500	0.1224
2.4940	2.0310	0.1119
2.5480	1.3910	0.1109
2.5170	3.9540	0.1206
2.4140	1.6670	0.1191
2.2450	1.9730	0.1238
2.3270	1.8000	0.1273
2.4250	1.9690	0.1261
2.3730	1.2040	0.1083
2.1470	2.2890	0.1260
2.1620	4.3720	0.1213
2.4150	1.9110	0.1143
2.2830	0.5587	0.1187
2.7990	2.7400	0.1070
2.7630	2.8710	0.1275
2.5640	3.1450	0.0957
2.7910	3.9300	0.0936
2.5370	1.0030	0.0838
2.4180	3.3760	0.1536
2.4730	2.8820	0.1470
2.3060	1.5970	0.1084
2.3970	3.4350	0.1031
2.2710	2.5790	0.1094
2.3470	3.1540	0.1056
2.4930	1.6660	0.1207
2.4520	0.6743	0.1435
2.4250	1.9490	0.1815
2.4220	1.0490	0.1014
2.5040	1.7720	0.1386
2.5660	4.9400	0.1625
2.5110	0.1627	0.1924
2.5210	2.0330	0.1963
2.5450	2.0260	0.1733
2.5250	3.1510	0.1753
2.4110	0.4245	0.1694
2.6700	2.9920	0.0873
2.7520	1.7010	0.1315
2.7690	2.1740	0.1589
2.6260	1.8420	0.0817
2.8100	3.0590	0.0728
2.7040	1.2220	0.1098
2.8650	4.0000	0.0534
2.4160	0.9357	0.1899
2.6540	3.0060	0.1927
2.5340	4.3080	0.1702
2.4870	3.2300	0.1802
2.5850	4.2060	0.1831
2.6570	1.8280	0.1831
2.9390	0.6254	0.1948
2.6560	2.8300	0.1683
2.6850	3.4210	0.1613
2.8130	1.8470	0.1872
2.9080	1.7010	0.1959
2.7720	3.2640	0.1976
2.6880	0.2083	0.1831
2.7800	1.7950	0.1853
2.5180	2.9740	0.1767
2.5140	0.6143	0.1932
2.5510	4.6720	0.1764
2.5010	3.5510	0.1475
2.5250	3.7380	0.1674
2.5830	1.8950	0.1147
2.4090	1.5310	0.1191
2.5660	2.5010	0.0537
2.8490	2.7910	0.0533
2.7020	2.9240	0.1016
2.7740	1.9670	0.0963
2.4940	0.0464	0.1185
2.8590	1.9370	0.1803
2.6870	2.9590	0.1584
2.4800	1.6010	0.1543
2.6130	2.4920	0.1747
2.7440	3.7060	0.1696
2.6730	3.0540	0.1648
2.7770	1.9020	0.1448
2.7800	3.3180	0.0508
2.7530	2.9400	0.0895
2.5630	0.1726	0.0617
2.6280	2.1360	0.0564
2.5850	3.3350	0.0694
2.7480	2.7810	0.0922
2.6680	1.4530	0.1455
2.4950	2.5040	0.0978
2.8160	2.1100	0.0730
2.7230	1.1170	0.1088
2.5920	1.2660	0.1054
2.6360	1.4530	0.1623
2.5050	2.1290	0.1106
2.4580	0.6010	0.1053
2.4150	2.1720	0.1323
2.4650	2.1600	0.1186
2.4110	1.4140	0.1540
2.4990	1.8830	0.1696
2.4510	3.0600	0.1634
2.3100	2.7480	0.1489
2.3710	0.1469	0.1479
2.2810	0.0148	0.1423
2.3530	1.5000	0.1422
2.5150	1.2880	0.1462
2.4970	1.6370	0.1764
2.6640	0.9986	0.1946
2.3800	2.7270	0.1631
2.5290	1.3850	0.1679
2.5510	0.9215	0.1744
2.5430	3.0660	0.2104
2.6850	2.9840	0.2097
2.4860	3.5820	0.1884
2.5060	3.8490	0.2108
2.5950	0.3048	0.1933
2.3730	2.8350	0.1159
2.5720	4.3700	0.1802
2.4210	2.9940	0.1490
2.4130	3.5230	0.1324
2.5480	1.4630	0.1457
2.6960	0.2034	0.2202
2.7260	2.2490	0.2071
2.5940	0.0820	0.1419
2.5850	1.3380	0.2014
2.6040	0.8125	0.2140
2.6230	2.9950	0.1859
2.6410	2.6490	0.2095
2.6730	2.2280	0.1762
2.6080	0.0112	0.1555
2.7200	1.5130	0.1911
2.7860	1.6040	0.1992
2.6640	0.3957	0.2000
2.6430	1.8280	0.1595
2.6350	0.1000	0.1847
2.8110	1.2470	0.1840
2.6850	1.3920	0.1637
2.5900	2.3590	0.1591
2.6110	1.6680	0.1518
2.4470	2.2370	0.1381
2.6310	0.6332	0.1546
2.5950	2.1710	0.1630
2.4650	1.4960	0.1356
2.4600	0.7921	0.1183
2.0890	3.7740	0.1413
2.5140	2.9770	0.1221
2.6000	3.8590	0.1348
2.5220	0.3319	0.0981
2.4650	2.1490	0.1058
2.2760	5.3090	0.1123
2.3690	1.3260	0.1303
2.3040	0.8189	0.1306
2.4540	2.1380	0.1072
2.3420	0.8866	0.1137
2.5220	0.6397	0.1283
2.2950	3.2850	0.1275
2.4330	0.3530	0.1250
2.0750	0.6090	0.0849
1.7400	1.6130	0.0679
2.6800	1.4650	0.1475
2.4820	1.1770	0.1288
2.5390	0.3266	0.1296
2.4570	2.7760	0.1235
2.4340	2.2260	0.1134
2.2970	0.1793	0.1297
2.3250	0.7111	0.1071
2.6240	1.1710	0.1534
2.5760	1.7400	0.1412
2.2690	0.6979	0.1333
2.3290	2.1970	0.1408
2.3130	4.1190	0.0930
2.4340	1.5120	0.1307
2.5170	2.0940	0.1460
2.4260	4.2920	0.0908
2.4770	2.5490	0.1252
2.4630	2.6270	0.1384
2.6090	2.9720	0.1531
2.3780	3.8020	0.1363
2.6180	0.9191	0.1577
2.6200	1.8050	0.1593
2.6450	1.7150	0.1603
2.3910	0.6166	0.1321
2.4290	1.9500	0.0907
2.5550	3.9190	0.1542
2.3600	1.2210	0.1402
2.3930	1.6320	0.1195
2.3500	2.1290	0.0748
2.3810	1.1040	0.0952
2.5660	1.1900	0.0582
2.4610	1.8150	0.0575
2.4610	2.0860	0.0631
2.6470	2.6590	0.0573
2.4450	4.6080	0.0809
2.4280	5.0350	0.0850
2.5400	2.7470	0.0653
2.4100	0.0523	0.1141
2.3430	3.6060	0.0929
2.3730	3.5940	0.0851
2.2800	3.0190	0.0703
2.3760	3.6080	0.0650
2.6710	3.0920	0.0494
2.7180	0.3190	0.0564
2.6380	0.6410	0.0582
2.5210	0.5770	0.0521
2.4420	4.2900	0.0455
2.7930	4.1440	0.0461
2.8490	1.0920	0.0465
2.5370	0.5128	0.0497
2.6940	3.0290	0.0459
2.5120	2.4180	0.0416
2.4520	1.4530	0.0661
2.1570	2.1170	0.0630
2.7370	3.2140	0.0824
2.6870	4.3640	0.0816
2.3090	2.8470	0.0505
2.4990	3.5780	0.0601
2.4500	1.9090	0.1028
2.5350	1.9590	0.1206
2.5890	2.8780	0.1219
2.2540	2.5630	0.0917
2.0220	2.1670	0.0522
2.3960	4.3410	0.1247
2.3360	1.9030	0.1370
2.5680	2.1480	0.1500
2.4680	2.9360	0.1056
2.6170	2.4370	0.1293
2.2850	1.3400	0.0625
2.3590	0.7884	0.1218
2.6440	2.5060	0.1633
2.6220	0.4808	0.1448
2.6780	0.3409	0.1562
2.5430	0.8885	0.1682
2.6190	0.2290	0.1676
2.4980	4.3600	0.1593
2.7770	1.5370	0.1836
2.7180	2.8380	0.1883
2.9070	2.1060	0.2062
2.7230	1.3960	0.2090
2.7750	1.8190	0.2110
2.3740	2.9320	0.1922
2.3730	1.3110	0.1914
2.5010	1.9780	0.1620
2.5850	1.6450	0.1456
2.6180	0.9207	0.1863
2.0850	0.2639	0.0833
2.5570	1.6270	0.1068
2.5470	0.1673	0.1251
2.4860	0.6713	0.1383
2.6270	2.1340	0.2049
2.5070	2.4420	0.1881
2.6450	2.4860	0.2051
2.5980	0.5768	0.2016
2.6200	3.7660	0.1909
2.6530	3.4590	0.1709
2.7550	2.0820	0.1892
2.5380	0.5719	0.1551
2.8770	2.1570	0.1894
2.8590	2.0450	0.1786
2.8910	1.2040	0.1921
3.0020	1.3490	0.2049
2.7620	1.0490	0.1999
2.4740	2.0060	0.1011
2.7970	2.6290	0.1499
1.7220	0.7087	0.0106
1.8830	1.2270	0.0556
2.0820	0.9262	0.0944
1.9760	1.2530	0.0787
1.9960	0.8361	0.1014
2.6740	1.7830	0.1790
2.6370	1.6510	0.1721
2.7610	3.3160	0.1846
2.2310	2.1840	0.1522
1.9900	1.4350	0.0967
2.3050	1.0790	0.1298
1.9480	2.2360	0.0547
2.0110	2.9280	0.0872
2.0270	2.1380	0.0863
1.9860	3.7460	0.0643
1.6610	0.5204	-0.0387
1.9210	0.4964	0.0252
2.1630	3.4450	-0.0333
2.4230	0.3843	0.0320
2.1110	1.3790	0.0250
2.0090	4.5790	0.0716
2.1650	4.2280	0.0566
2.5800	2.7950	0.0998
2.6800	4.8020	0.0807
2.6100	0.6933	0.0688
2.4000	1.3030	0.1223
2.4480	5.7720	0.1048
2.5350	2.6150	0.0864
2.8400	2.3080	0.0761
2.4020	1.6950	0.0463
2.1220	0.3235	0.0501
2.5280	1.6680	0.0518
2.8060	2.0620	0.0501
2.9320	4.3000	0.0491
2.0180	3.0770	0.0446
2.3890	4.0590	0.0407
2.0380	3.1740	0.0471
1.5100	1.1590	-0.0437
1.6710	0.2031	0.0478
1.3780	1.4110	-0.0499
1.5790	1.8710	-0.0473
1.4850	0.6526	-0.0222
1.7960	2.5630	0.1241
1.7060	0.0874	0.1103
2.0450	0.2548	0.1359
1.8740	3.1990	0.1308
1.8720	0.7940	0.1130
1.1630	0.0398	-0.0048
1.9880	2.4350	0.0420
1.3080	0.4647	0.0056
1.5690	0.9003	0.0206
1.5800	0.8261	0.0480
2.0440	1.9460	0.1076
1.7250	1.0020	0.0785
2.3150	0.8796	0.1179
