1.3700	0.4895	0.1039
1.4890	0.7066	0.2267
1.7750	2.5810	0.2136
1.8120	1.1990	0.2277
1.6600	0.9908	0.2185
1.6030	0.4627	0.2585
1.8630	0.9112	0.2554
1.8660	2.0910	0.3966
1.7200	0.7329	0.1927
1.8660	3.2250	0.1989
1.3130	1.7420	-0.0353
1.9100	0.8710	0.3209
1.7700	3.4220	0.2413
1.8870	3.1500	0.2617
1.7910	4.6000	0.2161
1.7370	2.3340	0.2105
1.7620	2.5110	0.2013
1.5940	0.9194	0.1899
1.8670	1.7410	0.3042
1.5700	0.4865	0.2334
1.1760	0.5595	-0.0147
1.6170	0.7024	0.2983
1.5440	1.5990	0.2049
1.8130	1.1030	0.2211
1.7980	0.3950	0.2280
1.8560	0.2657	0.2336
1.8090	1.9770	0.1990
1.9070	1.5590	0.2851
1.9340	2.1650	0.2366
1.7610	2.0850	0.2456
1.7960	3.9240	0.1695
1.6720	2.4720	0.2699
1.4950	3.7400	0.1573
1.5220	0.0314	0.1943
1.0640	0.7030	0.0237
1.7120	1.3900	0.2557
1.9150	1.2200	0.3629
1.7670	0.3110	0.3512
1.8960	0.8691	0.3284
1.9800	1.3660	0.3283
1.9810	0.7061	0.2641
1.2410	1.8930	0.0361
1.7700	1.8730	0.1996
1.7820	1.7630	0.2317
1.7800	5.3480	0.2059
1.8430	2.5070	0.3089
1.9220	0.1798	0.2993
1.8100	2.7610	0.2827
1.7790	1.6400	0.2315
1.8220	1.2240	0.2339
1.7880	0.9238	0.2095
1.7700	3.5460	0.2036
1.7550	0.0595	0.1874
1.6570	0.1276	0.2509
1.6570	1.7950	0.2365
1.7160	2.7400	0.2011
1.7720	3.5000	0.2277
1.8480	2.2540	0.3075
1.8320	2.3410	0.2532
1.9210	0.2258	0.3377
1.5770	0.2089	0.2413
1.7590	1.8780	0.1733
1.8030	3.0770	0.0745
1.4650	0.1029	0.0643
1.8130	2.8510	0.0543
1.5800	2.0510	0.2514
1.5130	2.3700	0.2135
1.4120	2.2780	0.1376
1.1400	0.7028	0.0432
1.3720	0.2120	0.1228
1.4080	1.3970	0.1191
1.2080	0.9025	-0.0580
1.5810	1.5330	0.2321
1.4770	1.7100	0.1628
1.6440	2.5980	0.2795
1.6080	2.6140	0.2865
1.5750	3.2070	0.2709
1.6390	0.8224	0.2636
1.5840	0.0064	0.2166
1.7290	1.3480	0.2577
1.7170	0.0642	0.2122
1.7250	1.4970	0.2666
1.7650	2.3910	0.2277
1.7990	1.4050	0.2135
1.8220	1.6310	0.2302
1.7710	0.6064	0.2157
1.7810	1.4720	0.2254
1.8560	0.4838	0.2215
1.8470	1.3840	0.2269
1.8190	0.0076	0.2178
1.8480	4.1240	0.1999
1.7570	2.0540	0.2107
1.8590	1.6440	0.1930
1.7670	1.6590	0.2199
1.7710	0.9082	0.2175
1.7960	1.9370	0.2172
1.9420	2.2080	0.2221
1.9180	2.4890	0.1958
1.9030	1.0250	0.2644
1.9220	0.7770	0.2652
1.9290	0.8212	0.2678
1.8960	3.0420	0.2692
1.8830	1.8300	0.2509
1.8190	0.2288	0.2052
1.8650	2.0260	0.1904
1.8470	1.0730	0.2472
1.8480	1.5210	0.2445
1.7090	4.3540	0.1917
1.7170	3.1700	0.1884
1.7460	2.5050	0.1733
1.7180	0.7350	0.2564
1.6350	0.2351	0.2292
1.8000	3.6170	0.1887
1.7540	0.1017	0.2136
1.7200	1.5670	0.2331
1.5570	2.0530	0.2200
1.6940	1.1540	0.1992
1.6160	0.5258	0.2401
1.5170	0.4134	0.2011
1.3250	0.5062	0.1328
1.3240	0.3528	0.0742
1.0520	0.7023	0.0437
1.6790	4.6510	0.1830
1.5420	2.1130	0.1518
1.3620	0.3380	0.1077
1.3940	0.4486	0.2031
1.2510	0.3771	0.1044
1.5720	0.9146	0.2442
1.5890	5.1540	0.2559
1.6290	0.3388	0.2433
1.7050	1.5510	0.2445
1.7940	2.3420	0.2618
1.7670	0.1757	0.2965
1.6700	7.6080	0.2989
1.8720	0.1688	0.3072
1.8290	2.3930	0.3111
1.8080	2.9760	0.3882
1.8790	2.0820	0.4090
1.7940	4.1960	0.4445
1.8970	0.0809	0.3621
1.9150	1.3630	0.3720
1.8900	0.7610	0.3222
1.8820	0.2465	0.3110
1.8600	1.4610	0.2668
1.9710	0.7648	0.3220
1.9800	0.8542	0.3001
1.9420	0.9936	0.3328
1.9410	0.2246	0.3187
1.8930	1.6440	0.2848
1.9640	0.7639	0.3461
1.6080	1.1640	0.1003
1.8830	1.9570	0.2649
1.9940	1.0500	0.3240
1.8980	2.4380	0.3548
1.2550	1.3620	-0.0541
1.8660	1.1170	0.1942
1.4790	2.3410	0.1980
1.7450	1.8400	0.2747
1.8710	1.2100	0.3248
1.0520	0.2112	-0.0804
0.9843	0.7654	-0.0652
1.0220	0.4136	0.0052
1.7720	5.1770	0.2037
1.7750	3.0980	0.2007
1.7760	3.6050	0.2123
1.7680	2.4390	0.2066
1.7760	2.2330	0.2395
1.7740	3.0480	0.2091
1.7810	4.1580	0.2080
1.7850	1.5940	0.2231
1.7900	6.3150	0.2080
1.7980	1.5990	0.2879
1.8260	2.7340	0.2999
1.7890	1.9220	0.2791
1.8820	0.4831	0.3195
1.9150	0.8672	0.3128
1.8800	0.2135	0.3094
1.8630	1.5150	0.2903
1.9100	2.1510	0.2798
1.8450	1.9230	0.2617
1.7750	0.1390	0.2393
1.7790	1.0370	0.2227
1.7790	0.8401	0.2604
1.7880	3.0090	0.2522
1.8320	2.1390	0.2373
1.7830	2.4210	0.2180
1.7870	1.2500	0.2161
1.8430	2.7400	0.2460
1.8100	2.3120	0.2215
1.7970	2.5510	0.2135
1.8120	0.1557	0.2267
1.7950	2.3030	0.2119
1.7730	2.8060	0.2094
1.7670	4.0520	0.1986
1.7660	4.0800	0.2023
1.7530	4.4190	0.1937
1.7610	2.2810	0.1940
1.7640	1.6220	0.1936
1.7650	2.3700	0.1975
1.6970	3.7770	0.2281
1.6770	2.3160	0.2259
1.7230	0.3827	0.2040
1.6210	0.2393	0.2596
1.6140	0.5353	0.2559
1.6430	2.0480	0.2473
1.6800	1.6850	0.2174
1.7380	2.1210	0.1881
1.7260	1.1570	0.1792
1.7540	0.8277	0.1869
1.7690	4.5560	0.2352
1.7380	1.1900	0.1865
1.7400	0.6562	0.1798
1.7670	2.7420	0.2198
1.8040	1.9810	0.2903
1.8030	3.3400	0.2761
1.8030	3.1110	0.2866
1.8470	2.2520	0.3120
1.8810	0.4106	0.3248
1.8860	0.0311	0.3210
1.9230	0.0757	0.3275
1.8000	2.5260	0.2433
1.8480	1.8300	0.2898
1.8900	0.1564	0.3034
1.8660	1.4460	0.2703
1.9040	1.3670	0.3316
1.7190	1.7880	0.1960
1.7660	1.2550	0.1742
1.5870	0.5416	0.2506
1.6200	0.2656	0.2498
1.6650	0.8016	0.2272
1.5660	0.1051	0.2263
1.7040	2.5130	0.1839
1.8160	2.9570	0.1828
1.8220	2.6090	0.1840
1.8090	2.5460	0.1841
1.7720	0.1234	0.1300
1.7170	2.1860	0.1407
1.8160	3.1080	0.0514
1.8250	2.7290	0.1998
1.5130	0.3025	0.1336
1.7720	0.9064	0.0663
1.6860	0.0532	-0.0089
1.3850	2.3750	-0.0337
1.5200	2.1630	-0.0162
1.5970	1.4310	0.2565
1.5600	2.2220	0.2414
1.5990	2.9560	0.2524
1.5490	0.9703	0.2260
1.5660	3.4950	0.2369
1.5350	2.4170	0.2256
1.4910	0.0781	0.1976
1.4820	1.7890	0.1862
1.3980	2.6350	0.1266
1.4760	1.7450	0.1837
1.4070	0.4948	0.1159
1.2730	0.2809	0.0810
1.3630	0.5174	0.0951
1.3240	0.8717	0.0756
1.0910	0.7837	0.0043
1.2690	0.6418	0.0634
1.4530	2.0460	0.1753
1.4750	0.0566	0.1567
1.4640	0.5739	0.1822
1.3620	0.6379	0.1220
1.2570	1.3760	0.0517
1.4530	1.6480	0.0956
1.1580	0.5295	-0.0382
1.2720	0.4815	0.0348
1.3020	0.3002	-0.0035
1.2590	0.6955	-0.0635
1.4670	0.6330	0.1504
1.3970	0.2632	0.1334
1.5820	0.1638	0.2392
1.5290	1.2430	0.1942
1.5180	0.2392	0.1944
1.5620	1.8000	0.2229
1.5180	0.7353	0.1916
1.6130	2.6600	0.2763
1.6080	2.1370	0.2646
1.6200	1.2960	0.2651
1.6170	2.5780	0.2734
1.6190	1.6800	0.2911
1.6360	0.8285	0.2916
1.6050	2.0310	0.2987
1.5810	2.7130	0.2549
1.5630	2.5990	0.2335
1.5970	2.4550	0.2647
1.5940	3.7980	0.2858
1.5910	1.8530	0.2952
1.5680	2.5860	0.2439
1.5470	2.9390	0.2088
1.5980	1.0440	0.2909
1.5820	1.5940	0.2738
1.5850	1.3660	0.2449
1.6260	0.2981	0.2364
1.6270	0.5382	0.2198
1.6930	0.6558	0.2391
1.6930	0.7755	0.2165
1.6490	1.2620	0.2857
1.6480	1.5030	0.2699
1.7380	0.5320	0.2361
1.7880	0.6431	0.2332
1.7770	0.8328	0.2159
1.6780	2.2120	0.2757
1.6820	1.8780	0.2852
1.6680	1.3840	0.2653
1.7040	2.1110	0.2570
1.7340	2.4010	0.2379
1.7500	1.6200	0.2458
1.7930	0.7442	0.2273
1.7100	1.5970	0.2683
1.7500	1.9410	0.2461
1.7560	1.0540	0.2196
1.7920	1.4370	0.2156
1.8130	2.3220	0.2175
1.7760	0.0004	0.2105
1.7830	0.6057	0.2095
1.7750	0.2159	0.2153
1.7210	1.1030	0.2011
1.7070	1.2580	0.2096
1.8400	0.6819	0.2164
1.7360	0.6447	0.2080
1.7690	0.5413	0.2188
1.9070	0.8895	0.2485
1.9010	2.6740	0.2429
1.8070	1.9450	0.2178
1.8400	1.9720	0.2171
1.7750	1.1560	0.2193
1.7910	2.2550	0.2205
1.8240	1.8800	0.2243
1.7910	2.6400	0.2282
1.8220	3.0540	0.2278
1.8750	2.5770	0.2394
1.8680	2.6170	0.2335
1.8780	0.1399	0.2243
1.8440	3.0110	0.2270
1.8240	1.1860	0.2256
1.8370	0.3264	0.2126
1.8480	0.9107	0.2125
1.8080	0.3394	0.2252
1.8320	4.6070	0.2155
1.8510	4.4900	0.2055
1.8390	0.7153	0.2070
1.8500	0.1151	0.2000
1.8200	2.5600	0.2057
1.8850	2.8190	0.1944
1.7730	2.6520	0.2245
1.7790	2.9920	0.2207
1.7790	0.1994	0.1999
1.7620	2.1570	0.1967
1.8340	1.4180	0.1963
1.7810	0.2526	0.2231
1.7750	3.0230	0.2245
1.7790	1.4890	0.2182
1.7810	2.9650	0.2150
1.7790	0.7473	0.2193
1.7580	2.2710	0.2085
1.7790	1.3320	0.2036
1.7560	2.7970	0.2189
1.7590	2.2210	0.2215
1.7780	1.7620	0.2236
1.7890	2.6730	0.2115
1.7980	1.0390	0.2101
1.7900	3.5090	0.2143
1.7940	0.0331	0.2077
1.8000	2.1750	0.2226
1.8820	0.1574	0.1902
1.9100	3.4990	0.1900
1.8540	1.9650	0.2094
1.8930	1.3540	0.2002
1.9020	0.6942	0.2076
1.9760	2.2980	0.2295
1.9260	0.9518	0.2233
1.8930	1.6340	0.2466
1.8540	1.1510	0.2239
1.8200	0.2046	0.2433
1.8680	1.2660	0.2484
1.9080	0.0790	0.2714
1.9160	1.2350	0.2817
1.9260	0.4203	0.2837
1.9490	0.9590	0.2505
1.9470	0.9929	0.2494
1.9180	1.2600	0.2371
1.9370	0.7753	0.2710
1.9210	0.6332	0.2774
1.9120	0.0228	0.2583
1.9080	1.2600	0.2486
1.9140	0.4250	0.2778
1.9140	0.4283	0.2686
1.8920	3.1210	0.2571
1.8750	0.2782	0.2608
1.8650	0.7031	0.2506
1.9160	3.1140	0.1915
1.8660	2.6650	0.1943
1.8870	1.8240	0.2345
1.8840	0.9263	0.2027
1.8740	2.4370	0.1942
1.7920	3.3030	0.1878
1.8490	3.9460	0.1832
1.8790	1.1490	0.2466
1.8910	0.7675	0.2397
1.8530	1.6550	0.2480
1.8670	0.3568	0.2486
1.8480	0.5691	0.2473
1.7940	2.1260	0.2472
1.8030	1.9580	0.2471
1.7580	2.0210	0.1996
1.7580	0.8299	0.1793
1.8250	1.3330	0.2375
1.7710	0.5456	0.2306
1.7440	2.1910	0.2231
1.7270	0.8234	0.1728
1.7570	2.3230	0.1668
1.7240	1.6840	0.2251
1.7200	1.3750	0.1840
1.7230	2.1860	0.1755
1.7170	1.5970	0.1825
1.7280	0.1231	0.1874
1.6790	1.8820	0.2273
1.6410	1.1770	0.2155
1.8320	1.2800	0.2369
1.7160	0.4529	0.2436
1.6610	0.1852	0.2556
1.6800	0.1502	0.2701
1.6410	2.2620	0.2530
1.8290	0.3421	0.1950
1.8280	1.2290	0.2047
1.8550	4.3110	0.1918
1.8190	0.6542	0.1853
1.7890	2.1780	0.1774
1.7440	0.8894	0.2459
1.7150	1.7790	0.2623
1.7880	0.3506	0.2162
1.7720	0.3789	0.1908
1.7670	2.0290	0.1761
1.7350	3.0920	0.2281
1.6920	2.9840	0.2624
1.7530	2.0520	0.1883
1.7330	2.0470	0.2049
1.7230	0.3391	0.2108
1.6050	0.2612	0.2095
1.6070	2.6500	0.2469
1.5950	2.5480	0.2230
1.5630	2.9280	0.2033
1.5380	1.6230	0.2014
1.6830	0.7118	0.2496
1.6280	2.3080	0.2584
1.7190	0.8834	0.1988
1.7140	0.4492	0.2236
1.6610	0.7332	0.2229
1.5850	2.5100	0.1869
1.5310	0.8537	0.2047
1.5390	0.9680	0.2169
1.5250	1.0180	0.1970
1.5770	1.6700	0.2401
1.5950	0.2233	0.2202
1.4820	2.4470	0.1876
1.4840	0.2569	0.1801
1.3850	1.1790	0.1411
1.4260	3.3090	0.1685
1.4070	0.7573	0.1507
1.3580	0.4367	0.1179
1.2490	0.0209	0.0857
1.2510	0.1368	0.0785
1.4150	0.9979	0.1160
1.3050	0.2916	0.0965
1.1790	0.0692	0.0516
1.1520	0.3813	0.0466
1.0090	0.8117	0.0164
1.6260	2.3010	0.1764
1.5040	2.9460	0.1450
1.7100	1.7760	0.1835
1.6800	0.2308	0.1828
1.6370	5.1260	0.1736
1.6180	0.1407	0.1896
1.5450	0.4034	0.1621
1.3210	0.0496	0.0830
1.2050	0.3701	0.0639
1.4150	0.0163	0.1179
1.4610	0.1625	0.1297
1.4520	0.3524	0.1520
1.2640	0.2356	0.0975
1.1270	0.5519	0.0517
1.4750	1.4130	0.2026
1.3630	0.0949	0.1500
1.3130	0.3762	0.1532
1.4320	0.9458	0.2067
1.3990	0.7079	0.1775
1.4910	0.2193	0.2321
1.5580	3.3460	0.2480
1.5470	0.3746	0.2374
1.4950	0.3047	0.2326
1.5480	0.0475	0.2419
1.6480	0.1307	0.2430
1.6180	4.1700	0.2548
1.6620	0.9730	0.2127
1.5820	0.1151	0.2256
1.7060	4.0570	0.1886
1.6950	0.8873	0.2245
1.6770	0.6752	0.2488
1.6290	1.3900	0.2453
1.6940	1.7090	0.2426
1.6030	0.8069	0.2516
1.6610	1.1610	0.2537
1.7350	1.7590	0.2517
1.7500	0.2257	0.2439
1.7660	2.0620	0.2607
1.7900	1.7020	0.2443
1.8170	2.2090	0.2452
1.8290	2.0890	0.2579
1.6430	0.0162	0.2785
1.6100	6.3750	0.2644
1.7460	1.9030	0.2741
1.6730	1.3970	0.2739
1.7250	1.2920	0.2932
1.7560	4.5020	0.3272
1.7190	2.3740	0.3146
1.8160	2.2920	0.2853
1.7910	1.7280	0.2798
1.8650	0.6367	0.2725
1.8420	1.6610	0.2826
1.8710	2.0740	0.3161
1.8950	2.0370	0.3351
1.9010	2.5810	0.3486
1.7850	0.9794	0.3488
1.7530	5.5830	0.3805
1.8030	0.9705	0.3083
1.8600	3.2780	0.3514
1.9020	2.6760	0.3749
1.8120	1.7270	0.4311
1.7940	0.7534	0.4072
1.9000	2.0530	0.3868
1.8430	2.6280	0.4154
1.8220	5.0830	0.4404
1.8620	2.1450	0.4114
1.8310	3.6690	0.4193
1.9010	1.7570	0.3873
1.8890	2.7560	0.3807
1.9130	0.8100	0.3652
1.8990	1.8760	0.3799
1.9020	1.8090	0.3757
1.8900	0.0568	0.3521
1.9040	1.1540	0.3577
1.8900	0.8263	0.3195
1.9030	2.0840	0.3457
1.8830	1.6640	0.2846
1.9020	0.9410	0.2952
1.8930	1.0320	0.2969
1.8870	0.4156	0.3396
1.8860	1.3250	0.3221
1.8950	0.3466	0.3438
1.8790	0.8318	0.3202
1.8830	1.1480	0.2949
1.8940	0.6458	0.2890
1.8950	0.5702	0.2959
1.9020	1.3360	0.2801
1.8890	1.7630	0.2613
1.8300	4.2350	0.2459
1.9400	0.1923	0.3222
1.9510	0.4921	0.3089
1.9840	0.3371	0.3276
1.9760	1.3050	0.3204
1.9830	0.9306	0.3128
1.9450	2.0820	0.2917
1.9450	1.9320	0.2804
1.9710	1.7100	0.3244
1.9350	0.9604	0.3296
1.9580	0.9653	0.3194
1.9070	1.7430	0.3622
1.9340	1.0490	0.3543
1.9300	1.0980	0.3460
1.9110	0.4792	0.3254
1.9380	0.7434	0.2916
1.8850	1.6550	0.2730
1.9570	0.7478	0.3127
1.9310	0.2475	0.3044
1.9080	1.2190	0.2977
1.8570	0.1212	0.2650
1.8660	2.0500	0.2751
1.8350	3.1160	0.2560
1.9330	0.1311	0.3343
1.8830	1.7160	0.3447
1.9220	0.3301	0.3496
1.9550	0.0221	0.3382
1.9950	0.0661	0.3343
1.8260	2.3970	0.1728
1.8690	1.4990	0.3010
1.3260	0.9888	0.0197
1.7180	1.6880	0.0801
1.7700	0.2616	0.1804
1.9870	0.0183	0.2166
1.9790	0.6404	0.2641
2.0000	1.7480	0.3347
1.9900	0.7386	0.3328
1.9290	1.7700	0.3335
2.0010	1.0920	0.3026
1.9910	0.3981	0.2961
1.9790	0.4137	0.3230
1.9530	1.1240	0.3058
1.9630	0.1638	0.3156
1.9360	1.1520	0.3426
1.8900	0.8513	0.3799
1.2730	0.0983	-0.0362
1.4070	0.5772	0.0286
1.2190	2.2210	-0.0350
1.5710	2.0020	0.1182
1.5580	1.6090	0.0605
1.8000	2.2150	0.1612
1.9570	2.3940	0.2380
1.3660	2.9890	0.1341
1.6670	0.2325	0.2484
1.5780	2.0120	0.1932
1.5050	1.9140	0.2193
1.6500	6.5070	0.2730
1.6910	3.9150	0.2983
1.7590	1.7770	0.3076
1.8930	1.8510	0.2706
1.9080	0.1544	0.2955
1.7980	0.3273	0.2379
1.8180	0.2431	0.2933
1.7930	1.7550	0.3469
1.8790	1.8650	0.3508
1.8280	1.9790	0.3931
1.8320	2.7470	0.3983
1.2200	0.5622	-0.0647
1.0910	0.5125	-0.0659
1.1270	0.4868	-0.0714
1.1310	1.8900	-0.0699
1.0830	0.6889	-0.0658
1.0260	0.8450	-0.0287
1.0410	0.7622	-0.0542
1.0550	0.8104	0.0321
0.9733	0.8674	-0.0318
0.9849	0.7812	-0.0263
1.0180	0.3421	-0.0675
1.1060	0.4575	0.0130
1.0110	0.5681	-0.0793
0.9892	0.6341	-0.0472
1.0120	0.6806	0.0067
1.2020	0.0262	0.0929
1.1110	0.0432	0.0659
1.2990	0.8744	0.1432
1.2860	1.1520	0.0837
1.4520	1.5120	0.2199
1.7920	2.9470	0.1949
1.9570	0.6139	0.2238
1.5290	1.0720	0.2073
1.6990	1.3320	0.2626
1.8270	0.3948	0.2608
1.9400	2.2530	0.3621
1.7770	1.4890	0.2194
1.7490	3.4910	0.2220
1.2440	2.5560	-0.0335
1.8780	0.5044	0.2992
1.7280	3.1630	0.2025
1.9450	3.1710	0.2449
1.8120	5.0090	0.1963
1.7380	1.4370	0.2221
1.6890	2.6070	0.1426
1.6440	1.1530	0.2254
1.8030	1.2860	0.2308
1.5060	1.2440	0.2240
1.0870	0.4258	-0.0043
1.5100	1.0880	0.2914
1.4910	1.3020	0.1959
1.8150	1.1160	0.2356
1.7970	0.0434	0.1947
1.7750	1.4750	0.2203
1.8870	2.1180	0.2191
2.0010	0.5170	0.2839
1.8240	1.3310	0.2068
1.6960	2.3330	0.2498
1.7450	3.0260	0.1751
1.6930	2.4250	0.2341
1.6420	1.3850	0.1842
1.4990	0.3746	0.2144
0.8533	0.3390	0.0547
1.6220	0.7465	0.2454
1.8500	0.9868	0.3134
1.7260	2.4570	0.3012
1.9360	0.0224	0.3005
1.9800	0.9910	0.2681
1.8640	1.3920	0.2458
1.3210	1.6030	0.0091
1.7690	2.2350	0.1749
1.7590	2.0650	0.2060
1.7930	5.3710	0.1835
1.7760	2.2050	0.2573
1.8850	1.2960	0.2756
1.7990	2.2460	0.2497
1.8240	2.5400	0.2310
1.9770	3.0240	0.2291
1.8690	2.4770	0.2218
1.7780	4.8470	0.1953
1.7320	0.0187	0.1802
1.7040	0.6998	0.2633
1.6820	2.4810	0.2429
1.6760	3.2330	0.2050
1.7070	3.1650	0.1818
1.7920	1.2360	0.2445
1.7360	1.8770	0.1742
1.8880	1.1670	0.3047
1.7050	0.5297	0.2661
1.6340	2.1700	0.1324
1.5970	1.4060	0.0527
1.4790	2.1610	0.1103
1.4650	1.2610	0.0756
1.6040	2.3370	0.2649
1.5770	2.7590	0.2291
1.4300	0.1676	0.1372
1.1160	0.5771	0.0199
1.3770	1.2270	0.1318
1.4670	1.9740	0.1565
1.1330	0.2383	-0.0243
1.4960	1.2040	0.2121
1.4890	2.8230	0.1621
1.6260	1.7940	0.2802
1.4880	1.8520	0.2739
1.4630	2.6730	0.2488
1.4990	1.0940	0.2566
1.4570	1.6070	0.2029
1.6260	1.7100	0.2532
1.6470	0.3971	0.2320
1.6700	1.6470	0.2595
1.7910	2.1850	0.2358
1.8270	1.6580	0.2038
1.7980	4.5260	0.2113
1.6680	0.3815	0.2032
1.8060	2.3470	0.1908
1.7970	2.3940	0.1792
1.7340	1.6050	0.1834
1.7900	1.4880	0.2166
1.7790	2.5690	0.1918
1.8600	2.1450	0.2229
1.8160	0.1522	0.2265
1.8460	0.4662	0.2040
1.8820	1.4000	0.2159
1.9240	2.5920	0.2170
1.8750	1.8830	0.2129
1.7590	2.2990	0.2006
2.0280	0.3357	0.2329
1.9760	1.4920	0.2233
1.9580	0.9197	0.2509
1.8680	2.5470	0.2909
1.8500	0.1653	0.2675
1.6670	1.0820	0.1729
1.7480	1.2420	0.1891
1.7690	1.3880	0.2634
1.7510	1.2630	0.2215
1.6360	1.8180	0.1753
1.6940	2.1180	0.1988
1.7940	3.2580	0.2054
1.7190	1.6820	0.2262
1.5170	0.6156	0.1906
1.7870	2.1520	0.2170
1.7980	0.8948	0.2562
1.8110	1.9730	0.2581
1.5620	1.4290	0.1965
1.7240	0.5732	0.2270
1.7090	0.6898	0.2388
1.5520	0.2265	0.1933
1.3630	0.6046	0.1246
1.2400	0.9810	0.1063
1.0340	0.5705	0.0528
1.6590	3.4790	0.2051
1.5440	1.5810	0.1921
1.2610	0.9107	0.1326
1.4050	0.6095	0.2117
1.1940	1.4530	0.1086
1.5940	1.7700	0.2515
1.5270	4.7920	0.2453
1.6260	0.6924	0.2542
1.6830	2.1570	0.2538
1.7630	1.7860	0.2474
1.5570	3.6990	0.2719
1.5840	5.6140	0.2813
1.8400	0.2784	0.2899
1.7270	2.4630	0.2844
1.7050	2.5480	0.3076
1.8810	2.4960	0.3494
1.9060	3.0530	0.3232
1.8920	0.7119	0.3479
1.9540	2.2740	0.3738
1.8640	2.1180	0.3208
1.9710	1.0360	0.2985
2.0650	1.2930	0.2485
1.9450	0.0244	0.2842
2.0550	2.3090	0.2496
2.0020	1.3410	0.3334
1.9970	0.0347	0.2888
2.0970	0.2543	0.2461
1.9170	0.3863	0.3105
1.4430	1.4110	0.1196
1.6850	3.6730	0.2614
1.8980	0.0196	0.2846
2.0260	0.6394	0.3344
1.1500	0.2600	-0.0382
1.8370	0.9015	0.1597
1.4940	2.6570	0.1859
1.7770	1.7440	0.2693
2.0370	0.3899	0.3010
0.8023	0.0624	-0.0650
0.6718	0.7265	-0.0194
0.9088	0.2117	0.0194
1.7850	5.3240	0.1840
1.7840	3.8100	0.1767
1.7880	3.9520	0.1910
1.7480	2.1020	0.1777
1.7450	2.5180	0.2081
1.7600	2.3320	0.1810
1.7760	3.2260	0.1807
1.7760	3.2960	0.2015
1.7930	6.0310	0.1808
1.7330	2.4900	0.2342
1.7800	2.3340	0.2567
1.7460	2.1270	0.2378
1.8200	0.1938	0.2812
1.8830	1.2750	0.2904
1.8290	1.2920	0.2769
1.8430	1.6910	0.2631
1.9010	0.3788	0.2574
1.8660	0.7324	0.2436
1.7770	0.2993	0.2276
1.7970	1.3540	0.2220
1.7660	1.6580	0.2335
1.8100	1.8410	0.2370
1.8890	0.4183	0.2305
1.8450	2.6270	0.2259
1.8390	0.9674	0.2154
1.9810	3.1570	0.2352
1.9040	1.3140	0.2246
1.9060	2.1350	0.2229
1.9620	1.3320	0.2259
1.9260	1.6270	0.2208
1.7920	3.8160	0.1950
1.7730	3.8310	0.1830
1.7630	3.7650	0.2016
1.7280	3.6370	0.1960
1.7560	2.4100	0.1864
1.7610	1.5050	0.1749
1.7270	2.8080	0.1725
1.7110	3.0430	0.2466
1.6910	1.8300	0.2400
1.7050	1.2030	0.2172
1.7020	0.4407	0.2636
1.7020	0.9124	0.2644
1.6920	0.0525	0.2582
1.6680	1.7240	0.2232
1.6520	1.4130	0.1681
1.6730	0.3031	0.1664
1.7170	1.6390	0.1715
1.7130	4.1460	0.1922
1.7030	0.6343	0.1876
1.6980	0.9666	0.1717
1.7080	3.8210	0.1682
1.7250	2.2300	0.2261
1.7290	2.7510	0.1989
1.7270	2.5350	0.2164
1.7790	1.6900	0.2542
1.8310	0.8869	0.2828
1.8480	2.0440	0.2753
1.8870	0.5697	0.3058
1.7090	3.3460	0.1583
1.7800	2.3680	0.2204
1.8370	1.2550	0.2450
1.7590	1.9710	0.1942
1.8740	1.9880	0.2771
1.6630	1.0130	0.1877
1.6510	3.6590	0.1246
1.7020	1.2610	0.2639
1.6990	0.5624	0.2617
1.6970	0.8421	0.2314
1.6940	0.3927	0.2618
1.6380	0.1142	0.1810
1.6630	3.1330	0.1032
1.6770	2.6930	0.1221
1.6590	0.4677	0.1070
1.6200	3.7610	0.0934
1.6200	0.5584	0.1377
1.5450	0.9235	0.0490
1.6530	2.6360	0.1635
1.5880	0.6904	0.1764
1.5270	2.1700	0.0815
1.4190	3.2290	0.0285
1.3270	1.8640	0.0023
1.3260	0.5378	0.0015
1.6750	2.2570	0.2669
1.6620	1.5590	0.2600
1.5440	2.9950	0.2514
1.5270	1.8970	0.2282
1.5980	3.0130	0.2469
1.6530	3.4820	0.2500
1.6240	2.3500	0.2411
1.4790	2.3010	0.1811
1.4030	1.1050	0.1294
1.4690	0.4539	0.1863
1.3350	0.6334	0.1044
1.2860	0.0822	0.0529
1.3340	1.3410	0.0830
1.2980	0.2752	0.0701
1.0370	0.4893	-0.0019
1.2240	0.2405	0.0687
1.5460	2.3350	0.2037
1.5860	1.8050	0.2118
1.4940	0.8747	0.1953
1.4100	0.3209	0.1418
1.2180	0.9799	0.0650
1.4970	1.9170	0.1542
1.0580	0.4120	-0.0135
1.3280	1.7260	0.0724
1.3890	1.7270	0.0534
1.1980	0.8585	-0.0517
1.4610	1.6570	0.1493
1.3480	0.8219	0.1214
1.5000	1.1900	0.2203
1.4940	2.9760	0.1834
1.4980	1.9060	0.1862
1.4940	0.5794	0.2073
1.5030	1.2550	0.1871
1.5350	2.2750	0.2769
1.5060	2.7460	0.2512
1.6780	1.8750	0.2661
1.6050	1.5730	0.2814
1.5400	1.4010	0.2912
1.5690	0.8736	0.2891
1.4880	1.6790	0.2887
1.4790	2.1830	0.2306
1.4750	1.9970	0.2170
1.4880	2.5050	0.2415
1.4690	1.9740	0.2634
1.4670	1.4350	0.2774
1.4550	2.1520	0.2281
1.4710	2.9750	0.1978
1.4800	0.7289	0.2818
1.4640	1.3380	0.2567
1.4680	1.0730	0.2321
1.5160	0.1546	0.2296
1.4890	0.6082	0.2055
1.5750	0.2908	0.2451
1.5710	0.7225	0.2224
1.5420	1.1690	0.2787
1.5240	0.9586	0.2669
1.6470	1.6450	0.2438
1.7410	2.1000	0.2424
1.7440	0.0096	0.2347
1.6390	2.0440	0.2698
1.5860	1.2620	0.2786
1.6870	2.6370	0.2623
1.7070	2.2170	0.2632
1.7460	2.9370	0.2500
1.7320	0.5771	0.2467
1.7990	0.8229	0.2387
1.6450	1.9210	0.2585
1.7300	1.6540	0.2494
1.7730	3.1000	0.2284
1.8230	1.5040	0.2198
1.8440	2.0420	0.2247
1.7920	1.4580	0.2107
1.8050	0.5361	0.2016
1.8030	0.4950	0.1971
1.6570	0.0349	0.2154
1.5860	0.0671	0.2004
1.8280	0.7559	0.2252
1.8070	0.8196	0.2248
1.7840	1.8360	0.2150
1.7890	1.8130	0.2090
1.7420	0.8106	0.2200
1.8350	2.3170	0.1956
1.8370	1.8320	0.2132
1.7970	1.1150	0.1952
1.8150	2.0940	0.1914
1.8090	2.2850	0.1794
1.8130	3.3790	0.1884
1.7770	2.9810	0.1754
1.7690	2.4350	0.1859
1.7440	1.8260	0.1990
1.7930	2.9080	0.1932
1.7510	2.2080	0.1721
1.7520	0.9263	0.1822
1.7460	0.4207	0.1922
1.7480	2.3950	0.2071
1.7960	1.6330	0.2085
1.7720	3.5550	0.1902
1.7840	4.7960	0.1991
1.7640	0.4554	0.2222
1.7680	1.5910	0.2035
1.7820	2.8630	0.2330
1.7550	3.3410	0.2286
1.8330	3.3720	0.2085
1.8200	3.2650	0.2270
1.8460	1.2780	0.2300
1.8810	2.6750	0.2223
1.8470	1.6590	0.2227
1.8220	0.9838	0.1972
1.8430	2.6240	0.2006
1.7990	1.2480	0.1949
1.8080	2.4240	0.1946
1.8260	2.5780	0.1963
1.8860	2.3020	0.2171
1.8940	2.0410	0.2191
1.8630	1.5490	0.2109
1.8690	0.4597	0.2115
1.8490	5.2480	0.2056
1.8970	1.0260	0.2187
1.9110	1.2970	0.2176
1.8670	1.6000	0.2156
1.8910	2.0490	0.2196
1.9430	1.3410	0.2196
1.7950	1.3600	0.2157
1.7400	2.5700	0.2177
1.8640	0.2529	0.2213
1.8340	2.1590	0.2122
1.8250	2.4230	0.1972
1.8670	1.6890	0.2042
1.8000	0.7513	0.1865
1.9430	2.2550	0.2164
1.9170	0.7731	0.2172
2.0030	3.9960	0.2265
1.9820	1.8090	0.2207
2.0160	1.1380	0.2263
2.0520	0.7218	0.2521
2.0370	0.5493	0.2458
1.9400	1.8500	0.2240
1.9110	1.3960	0.2290
1.9230	1.6860	0.2204
1.9950	1.1660	0.2354
1.9830	0.6188	0.2722
1.9030	0.7605	0.2671
1.8390	0.7387	0.2421
1.9110	1.4660	0.2959
1.9050	0.6929	0.2803
1.8660	2.9150	0.2775
1.8450	1.8410	0.2716
1.8370	0.0886	0.2663
1.7110	3.3650	0.1985
1.7450	2.2490	0.2085
1.7410	2.2520	0.1836
1.7130	1.3540	0.1852
1.6730	3.0600	0.1809
1.6390	4.2110	0.1693
1.7560	3.6650	0.1746
1.8050	0.7733	0.2512
1.7740	0.7200	0.2125
1.8080	1.7200	0.2599
1.8120	0.8956	0.2654
1.7740	1.5470	0.2571
1.7260	1.7300	0.2608
1.7240	1.6090	0.2376
1.6290	0.9009	0.1694
1.6560	3.5360	0.1697
1.7000	1.2040	0.1891
1.6720	1.3060	0.1940
1.6720	2.6050	0.2049
1.7300	2.4020	0.1788
1.7790	2.0190	0.1920
1.6730	1.8810	0.2232
1.6870	0.1817	0.1867
1.7600	2.7770	0.1946
1.7380	0.3928	0.2036
1.7930	1.3360	0.2178
1.5800	0.1281	0.1929
1.5120	0.9841	0.1908
1.7560	0.4046	0.2257
1.6680	0.1831	0.2099
1.6110	0.6328	0.2064
1.6860	1.7810	0.2270
1.6240	1.5040	0.2066
1.7820	0.2488	0.2013
1.7720	0.4235	0.2198
1.7810	4.8550	0.1886
1.7880	2.2750	0.1909
1.8010	2.0040	0.2001
1.7540	1.4890	0.2493
1.7390	2.4250	0.2569
1.7650	0.1392	0.2337
1.7920	0.9465	0.2333
1.8110	1.2580	0.2169
1.8070	1.9530	0.2615
1.7620	2.6580	0.2594
1.8230	2.7520	0.2337
1.8230	0.6707	0.2380
1.8070	0.6031	0.2377
1.4790	2.7320	0.1871
1.6440	2.2840	0.2127
1.5260	3.0360	0.1907
1.4910	3.1090	0.1863
1.5090	1.2490	0.1882
1.7480	1.5630	0.2574
1.6950	2.5750	0.2421
1.7460	1.8870	0.2254
1.7870	1.5330	0.2465
1.7490	0.3586	0.2425
1.6960	3.1790	0.2158
1.7080	2.9080	0.2200
1.5580	0.6385	0.1998
1.5150	0.5659	0.1885
1.6290	1.3880	0.2198
1.6470	1.1940	0.2158
1.6700	2.8490	0.1933
1.5040	2.0130	0.1748
1.4890	0.2126	0.1544
1.4860	2.4520	0.1654
1.4410	1.1710	0.1409
1.3190	1.0910	0.0998
1.2930	0.3052	0.0819
1.2660	0.1422	0.0574
1.4440	1.0250	0.1456
1.2700	1.0170	0.1098
1.1250	0.5261	0.0711
1.0480	0.4247	0.0752
0.7970	0.6315	0.0544
1.6630	4.3130	0.2100
1.6060	3.3000	0.1834
1.7260	0.7009	0.2094
1.6950	1.3970	0.2130
1.6250	3.5230	0.2054
1.5830	0.4618	0.2120
1.4990	0.0631	0.1944
1.2190	0.6780	0.1183
1.1420	0.8281	0.0870
1.4080	0.5677	0.1533
1.3850	0.2571	0.1620
1.3970	0.6053	0.1774
1.2210	1.0840	0.1137
1.0470	0.2574	0.0706
1.4620	0.9030	0.2214
1.3660	0.2822	0.1682
1.2990	0.2375	0.1619
1.3980	0.7715	0.2076
1.3420	0.4310	0.1697
1.4750	0.1436	0.2334
1.4880	2.5620	0.2391
1.5420	0.3119	0.2495
1.5110	1.2940	0.2397
1.5440	0.5494	0.2435
1.5970	0.4621	0.2443
1.5570	4.0790	0.2444
1.6240	0.2420	0.2255
1.5630	0.6704	0.2403
1.6830	3.3810	0.2051
1.6540	0.8380	0.2304
1.6740	2.1650	0.2563
1.6420	2.3060	0.2530
1.6470	1.5490	0.2424
1.6110	0.1988	0.2613
1.6600	1.5690	0.2635
1.6900	1.6730	0.2627
1.7260	1.3080	0.2437
1.7060	1.5520	0.2473
1.7230	1.3050	0.2575
1.7680	1.5850	0.2517
1.8070	1.6480	0.2551
1.5230	0.5241	0.2591
1.5110	4.6930	0.2510
1.5960	1.9720	0.2589
1.5290	2.0870	0.2549
1.5500	0.1545	0.2694
1.6280	2.7450	0.2872
1.6360	5.3610	0.2935
1.7470	1.8390	0.2649
1.6690	2.2480	0.2646
1.8330	0.1976	0.2679
1.7990	1.5760	0.2660
1.8020	1.3720	0.2889
1.8280	2.3690	0.3047
1.7980	3.5750	0.3014
1.6020	4.3330	0.2976
1.6670	5.0910	0.3069
1.6260	1.0280	0.2841
1.6920	1.6830	0.2990
1.7820	2.6370	0.3068
1.8220	2.0340	0.3184
1.8170	0.7536	0.3112
1.8600	2.0250	0.3293
1.8040	0.1073	0.3231
1.8690	3.1510	0.3374
1.9150	2.6770	0.3609
1.9180	2.6960	0.3462
1.9280	2.4550	0.3749
1.9510	2.9540	0.3768
1.8730	1.3000	0.3328
1.8950	0.1961	0.3536
1.9160	0.5414	0.3721
1.8920	0.7805	0.3341
1.9200	1.3680	0.3424
1.8580	1.3990	0.3089
1.8630	0.5163	0.3203
1.8560	2.6530	0.2901
1.8770	0.1310	0.3098
1.9030	1.4270	0.3126
1.8810	0.8200	0.3242
1.9360	0.9694	0.2994
1.8710	0.0119	0.3294
1.8650	0.4161	0.3202
1.9670	0.9533	0.2907
2.0080	0.4773	0.2694
2.0330	1.3460	0.2705
2.0480	0.1933	0.2607
2.0530	0.8853	0.2430
1.9980	4.1190	0.2327
1.9030	0.1518	0.2991
1.9300	1.5320	0.2837
2.0040	1.4970	0.2691
2.0350	0.0730	0.2578
2.0390	0.1391	0.2675
1.9770	1.8680	0.2602
2.0140	0.0822	0.2492
2.0030	0.9170	0.2965
1.9900	1.0750	0.3196
2.0160	1.1880	0.2776
1.9710	1.6690	0.3618
1.9740	3.2800	0.3602
1.9470	1.4260	0.3361
1.9560	3.0790	0.2960
2.0850	0.2042	0.2440
2.0350	1.9990	0.2441
2.0530	1.2910	0.2556
2.0550	1.2160	0.2600
2.0460	2.9230	0.2641
2.0490	0.6571	0.2427
2.0820	1.6210	0.2487
2.0080	2.6370	0.2389
1.9100	1.0260	0.3125
1.8780	1.5270	0.2967
1.9160	1.5060	0.3190
1.9460	0.9372	0.3001
1.9450	0.3828	0.2755
1.5670	0.3304	0.1923
1.7510	2.1400	0.2575
1.3050	0.5331	0.0094
1.4490	3.1050	0.1095
1.5860	0.4304	0.2074
1.6510	1.0430	0.2013
1.7160	0.4642	0.2417
1.8810	0.2630	0.2847
1.9580	0.7740	0.2784
1.7880	1.5780	0.2975
1.8290	0.8365	0.2698
1.9030	0.0241	0.2740
1.9950	0.7351	0.3096
2.0180	0.8374	0.3017
1.9900	0.0868	0.3104
2.0010	0.9442	0.3415
1.9770	1.7260	0.3505
1.1700	2.0500	-0.0528
1.3120	0.9358	0.0391
1.1300	1.5980	-0.0260
1.6330	4.8300	0.0710
1.4680	1.7230	0.0430
1.6180	2.3950	0.1319
1.8560	2.1020	0.2137
1.5150	3.2510	0.1045
1.6330	6.3530	0.2379
1.6950	1.3480	0.1660
1.4600	1.9140	0.2087
1.5680	6.6830	0.2616
1.6530	3.6380	0.2878
1.8020	3.0340	0.2935
2.0080	2.8310	0.2614
2.0310	0.6321	0.2874
1.8610	0.6038	0.2222
1.9200	3.0330	0.2839
1.9100	3.6610	0.2988
2.0570	1.0560	0.3194
1.9850	2.5710	0.3121
2.0040	1.5230	0.3330
1.0530	0.1693	-0.0844
0.8728	0.0752	-0.0660
0.9782	1.6450	-0.0792
0.9486	2.0280	-0.0681
0.9374	1.0890	-0.0343
0.8833	0.8529	-0.0193
0.8029	0.5840	-0.0469
1.0710	0.6413	0.0225
0.7719	0.8970	0.0120
0.6806	0.6703	0.0173
0.7790	0.0987	-0.0247
1.0310	0.4607	0.0048
0.7036	0.4665	-0.0449
0.6945	0.5310	-0.0052
0.8166	0.3236	0.0324
1.1970	0.2080	0.0783
1.0690	0.8084	0.0683
1.2910	0.0470	0.1307
