2.0150	0.4579	-0.0031
2.1840	2.1840	0.1598
2.2470	1.9000	0.1562
2.4770	2.1280	0.2036
2.6780	0.8035	0.1772
2.0070	0.3882	0.2260
2.2800	0.9238	0.2146
2.3340	0.7973	0.2095
2.1790	1.4160	0.1435
2.1540	3.1740	0.1505
1.4970	1.7590	-0.0731
2.1870	1.8670	0.1874
2.1020	2.2910	0.1559
2.2240	3.5120	0.1863
2.3420	4.2070	0.1584
2.1670	0.3985	0.2013
1.9930	2.6200	0.1088
2.0430	0.4764	0.1308
2.2280	0.7365	0.1097
2.0730	0.2722	0.1834
1.5690	0.3240	-0.0792
2.5700	0.1561	0.1823
2.2410	2.0290	0.1490
2.2060	0.3220	0.1865
2.0500	1.2670	0.1378
2.8780	3.5490	0.1507
2.6180	4.0460	0.1659
2.2960	4.8130	0.2018
2.7890	3.8110	0.1703
2.6280	3.3380	0.1671
2.3710	2.4180	0.1266
2.2600	2.9050	0.1415
1.9610	3.3210	0.1225
2.0740	0.9473	0.1292
1.2680	0.2392	0.0392
2.3150	1.3350	0.1905
2.2690	0.8289	0.2013
2.2320	0.5123	0.2060
2.4980	3.7710	0.2323
2.8300	1.9410	0.2310
2.4080	1.6700	0.2018
1.7870	1.0390	0.0467
2.2810	1.8120	0.1444
2.1790	1.8000	0.1505
2.3520	5.2780	0.1506
2.1210	3.2880	0.1679
2.1650	3.4500	0.1899
2.1700	5.0200	0.1596
2.3780	4.1760	0.1670
2.3860	3.2520	0.1913
2.4580	2.9440	0.1879
2.2270	5.5860	0.1582
2.2430	0.9763	0.1459
2.2650	0.7828	0.2332
2.2560	1.3630	0.1918
2.2030	3.3250	0.1801
2.0630	3.1310	0.1534
2.1430	1.2090	0.1696
2.0830	2.8050	0.1187
2.2190	1.0010	0.1713
2.0700	1.6600	0.1953
1.9810	1.7160	0.0595
1.9370	4.0890	-0.0253
1.8400	0.5954	0.0027
1.9730	2.9280	-0.0332
1.6630	3.0110	0.2405
1.9150	3.0810	0.1882
2.1160	2.2250	0.0912
1.4200	0.3556	-0.0809
1.9770	1.1860	0.0664
1.9490	1.6780	0.0709
1.6300	0.8504	-0.0977
2.2490	0.5472	0.1741
2.2620	1.1150	0.1221
1.8130	3.6300	0.2099
2.0670	3.7520	0.1941
2.4040	1.1920	0.1747
2.7920	1.1840	0.1798
2.4180	1.2330	0.1570
2.3800	5.3940	0.1930
2.6650	0.7543	0.1863
2.2710	1.7780	0.2178
2.1260	3.9690	0.2014
2.1500	0.0523	0.1538
2.4660	0.3881	0.1498
2.7430	1.2760	0.1469
2.1390	1.7300	0.1507
2.2450	0.5066	0.1430
2.3500	1.4230	0.1446
2.1510	0.5093	0.1367
2.3000	1.0620	0.1317
2.4010	3.2780	0.1423
2.4840	3.5140	0.1508
2.3430	0.2706	0.1548
2.4650	0.7122	0.1744
2.4960	3.3660	0.1950
2.7300	0.6158	0.1704
2.3920	1.6700	0.1549
2.3710	5.2850	0.2107
2.5410	1.2750	0.1904
2.5080	4.0800	0.1888
2.1910	5.3480	0.2097
2.3500	3.9000	0.2050
2.5930	3.2570	0.1493
2.1950	2.2970	0.1472
2.5160	0.7216	0.2034
2.8060	2.3820	0.1682
2.4420	2.5800	0.1393
2.2850	0.6809	0.1400
2.2170	2.3800	0.1321
2.6240	0.6707	0.1450
2.5040	0.1392	0.1494
2.9670	3.8750	0.1162
2.4890	3.0380	0.1260
2.1670	0.1539	0.1405
2.2120	2.6480	0.1387
2.1680	1.2360	0.1488
2.2050	1.3810	0.1469
2.2350	0.1101	0.1371
1.7740	0.8191	0.0524
1.7310	0.9020	0.0493
1.2440	0.3267	-0.0476
2.2180	4.7860	0.1414
2.1160	1.5550	0.1227
1.7890	1.0190	0.0870
1.9140	0.1101	0.1256
1.5640	0.7552	0.0942
2.2670	0.1309	0.1706
2.2540	7.3590	0.1745
2.2830	0.9953	0.1614
2.6120	2.5490	0.1987
2.4800	2.7450	0.2035
2.2750	1.1220	0.1941
2.6730	0.0173	0.2074
2.3230	2.1930	0.2023
2.2830	3.5230	0.2047
2.1700	1.6170	0.2172
2.2220	1.7030	0.2067
2.3210	2.9560	0.2095
2.1910	3.5210	0.1960
2.2510	1.0100	0.2068
2.3150	3.9790	0.2075
2.3170	1.2700	0.2236
2.4330	2.5730	0.2177
2.3010	0.4749	0.2003
2.6570	2.5850	0.2130
2.4970	1.2530	0.2372
2.7450	1.2020	0.2393
2.6480	3.0640	0.2186
2.3530	4.6610	0.1841
1.8050	0.8017	0.0940
2.3520	2.3410	0.1592
2.6400	0.5098	0.2264
2.4650	0.9844	0.2154
1.5430	2.2130	-0.0354
2.3070	1.5790	0.1625
2.4980	5.6010	0.1733
2.6110	0.4436	0.1953
2.4830	2.4280	0.1976
1.2550	0.2752	-0.0631
1.1670	0.3432	-0.0486
1.2930	0.1262	0.0476
2.3050	5.5650	0.1513
2.3170	2.9630	0.1432
2.2970	3.5970	0.1579
2.1790	1.4760	0.1445
2.1330	1.7510	0.1528
2.1930	2.0730	0.1437
2.2250	2.5870	0.1436
2.2460	0.4815	0.1517
2.3190	4.3920	0.1479
2.0710	2.4880	0.1649
2.1340	4.4930	0.1641
2.1140	1.6190	0.1610
2.1780	0.1999	0.1817
2.1780	1.7580	0.1900
2.1670	0.7048	0.1797
2.1930	0.3818	0.1744
2.1760	5.6410	0.1886
2.2690	0.0613	0.1685
2.2600	2.0970	0.1537
2.3330	1.6360	0.1627
2.1830	2.5460	0.1556
2.3020	2.5060	0.1599
2.3790	4.3260	0.1690
2.4190	1.7890	0.1771
2.3990	2.7330	0.1777
2.3530	4.2050	0.1874
2.4840	2.6800	0.1759
2.4990	2.8440	0.1852
2.4550	0.2619	0.1979
2.5170	4.7810	0.1947
2.2390	2.3520	0.1547
2.2900	4.4190	0.1485
2.2010	3.5060	0.1749
2.2140	4.4550	0.1700
2.2640	3.6640	0.1529
2.2740	1.1590	0.1439
2.1530	2.0480	0.1438
2.1740	2.4660	0.2227
2.2170	2.4930	0.2128
2.1880	0.5266	0.1977
2.1770	0.5477	0.2287
2.2710	3.6660	0.2161
2.3210	0.7292	0.2201
2.2070	0.6271	0.1888
2.0500	3.1720	0.1281
2.0980	2.0430	0.1282
2.1720	1.2330	0.1398
2.0840	3.3740	0.1559
2.2160	0.8159	0.1554
2.1540	0.9956	0.1355
2.0180	2.2270	0.1398
2.0400	2.4620	0.1678
2.0020	3.4950	0.1617
2.0180	3.0400	0.1677
2.1350	1.5690	0.1710
2.1890	0.8790	0.1824
2.2000	0.1255	0.1720
2.1930	0.4038	0.1869
1.9680	3.8560	0.1326
2.1410	0.8613	0.1542
2.2120	0.8223	0.1440
2.2110	0.0772	0.1052
2.2340	2.8580	0.1468
2.0720	2.4300	0.1420
1.9760	1.7590	0.0626
1.9940	2.4760	0.2172
2.3000	2.8950	0.1916
2.2040	0.0973	0.1622
2.1340	1.1020	0.1634
2.1090	1.8460	0.1217
1.9920	4.2700	0.0291
2.0160	4.2390	0.0151
1.9570	4.3230	0.0374
1.9510	0.4035	0.0141
2.0680	2.4830	0.0802
1.9550	4.1910	-0.0523
2.0320	3.5600	0.0296
2.0060	0.1578	0.0771
1.9150	0.2798	-0.0014
1.7020	0.7433	-0.0640
1.5910	2.0080	-0.0798
1.5520	2.8210	-0.0628
1.8570	1.9610	0.2344
1.7770	1.9380	0.2318
1.7950	3.4050	0.2147
2.0010	0.6173	0.1939
1.7520	3.9590	0.2254
1.8170	2.8970	0.2108
1.9360	0.9492	0.1600
2.1400	1.8930	0.1447
2.0780	3.3930	0.0721
2.1100	0.0838	0.1422
2.1470	0.5922	0.0331
1.7210	0.0120	-0.0503
2.0270	0.1107	-0.0010
1.8810	0.3800	-0.0188
1.3280	0.3369	-0.0802
1.7500	0.0967	-0.0145
1.9570	2.2490	0.1358
1.9640	0.5295	0.1080
2.0270	0.7912	0.1428
1.9200	0.9150	0.0715
1.7510	0.7149	-0.0118
1.9610	1.6200	0.0520
1.5610	0.9974	-0.0843
1.7940	0.1722	-0.0233
1.8250	1.6150	-0.0508
1.5190	0.7992	-0.0928
2.2560	0.1550	0.1083
2.1190	0.5262	0.0628
2.1540	0.3573	0.1769
2.2550	4.3040	0.1540
2.2260	2.0000	0.1553
2.2530	1.8540	0.1632
2.2160	1.7090	0.1465
1.8000	3.2070	0.2124
1.9840	1.5550	0.1966
1.8970	3.0280	0.2264
1.7270	3.0180	0.2250
1.9240	2.0180	0.2020
2.0780	1.9900	0.1936
2.1710	0.4513	0.1887
2.2870	2.3030	0.1764
2.2820	3.2700	0.1617
2.1990	2.0010	0.1852
2.2550	0.8217	0.1840
2.4430	2.3790	0.1821
2.3830	2.7240	0.1626
2.2630	3.2930	0.1482
2.6310	3.1840	0.1779
2.6040	1.6520	0.1756
2.6260	3.0420	0.1683
2.6850	2.7650	0.1779
2.5960	3.6270	0.1683
2.7730	0.2635	0.1871
2.7160	1.0580	0.1867
2.6500	0.4354	0.1829
2.7750	1.2690	0.1821
2.5190	3.2560	0.1904
2.3060	1.9060	0.1960
2.3720	1.6470	0.1846
2.0900	1.4620	0.2070
2.4280	2.7380	0.1916
2.0250	0.1910	0.2266
2.1810	2.8050	0.2355
2.1410	3.0650	0.2242
2.2420	0.0663	0.2081
2.1560	1.5290	0.1959
2.4190	2.0940	0.2008
2.1700	3.3700	0.2192
2.1410	0.0562	0.2010
2.1480	2.9690	0.1759
2.1450	2.6350	0.1747
2.1650	0.9555	0.1754
2.1530	2.5420	0.1557
2.1730	0.6419	0.1517
2.7270	1.2870	0.1744
2.7130	1.3640	0.1734
2.2480	0.6655	0.1689
2.5600	0.7875	0.1692
2.7320	1.1070	0.1455
2.4010	2.3410	0.1467
2.6980	1.1440	0.1428
2.1490	0.2051	0.1478
2.1800	2.5530	0.1658
2.2180	0.4954	0.1555
2.1170	0.3487	0.1448
2.1430	1.2950	0.1399
2.0480	3.7260	0.1409
2.0760	2.9660	0.1375
2.3420	3.2510	0.1506
2.8500	0.1471	0.1500
2.2730	6.6770	0.1543
2.2450	2.1050	0.1422
2.1450	2.0120	0.1379
2.7480	7.6110	0.1388
3.0080	1.4210	0.1377
2.1600	0.3433	0.1349
2.2620	9.8100	0.1351
2.0500	4.0600	0.1350
2.0890	2.6840	0.1463
2.0910	0.9185	0.1419
2.2010	3.0280	0.1432
2.1980	2.3500	0.1499
2.1190	3.6200	0.1374
2.2220	2.1440	0.1352
2.4700	0.8616	0.1457
2.5650	3.3060	0.1557
2.9150	4.0990	0.1617
2.2430	1.2360	0.1543
2.1560	3.2000	0.1448
2.2880	2.1970	0.1590
2.3600	3.2680	0.1579
2.3560	3.3030	0.1601
2.4680	1.2140	0.1574
2.5330	0.9833	0.1664
2.3130	0.5744	0.1463
2.4100	0.7225	0.1624
2.4030	4.5450	0.1747
2.4640	3.4810	0.1868
2.5080	0.6971	0.1821
2.4370	4.0900	0.1862
2.4740	1.8690	0.1933
2.5030	4.2940	0.2007
2.5580	5.7970	0.1529
2.2700	2.1100	0.1526
2.7290	2.2440	0.1701
2.8440	0.4328	0.1636
2.9310	4.9080	0.1591
2.8230	2.3770	0.1684
2.7040	0.1367	0.1623
2.4820	2.4180	0.1939
2.6820	1.3240	0.1784
2.4400	1.2350	0.2095
2.3950	0.8768	0.2038
2.4120	0.4002	0.2028
2.4930	1.2910	0.2042
2.4440	0.5026	0.1946
2.7580	1.5530	0.1795
2.7930	2.1660	0.1799
2.7240	1.5700	0.1785
2.5960	0.5519	0.1876
2.2710	4.3010	0.1961
2.3510	0.0069	0.1983
2.6000	0.6249	0.1881
2.2040	1.8750	0.2072
2.1920	0.5504	0.2028
2.1690	5.2000	0.2095
2.2510	2.0590	0.2133
2.2620	1.2760	0.2137
2.2880	3.1450	0.1541
2.2050	2.7210	0.1518
2.6910	1.9800	0.1654
2.6150	2.6040	0.1546
2.3110	3.8710	0.1533
2.4020	2.0590	0.1449
2.1770	4.1710	0.1373
2.5720	0.5370	0.1924
2.7180	0.0174	0.1696
2.3530	0.9716	0.2133
2.4660	1.4060	0.2037
2.5600	0.1510	0.1905
2.6650	3.6930	0.1937
2.6340	1.9550	0.1673
2.5380	0.0986	0.1420
2.4170	0.8711	0.1397
2.7580	2.4860	0.1629
2.6830	1.1930	0.1520
2.7500	0.2502	0.1437
2.3180	1.0610	0.1363
2.3870	3.5110	0.1276
2.4170	0.1331	0.1529
2.3400	0.4065	0.1360
2.2240	1.7240	0.1397
2.2010	1.2270	0.1432
2.1690	1.9010	0.1404
2.6870	1.2600	0.1503
2.5740	0.5190	0.1683
2.8290	3.5400	0.1483
2.7020	2.2520	0.1385
2.5710	0.4310	0.1405
2.4430	1.2310	0.1434
2.3740	0.2063	0.1387
2.8150	1.8550	0.1221
3.0470	0.1082	0.1287
2.2660	1.0800	0.1321
2.4920	1.3400	0.1206
2.5150	1.8580	0.1183
2.5450	1.3140	0.1374
2.3450	0.9653	0.1391
2.7740	3.8170	0.1312
2.7480	3.3700	0.1174
2.4890	0.8317	0.1232
2.2420	2.6610	0.1319
2.2060	3.0510	0.1403
2.3220	1.0300	0.1264
2.1790	2.3170	0.1365
2.1730	1.9620	0.1442
2.3910	1.7520	0.1553
2.2040	3.7250	0.1377
2.2710	2.3330	0.1431
2.2330	3.9730	0.1443
2.2170	1.5060	0.1415
2.1640	1.6670	0.1445
2.2030	2.5850	0.1430
2.1820	0.8880	0.1451
2.1650	0.8562	0.1469
2.1590	3.1040	0.1473
2.0800	0.2580	0.1444
2.0550	1.4130	0.1448
2.2160	2.1770	0.1395
2.2130	2.7580	0.1423
2.2090	3.3890	0.1416
2.2120	0.6825	0.1449
2.0120	3.0520	0.1309
2.2660	0.9136	0.1292
1.8390	0.5596	0.0888
2.0090	2.6240	0.1051
2.0740	0.9963	0.0813
1.9600	0.8396	0.0194
1.6160	0.8299	-0.0118
1.6500	0.1026	-0.0449
1.8540	0.8081	0.0898
1.6920	1.0120	0.0386
1.4880	0.5211	-0.0039
1.4320	0.1992	0.0321
1.2030	0.3943	0.0077
2.1440	3.9460	0.1374
2.0040	2.3360	0.1213
2.1940	1.9110	0.1445
2.1870	2.4870	0.1436
2.1830	5.4670	0.1349
2.1650	0.3658	0.1401
2.0940	0.3096	0.1239
1.7660	0.0354	0.0689
1.4900	0.3230	0.0599
1.9320	0.2718	0.0984
2.0380	0.6712	0.1030
1.9570	0.1482	0.1078
1.5680	0.5610	0.0819
1.3350	0.0662	0.0634
2.0430	0.4694	0.1259
1.7840	0.7344	0.1033
1.7210	0.3401	0.1044
2.0320	0.0934	0.1375
1.9540	0.2466	0.1317
2.1210	0.4061	0.1501
2.2690	3.5100	0.1697
2.1850	0.7538	0.1541
2.1100	0.8064	0.1504
2.1920	0.6546	0.1653
2.3110	1.2770	0.1796
2.2460	5.2510	0.1819
2.2030	0.2758	0.1527
2.1810	1.7850	0.1485
2.2460	3.5130	0.1433
2.2520	0.2188	0.1586
2.4250	1.3650	0.1679
2.4340	3.3810	0.1873
2.3710	2.2680	0.1936
2.3330	0.9459	0.1730
2.5060	0.4113	0.1862
2.6230	1.6340	0.1929
2.5500	1.0060	0.2035
2.4470	1.5410	0.1979
2.6990	3.6020	0.2034
2.5300	2.1200	0.2097
2.3870	3.9710	0.2115
2.4670	1.3310	0.1873
2.6240	5.3890	0.1950
2.3010	0.0399	0.1929
2.3330	1.7240	0.1857
2.4080	2.0780	0.1901
2.2680	2.2330	0.2039
2.4140	5.3060	0.2088
2.3780	2.5300	0.2009
2.3090	2.5650	0.2015
2.3160	0.1233	0.2091
2.3420	3.2570	0.2038
2.3080	0.5760	0.2011
2.3010	1.2200	0.2001
2.2650	3.1800	0.2040
2.2390	0.5363	0.2118
2.2000	4.1550	0.2135
2.2530	1.3090	0.2058
2.2220	2.7100	0.2126
2.2230	0.6665	0.2097
2.1280	0.6962	0.2144
2.2000	0.6977	0.2077
2.2110	1.0700	0.2023
2.1730	4.5220	0.2142
2.3150	3.4630	0.2107
2.2790	4.5620	0.2065
2.3470	1.0470	0.2058
2.2100	0.9817	0.1991
2.2430	2.1040	0.2074
2.2540	3.1750	0.1961
2.1990	0.4279	0.1959
2.2040	0.8489	0.1985
2.2290	0.1833	0.2121
2.3350	2.2750	0.2179
2.3490	4.4300	0.2051
2.3010	0.4259	0.1994
2.3080	3.5900	0.2080
2.2600	3.0760	0.2089
2.3130	0.6261	0.2112
2.2260	0.6076	0.2105
2.3700	0.4649	0.2290
2.2250	2.1140	0.2020
2.2870	0.1281	0.2153
2.3650	3.3960	0.2148
2.6580	0.1566	0.2241
2.7460	1.2570	0.2272
2.4650	4.3020	0.2166
2.3890	3.1870	0.2156
2.3530	4.8160	0.2088
2.2220	2.4490	0.1914
2.2160	3.5950	0.1939
2.7300	1.0580	0.2150
2.8730	3.9830	0.2265
2.5020	1.4780	0.2045
2.4180	1.9950	0.1972
2.3920	1.9860	0.2000
2.5720	2.5290	0.2432
2.4540	0.9728	0.2401
2.8100	2.4360	0.2413
2.3280	2.7460	0.2178
2.4390	2.5430	0.2218
2.4820	0.5434	0.2291
2.5720	2.7160	0.2363
2.7140	1.1370	0.2156
2.4140	1.3180	0.2045
2.8620	1.6320	0.2340
2.8250	1.5340	0.2327
2.8550	3.9800	0.2297
2.3410	0.9643	0.2082
2.5280	3.6220	0.2183
2.3250	2.4070	0.2085
2.2400	1.9400	0.1904
2.2460	3.7660	0.1561
2.2530	2.4920	0.1776
2.2920	0.8251	0.1973
2.7890	0.2731	0.2151
2.0920	2.2900	0.0772
2.2340	0.8318	0.1260
1.4280	1.9590	-0.0075
1.7740	1.9870	0.0324
2.0320	0.6907	0.1402
2.2540	0.6817	0.1700
2.3440	0.0586	0.1912
2.7540	0.6948	0.2073
2.7270	2.5090	0.2295
2.3840	1.1600	0.1741
2.6170	1.0830	0.2035
2.5510	4.3660	0.2178
2.5730	3.2350	0.2397
2.5760	1.9630	0.2202
2.5540	4.2400	0.2321
2.4920	4.0450	0.2269
2.3970	0.5938	0.2119
1.4060	1.0460	-0.0496
1.6930	0.3240	0.0376
1.7000	0.8162	-0.0232
2.2530	0.6987	0.1026
1.9780	0.1722	0.0579
2.1150	4.0810	0.1304
2.3000	3.8690	0.1873
2.2330	2.6680	0.1342
2.7100	4.1890	0.2034
2.4800	0.8734	0.1645
2.2800	0.6944	0.1731
2.7310	7.1400	0.2166
2.6320	0.9562	0.2144
2.4310	0.7817	0.2003
2.4520	0.9868	0.1931
2.4870	1.4560	0.2046
2.4190	3.5760	0.1846
2.5200	0.5159	0.1918
2.3950	3.5490	0.1981
2.5010	1.9700	0.2082
2.3960	5.2900	0.1997
2.3960	4.0540	0.2062
1.3670	0.6299	-0.0653
1.3340	0.4715	-0.0874
1.3430	1.5280	-0.0849
1.4000	2.1680	-0.0527
1.3690	0.7206	-0.0337
1.1950	0.4153	-0.0868
1.2390	0.2142	-0.0861
1.2330	0.4534	-0.0847
1.1460	0.4583	-0.0374
1.1800	0.3605	0.0041
1.2490	0.0010	-0.0245
1.5630	1.5080	0.0475
1.2030	0.1296	-0.0610
1.2010	0.2299	-0.0104
1.2210	0.2212	0.0365
1.6590	0.4899	0.1038
1.3950	0.6812	0.0857
1.8670	0.2350	0.1292
1.8560	0.6655	0.0532
2.1160	1.3300	0.1572
1.9120	3.0860	0.1527
1.9810	8.0100	0.1748
2.3430	0.8128	0.1586
1.9260	1.2200	0.1726
2.0150	0.2330	0.2014
2.1070	0.1431	0.2379
2.3680	1.7010	0.1205
2.2380	1.3450	0.1638
1.2920	1.1250	-0.0920
1.7280	2.4610	0.1779
2.1530	1.5160	0.1564
1.6920	4.8800	0.1747
1.7580	6.8980	0.1567
1.9410	1.2800	0.1623
2.0150	1.6740	0.1004
2.0240	0.8090	0.1341
1.7580	1.4020	0.1402
2.4940	2.4190	0.1750
1.4560	1.0770	-0.0590
2.7170	1.0770	0.1612
2.5930	0.5454	0.1636
2.4610	2.1780	0.1537
1.8640	1.7260	0.1543
2.0640	1.5530	0.1390
2.1490	1.2010	0.1529
2.0240	0.2867	0.1847
2.5460	3.2820	0.1755
2.4210	3.7730	0.1976
2.3220	3.1390	0.1338
2.3120	2.5120	0.1377
2.2540	3.5570	0.1335
2.2060	1.2360	0.1533
0.9119	0.0240	0.0620
2.0620	7.8240	0.1973
2.3130	2.5170	0.2372
2.2260	1.1700	0.2258
2.1910	1.6570	0.2216
2.4160	2.7860	0.2109
1.8470	0.8803	0.1857
1.8330	0.9424	0.0067
1.9710	2.9910	0.1307
2.0780	1.8390	0.1603
1.9020	5.8220	0.1382
2.0190	3.3350	0.1677
1.8530	1.7880	0.1771
2.0400	1.7040	0.1614
1.8920	4.3450	0.1621
1.7100	4.9880	0.1697
1.8290	3.4260	0.1692
1.9350	5.1630	0.1574
1.9950	0.7254	0.1267
2.0050	0.1479	0.1694
2.2520	4.5980	0.1524
2.0630	3.0210	0.1380
2.1400	2.6400	0.1508
1.8620	3.4780	0.1654
1.7500	4.2990	0.1277
1.7390	0.8738	0.1770
1.9520	0.0998	0.1696
2.0690	1.1370	0.1040
1.8300	1.7820	0.0017
1.8630	1.4580	0.0509
1.6630	0.0420	-0.0255
1.8580	2.3250	0.1918
2.0070	2.7700	0.1780
2.2870	0.0676	0.1021
1.1860	0.2656	-0.0363
2.1590	0.1107	0.0890
2.0850	1.1020	0.0977
1.4000	0.1924	-0.0841
2.7700	1.6620	0.1628
2.3640	3.8320	0.1382
2.0490	2.3440	0.1703
2.6040	4.0050	0.1777
2.8330	3.7730	0.1538
2.9620	2.1500	0.1524
2.5470	2.2650	0.1605
2.8080	0.7645	0.1542
2.4420	0.7087	0.1491
2.2630	3.3550	0.1594
2.0340	1.4170	0.1559
1.9850	3.8620	0.1562
2.2310	6.5930	0.1519
2.1340	2.3370	0.1451
1.9410	1.7650	0.1487
2.0270	1.6280	0.1603
2.1790	1.0430	0.1601
1.9720	2.6830	0.1715
1.8650	5.6290	0.1556
1.9150	1.6470	0.1560
2.4210	2.3350	0.1508
1.7010	2.9750	0.1417
1.6670	11.6100	0.1540
1.9200	3.9660	0.1726
2.5250	0.9242	0.1573
2.4400	0.2112	0.1471
2.1160	2.0870	0.1856
2.6410	0.9731	0.1738
2.3560	2.8580	0.1748
1.8790	4.7350	0.1928
2.1180	2.8770	0.1917
2.1430	3.4230	0.1395
2.1620	0.1007	0.1533
2.2050	1.3570	0.2037
2.6310	0.6094	0.1913
2.6180	3.1810	0.1358
2.3690	1.7360	0.1367
2.5380	3.8680	0.1233
2.0650	3.4830	0.1322
2.3540	1.6240	0.1574
2.1520	3.0740	0.1386
2.3680	1.4600	0.1320
2.3110	0.6172	0.1364
2.3940	2.3070	0.1599
2.2790	2.5650	0.1403
2.3230	0.9922	0.1530
2.3110	1.4930	0.1633
1.8710	1.1340	0.0929
1.7030	0.3318	0.0724
1.2230	0.3597	0.0060
2.2500	3.9470	0.1340
2.0970	1.9510	0.1270
1.7710	1.2230	0.1045
2.0870	1.5220	0.1367
1.6850	1.3930	0.0998
2.3070	0.8764	0.1691
2.0140	5.3440	0.1799
2.3460	0.4978	0.1907
2.3470	1.8760	0.1909
2.4170	3.4380	0.2053
2.2180	2.0590	0.1995
2.2060	6.9810	0.2137
2.0170	3.5500	0.2165
2.3950	1.1370	0.2113
2.3730	0.9008	0.2295
2.3470	2.8720	0.2548
2.2710	0.9090	0.2301
2.2750	2.4860	0.2468
2.1710	3.1240	0.2478
2.1150	0.8692	0.2126
2.0520	2.2470	0.2021
2.3350	3.0700	0.1920
1.9920	0.8592	0.1898
2.1340	2.1370	0.1938
2.2070	1.4630	0.2397
2.2050	0.1537	0.2268
2.0370	0.3917	0.1961
2.1990	3.1490	0.1870
1.6150	1.6200	0.0438
2.0430	1.6130	0.1400
2.3190	1.9210	0.2107
2.0810	0.8693	0.2252
1.3990	1.9150	-0.0569
1.8050	0.0959	0.1118
2.1730	2.0710	0.1558
2.2330	2.0230	0.1904
2.1830	2.1740	0.2030
0.8299	0.3431	-0.0730
0.5353	0.2455	-0.0186
1.1170	0.5511	0.0504
1.9150	4.7240	0.1394
1.9320	4.7400	0.1328
1.8980	3.4130	0.1448
2.0600	1.5630	0.1351
2.1280	2.6850	0.1582
2.0290	3.2260	0.1394
1.9740	5.6530	0.1436
2.0000	0.1606	0.1613
1.9210	5.6540	0.1450
2.1880	1.8920	0.1700
2.0420	3.3910	0.1651
2.2010	3.0720	0.1691
1.7980	1.0910	0.1764
1.7740	2.4270	0.1777
1.9000	2.3250	0.1752
1.8890	3.1360	0.1702
1.8410	2.8050	0.1773
1.8070	0.8789	0.1633
2.0540	1.7640	0.1647
1.9160	2.5040	0.1648
2.1500	3.9470	0.1669
1.9550	3.3840	0.1597
1.7220	0.8579	0.1597
1.8630	0.1536	0.1653
1.7620	4.7190	0.1667
1.6230	5.6990	0.1711
1.7230	0.7483	0.1608
1.8670	0.2989	0.1651
1.9810	5.4200	0.1718
1.9580	1.7120	0.1699
1.9140	4.0920	0.1552
1.9230	3.4230	0.1374
1.9440	6.0630	0.1613
1.9620	3.0420	0.1469
1.9410	2.9870	0.1396
1.9790	1.5830	0.1272
2.0810	1.1270	0.1292
1.9720	2.7950	0.1643
2.1030	3.2970	0.1574
2.0000	0.5308	0.1541
2.0060	1.4210	0.1702
2.1110	1.4020	0.1672
2.1560	1.4980	0.1657
2.1940	0.6014	0.1442
2.1190	1.5040	0.1264
2.0700	0.4270	0.1135
2.0790	1.6530	0.1235
2.1530	2.9830	0.1534
2.0080	0.1428	0.1292
2.0730	0.9104	0.1174
2.1170	3.2920	0.1365
2.1680	5.8500	0.1694
1.9740	3.1970	0.1556
2.1110	3.4960	0.1669
1.9540	4.5020	0.1695
1.7610	1.0200	0.1761
1.7110	0.6004	0.1659
1.7230	0.9788	0.1795
1.8600	4.0610	0.1171
1.7650	3.4310	0.1490
1.7010	1.2530	0.1491
1.7170	1.1640	0.1336
1.7340	0.0376	0.1636
2.2910	3.1340	0.1370
1.9770	2.7110	0.0804
1.9270	1.1300	0.1740
2.1730	2.8240	0.1595
2.1960	2.1040	0.1461
1.9820	0.4188	0.1572
2.0850	0.6960	0.1314
1.7830	2.8370	0.0624
1.7660	4.4200	0.0625
1.8570	0.2739	0.0549
1.9020	3.1470	0.0565
1.9370	0.2618	0.0977
1.7670	1.2670	-0.0265
1.8150	3.5610	0.0630
1.9880	1.4220	0.0953
1.7320	2.6350	0.0259
1.5850	3.3850	-0.0307
1.5450	0.0107	-0.0476
1.3860	2.3080	-0.0724
1.8390	2.7150	0.1811
1.7500	2.9860	0.1863
2.1760	4.0960	0.1889
2.2750	0.4934	0.1787
1.9090	3.8800	0.1903
1.7630	3.5840	0.1828
1.9170	3.3240	0.1643
2.5430	1.0980	0.1489
2.1400	1.1910	0.0904
2.4260	3.3160	0.1496
1.9700	1.7400	0.0704
1.8060	1.0830	0.0115
1.9960	0.9999	0.0363
1.8860	0.2100	0.0146
0.9451	0.1701	-0.0565
1.7510	0.2523	0.0170
2.0920	2.3840	0.1475
2.0370	1.0590	0.1306
2.2320	1.9810	0.1502
2.1190	0.9332	0.0947
1.6320	2.8630	0.0112
2.0090	2.8790	0.0858
1.3870	0.8154	-0.0657
1.7950	0.0074	0.0118
1.8120	2.8890	0.0064
1.3240	0.9726	-0.0952
2.3310	0.4331	0.1187
2.0090	0.7240	0.0946
2.7040	2.0810	0.1679
2.5600	3.4610	0.1498
2.5430	1.9480	0.1546
2.7140	2.3160	0.1595
2.4520	1.6630	0.1617
2.2030	2.8610	0.1862
2.5520	2.5360	0.1815
1.8980	2.7490	0.1729
2.0170	2.5560	0.1811
2.2670	0.2595	0.1780
2.3510	1.2010	0.1664
2.7010	2.7140	0.1701
2.8220	3.7610	0.1598
2.7180	3.4330	0.1583
2.7670	3.2410	0.1704
2.7990	1.6060	0.1639
2.8510	1.4500	0.1586
2.6680	3.8080	0.1542
2.5720	1.0070	0.1623
2.9950	1.7510	0.1546
2.9230	1.8830	0.1524
2.6640	2.7780	0.1551
2.5180	3.5050	0.1549
2.4610	4.0810	0.1612
2.5890	1.8650	0.1523
2.3320	0.5626	0.1530
2.8290	2.4620	0.1564
3.1430	0.5191	0.1529
2.9260	1.8810	0.1513
2.5720	7.7910	0.1540
2.6950	1.5530	0.1498
2.1480	0.9393	0.1632
2.5460	1.2090	0.1603
1.9500	2.9270	0.1676
1.9550	2.9440	0.1653
1.9280	3.3660	0.1622
2.4140	1.2830	0.1556
2.3030	2.1300	0.1543
2.5450	4.4190	0.1568
2.1350	0.6407	0.1574
1.9390	0.3329	0.1619
1.9950	1.7880	0.1573
2.0250	1.4100	0.1537
1.9480	1.7800	0.1622
1.9560	0.2364	0.1599
1.9360	1.6750	0.1580
2.2100	0.6985	0.1472
2.2030	4.5720	0.1540
2.3550	3.6270	0.1536
2.3130	1.6950	0.1478
2.1390	1.4610	0.1440
2.1760	0.2274	0.1483
1.9900	0.2963	0.1362
2.0080	3.2920	0.1562
2.0850	1.1820	0.1556
1.9160	2.3550	0.1523
1.9780	2.5610	0.1550
2.0010	4.6420	0.1548
1.8930	3.3500	0.1464
2.0190	1.9400	0.1594
2.1750	3.6340	0.1618
2.2170	0.5792	0.1516
2.1150	2.6190	0.1617
2.1290	0.9900	0.1656
2.0930	2.9620	0.1618
1.9650	1.7630	0.1571
2.0180	0.0317	0.1482
1.9780	3.1440	0.1645
1.9360	4.9190	0.1625
1.8670	6.5010	0.1654
2.1150	0.4809	0.1685
1.9820	4.1370	0.1641
2.2020	4.3990	0.1630
2.3350	0.4837	0.1566
1.8800	2.0520	0.1575
2.0520	2.1470	0.1668
2.1260	2.4560	0.1552
2.0370	0.0697	0.1521
2.3500	1.5070	0.1522
1.8180	1.5910	0.1421
1.7550	3.6940	0.1449
1.8670	1.4470	0.1440
1.8250	2.1820	0.1414
1.7250	2.3960	0.1477
1.7370	3.3040	0.1486
1.7800	0.2048	0.1536
1.7230	1.4220	0.1481
1.6920	3.9220	0.1469
1.7230	9.1090	0.1542
1.7420	3.1830	0.1658
1.9910	1.6010	0.1647
1.7260	4.6350	0.1664
1.8420	3.1770	0.1719
1.9850	8.3110	0.1746
2.4460	6.8670	0.1474
2.4330	1.2830	0.1541
2.5240	0.5010	0.1548
2.4590	5.2670	0.1472
2.3900	1.7050	0.1467
2.2930	1.9960	0.1622
2.0870	6.8140	0.1477
2.5250	1.4400	0.1742
2.5610	0.3971	0.1627
2.3840	0.9158	0.1803
2.4070	0.6947	0.1789
2.0840	4.3920	0.1810
2.0400	2.7900	0.1870
2.1210	1.8300	0.1789
2.7790	3.1650	0.1692
2.6930	0.0626	0.1765
2.8810	0.0417	0.1650
2.6140	0.8397	0.1743
2.2070	1.9830	0.1770
2.1280	0.6553	0.1802
2.6610	1.6460	0.1837
1.9490	1.2900	0.1894
1.9260	1.4340	0.1811
1.9450	3.2800	0.1876
1.9470	1.4830	0.1999
2.0260	1.1510	0.1965
2.5100	1.9090	0.1521
2.1980	0.7567	0.1611
2.3020	1.6900	0.1534
2.0530	7.8880	0.1440
2.4720	2.6090	0.1467
2.2700	7.9330	0.1412
2.1350	3.6650	0.1426
2.5650	1.4390	0.1945
2.6290	3.8010	0.1832
2.0990	0.6644	0.1989
2.1600	1.9750	0.2010
2.3820	3.7250	0.2044
2.3380	3.9060	0.2055
2.5360	3.7810	0.1988
2.3100	3.8600	0.1381
2.4450	0.8912	0.1354
2.4890	2.8830	0.1636
2.6290	0.9699	0.1639
2.6330	2.8600	0.1651
2.6600	4.8510	0.1276
2.5390	2.0610	0.1282
2.4520	3.0940	0.1740
2.5070	0.2316	0.1316
2.4790	2.0970	0.1204
2.3670	1.6920	0.1204
2.3980	1.9490	0.1200
2.2070	5.6690	0.1527
2.3630	0.7223	0.1611
2.0100	0.7928	0.1295
2.0830	4.0350	0.1381
2.1670	1.9420	0.1460
2.2570	0.9703	0.1354
2.3500	1.9300	0.1485
1.9510	0.4873	0.1460
2.1000	5.2490	0.1377
1.9300	6.0960	0.1512
1.9490	5.0310	0.1430
2.1610	2.6750	0.1389
2.2930	1.9250	0.1306
2.2820	2.6310	0.1308
2.1950	1.4240	0.1312
2.3360	2.8480	0.1347
2.4080	1.2450	0.1361
2.3260	1.7060	0.1320
2.3010	3.5270	0.1345
2.4420	3.6490	0.1310
2.3610	2.1480	0.1259
2.3290	0.6676	0.1285
2.4490	1.5130	0.1610
2.3660	3.5030	0.1511
2.4140	4.0590	0.1574
2.4610	3.4570	0.1613
2.4470	1.0580	0.1637
2.3260	0.4395	0.1457
2.3440	1.5690	0.1443
2.3140	1.7660	0.1266
2.2980	0.1937	0.1405
2.2960	0.0403	0.1528
2.2620	2.8760	0.1482
2.2740	1.4770	0.1552
2.3670	1.3240	0.1635
2.4100	1.4880	0.1668
2.3510	1.6230	0.1568
2.3030	0.1880	0.1607
2.2560	3.6130	0.1492
2.3290	2.2200	0.1564
2.0530	0.8664	0.1141
2.2190	0.5457	0.1353
2.2350	2.0310	0.1173
1.9350	0.1047	0.0738
1.7000	0.1011	0.0439
1.7300	1.5270	0.0229
2.0290	1.0130	0.1029
1.7610	0.9669	0.0734
1.5240	0.6248	0.0310
1.2930	0.7410	0.0544
0.8064	0.1498	0.0375
2.2630	0.0709	0.1305
2.2230	0.4418	0.1298
2.3110	2.3390	0.1227
2.2580	0.8243	0.1269
2.1960	4.7820	0.1294
2.2270	0.3022	0.1490
2.1010	1.9250	0.1320
1.7610	0.3932	0.0874
1.4570	0.8989	0.0785
1.9570	1.5880	0.1050
1.9680	0.4426	0.1084
2.0720	0.3579	0.1277
1.6310	0.9663	0.1008
1.1690	0.3318	0.0792
2.2340	0.7467	0.1500
1.9610	0.7535	0.1262
1.9210	0.0661	0.1163
2.0890	0.9210	0.1386
2.0210	0.3566	0.1233
2.1350	1.3230	0.1515
2.1410	2.2020	0.1706
2.3060	3.9120	0.1704
2.2350	0.4875	0.1537
2.1240	1.4470	0.1651
2.2540	1.3340	0.1760
2.0060	5.8710	0.1884
2.2940	1.8470	0.1668
2.2840	0.3873	0.1755
2.2920	3.5080	0.1373
2.3780	3.4430	0.1758
2.3870	0.6217	0.1975
2.3340	3.5540	0.1810
2.2920	7.6070	0.1872
2.3310	0.5593	0.1848
2.3450	1.7660	0.1957
2.3540	0.7799	0.2024
2.3630	0.0155	0.1934
2.2930	0.4167	0.2035
2.3210	0.9288	0.1988
2.3300	1.5330	0.1966
2.1420	2.3260	0.2039
2.0980	0.5242	0.1943
2.2000	2.3800	0.1962
2.2370	2.9330	0.1995
2.0200	1.0670	0.1935
2.0910	4.6760	0.1981
2.1690	3.5420	0.2115
2.1740	0.1523	0.2200
2.3940	3.1520	0.2090
2.3580	1.4090	0.2061
2.0130	1.1900	0.2072
2.2510	1.6880	0.2111
2.2160	2.1750	0.2166
2.0980	0.9582	0.2246
2.3320	2.5940	0.2236
2.3070	0.6806	0.2165
2.2390	1.7100	0.2304
2.3530	1.6950	0.2075
2.3830	3.2100	0.2172
2.3930	3.7990	0.2310
2.3560	0.9026	0.2403
2.3010	1.2780	0.2327
2.4050	1.5320	0.2514
2.4010	3.3660	0.2448
2.3310	4.8440	0.2413
2.2460	3.7400	0.2446
2.1630	2.1920	0.2316
2.2870	3.0390	0.2556
2.1500	3.6270	0.2467
2.3380	2.2730	0.2493
2.3670	1.5010	0.2584
2.2840	0.5449	0.2561
2.2160	3.0830	0.2302
2.1550	3.5920	0.2371
2.0130	1.0310	0.2188
2.2590	1.5670	0.2323
1.9130	3.7070	0.2084
1.9210	2.2490	0.2028
1.9890	2.6530	0.1971
2.1950	0.6127	0.2185
2.1500	2.0520	0.2132
2.2540	4.6060	0.2273
2.1120	1.6730	0.2044
2.0030	2.4810	0.1937
2.2060	1.6340	0.1972
2.3210	3.7110	0.2043
2.0490	2.7360	0.1931
2.2710	4.0810	0.1882
2.2070	0.6339	0.1796
1.7850	0.1094	0.1830
1.8740	2.9150	0.1825
2.3220	0.4172	0.2010
2.2880	1.1060	0.2056
2.2150	3.1780	0.1914
1.9540	1.7820	0.1838
1.9180	3.7960	0.1842
2.3550	4.6280	0.2265
2.2350	0.2421	0.2377
2.3210	5.1400	0.2217
2.0780	0.1488	0.2415
2.1210	1.8340	0.2444
2.1510	0.3717	0.2393
2.1770	2.6160	0.2260
2.0620	2.6290	0.1937
1.7810	0.7660	0.1865
2.2140	0.5141	0.2100
2.1410	1.3790	0.2114
2.1710	3.5370	0.2082
1.7510	1.1190	0.1864
2.1410	0.2073	0.1950
1.9760	0.0049	0.1831
1.8230	1.0870	0.1869
1.8290	1.9330	0.1705
1.8710	1.0610	0.1865
2.1220	0.1625	0.1923
2.3600	1.5920	0.2035
1.9270	3.7290	0.0697
1.7830	0.0284	0.1340
1.2810	1.9810	-0.0519
1.6190	2.2650	0.0030
1.8520	0.2201	0.0941
1.8580	1.7960	0.1369
2.0810	1.4910	0.1665
2.3290	1.2950	0.1986
2.4160	1.9020	0.2119
2.0410	3.8110	0.1728
2.2770	1.5480	0.1874
2.0910	0.5100	0.2058
2.2430	4.9960	0.2292
1.9810	1.2220	0.2132
2.1580	1.4650	0.2247
2.1290	1.9070	0.2354
2.1110	4.2940	0.2317
1.2020	0.1540	-0.0848
1.5590	0.5103	-0.0067
1.7220	2.3950	-0.0381
1.9170	0.4067	0.0372
1.8510	1.2320	0.0014
1.7850	1.9310	0.0767
1.7800	3.2560	0.1573
2.1790	4.1770	0.1007
2.2510	6.3950	0.1872
2.1870	0.7656	0.1227
2.1370	1.6940	0.1638
2.2330	5.2060	0.2135
2.2360	3.5750	0.2140
2.2230	1.7370	0.2107
1.9840	2.1360	0.1759
1.9350	1.2100	0.1945
2.0660	1.9570	0.1543
2.1900	0.7198	0.1930
2.2720	2.8330	0.2155
2.0940	2.5010	0.2160
2.2580	3.3880	0.2194
2.1680	3.0210	0.2240
1.1010	2.6280	-0.1005
0.8545	0.3304	-0.0932
1.1370	1.6410	-0.1033
1.1120	2.1950	-0.0781
1.2210	1.0450	-0.0278
0.4686	0.3342	-0.0577
0.5558	0.1131	-0.0774
1.1560	0.2549	-0.0236
0.4794	0.3816	-0.0009
0.6581	0.2028	0.0333
0.9376	0.2811	-0.0022
1.5210	1.4090	0.0346
0.7008	0.0294	-0.0474
0.7539	0.0829	0.0162
0.8886	0.0258	0.0530
1.6620	1.9150	0.0883
1.3230	0.8361	0.0823
1.8680	0.4997	0.1140
