1.3030	0.1868	0.0763
1.5670	0.8421	0.2697
1.6530	1.6060	0.2712
1.8630	0.2927	0.3174
1.5870	0.1548	0.3019
1.4330	0.0209	0.2574
1.6760	0.3176	0.3044
1.7150	0.0004	0.3485
1.7020	0.7234	0.2934
1.7190	2.1090	0.3185
1.1760	1.6340	-0.0659
1.6580	0.6608	0.3047
1.6460	3.9040	0.2660
1.7780	0.1537	0.3425
1.7310	4.1410	0.2937
1.6220	0.2843	0.2502
1.4830	2.4420	0.1586
1.4000	0.1297	0.1468
1.5800	0.7147	0.1654
1.4710	0.4337	0.2591
1.1510	0.3218	-0.0110
1.5430	0.5341	0.3113
1.4820	1.0020	0.2794
1.7070	0.2446	0.2881
1.6950	1.9070	0.2962
1.6840	0.4896	0.2698
1.7920	1.6930	0.3029
1.7010	1.0890	0.3202
1.7140	0.7401	0.3202
1.7300	2.3770	0.3192
1.7550	3.8500	0.3327
1.5640	2.1200	0.2706
1.4960	0.9859	0.1816
1.5950	1.0140	0.2197
1.1190	0.8218	0.0424
1.7030	2.1740	0.3369
1.5660	1.6620	0.3520
1.7930	0.4184	0.3717
1.7090	0.2198	0.3426
1.7940	0.9192	0.3153
1.6720	0.9469	0.2788
1.3260	1.3660	0.0988
1.6380	2.4110	0.2474
1.7020	2.1260	0.2869
1.6800	5.3750	0.2784
1.6360	1.8830	0.2994
1.7150	0.7799	0.3282
1.7080	2.1410	0.3239
1.7670	1.7310	0.3273
1.8250	0.1177	0.3361
1.8070	0.7788	0.3135
1.6440	3.6970	0.2537
1.5700	0.4634	0.2190
1.4820	0.1641	0.2585
1.4730	0.9763	0.2183
1.5400	2.9150	0.2190
1.5590	3.7500	0.2190
1.5700	2.0300	0.2633
1.5190	2.1390	0.1820
1.6820	0.6488	0.2776
1.4220	0.0084	0.2338
1.4610	2.4580	0.1147
1.4550	2.0300	0.0001
1.2620	0.8453	0.0086
1.5230	2.7590	-0.0318
1.3840	3.0720	0.2684
1.4330	2.0110	0.2223
1.3320	1.2840	0.1475
1.1410	0.7883	0.0229
1.3680	0.4574	0.1283
1.3830	0.9520	0.0871
1.0990	0.0868	-0.0573
1.5090	0.3974	0.2767
1.4030	2.5200	0.2023
1.4520	1.7170	0.2874
1.4770	2.6200	0.3000
1.5280	2.4440	0.3146
1.6150	0.4779	0.3237
1.5210	1.5510	0.3029
1.6510	0.1408	0.2991
1.6600	0.7225	0.3008
1.5910	1.3600	0.2820
1.6680	1.2420	0.2738
1.6870	1.4320	0.2725
1.6960	0.6216	0.2771
1.6530	0.5745	0.2671
1.6700	1.3940	0.2849
1.7070	0.6647	0.2866
1.6910	1.4180	0.2884
1.7040	0.0024	0.3098
1.6990	3.8790	0.2968
1.7260	0.9769	0.3059
1.7330	0.2261	0.3156
1.6970	0.7513	0.3008
1.7540	0.8023	0.3042
1.8560	1.6070	0.3031
1.7970	1.6250	0.3084
1.7270	1.4380	0.3282
1.8300	0.2173	0.3241
1.8400	0.3875	0.3059
1.7410	1.3950	0.3080
1.6730	2.6640	0.3113
1.6820	2.2900	0.3097
1.7320	0.4536	0.3497
1.7220	2.2650	0.3260
1.6860	0.8843	0.3112
1.6900	1.3860	0.3283
1.7880	3.6760	0.3466
1.7210	1.8020	0.3219
1.7540	1.9890	0.3134
1.6190	1.7170	0.2707
1.5560	0.0544	0.2761
1.7060	1.8120	0.2977
1.6820	0.2804	0.2906
1.6890	1.5880	0.2781
1.4800	2.1990	0.2698
1.6650	0.4953	0.2635
1.5400	0.3918	0.2619
1.4510	0.0904	0.2203
1.2770	2.0790	0.0732
1.3240	1.6460	0.0630
1.0650	0.9407	0.0030
1.6630	3.3170	0.2677
1.5680	2.4360	0.1905
1.4260	0.6901	0.1353
1.5130	0.4294	0.2114
1.3470	0.1487	0.1552
1.6830	0.7975	0.2894
1.6780	4.5400	0.3380
1.6920	1.2940	0.2913
1.7050	2.5380	0.3074
1.6940	0.6059	0.3203
1.7780	1.5760	0.3687
1.7110	5.4580	0.3818
1.6290	0.6658	0.3256
1.6970	2.7020	0.3413
1.7010	1.5720	0.3669
1.5520	1.8970	0.3657
1.7900	6.6350	0.3584
1.5600	0.6107	0.3544
1.6230	1.5300	0.3497
1.6210	1.2630	0.3314
1.6650	0.3920	0.3392
1.8300	0.3030	0.3404
1.7620	0.0009	0.3141
1.8020	0.2770	0.3268
1.7050	0.3287	0.3285
1.7450	0.2285	0.3276
1.8230	0.6322	0.3333
1.7510	1.3050	0.2892
1.2900	0.1248	0.0372
1.6970	1.6850	0.1708
1.7590	0.7062	0.2934
1.7380	1.2380	0.3376
1.1730	1.7180	-0.0379
1.5180	1.6380	0.1895
1.4710	2.8580	0.2361
1.7250	2.7140	0.3387
1.7520	1.1460	0.3413
0.9951	0.1670	-0.0300
0.9650	0.8779	-0.0172
1.0860	0.3030	0.0846
1.6470	4.5900	0.2574
1.6680	3.7130	0.2630
1.6590	3.4130	0.2743
1.6470	3.2590	0.2471
1.6760	3.2960	0.2789
1.6760	4.3190	0.2621
1.6940	5.0350	0.2709
1.7210	2.0040	0.2924
1.7080	6.5550	0.2810
1.6390	1.4390	0.2886
1.6820	2.0590	0.3133
1.6780	0.9556	0.3020
1.6470	0.3960	0.3049
1.6760	0.7345	0.3156
1.6780	0.2668	0.3171
1.7110	0.9251	0.3309
1.7570	0.5199	0.3371
1.7400	1.4740	0.3391
1.7380	0.4692	0.3130
1.7530	0.9901	0.3102
1.7140	0.3528	0.3106
1.7480	2.0740	0.3301
1.7630	1.5600	0.3388
1.7870	0.9623	0.3222
1.7660	2.3430	0.3067
1.8060	1.8680	0.3407
1.7970	1.0290	0.3317
1.8250	1.4910	0.3235
1.8480	0.1578	0.3281
1.8490	1.3860	0.3150
1.6470	1.6660	0.2578
1.6230	3.6810	0.2438
1.6420	5.0950	0.2486
1.6020	4.4010	0.2355
1.6080	2.7250	0.2352
1.6030	1.5560	0.2329
1.6010	2.9570	0.2263
1.5790	1.8220	0.2551
1.5220	1.3710	0.2414
1.5870	2.3580	0.2401
1.4510	0.5409	0.2588
1.4500	0.6356	0.2433
1.4760	0.0398	0.2436
1.4970	0.7428	0.2178
1.4750	3.5320	0.1633
1.4820	2.2980	0.1685
1.5420	1.4940	0.2019
1.6060	3.9970	0.2447
1.5560	1.8940	0.2165
1.5060	1.6220	0.1864
1.5130	3.2180	0.1906
1.5920	1.7950	0.2683
1.5190	2.2090	0.2177
1.5490	1.9920	0.2444
1.6000	1.7960	0.2825
1.6250	0.7222	0.2883
1.6140	0.6389	0.2692
1.6780	0.8031	0.2939
1.4930	2.0540	0.1750
1.5520	1.8650	0.2299
1.5970	0.9392	0.2302
1.5660	1.0250	0.1717
1.6500	0.4125	0.2405
1.4720	2.8060	0.1788
1.4690	1.6120	0.1054
1.4260	0.3013	0.2483
1.4480	0.4958	0.2267
1.4580	0.5313	0.1922
1.4270	0.1032	0.2040
1.4620	2.5420	0.1435
1.4870	2.2500	0.0714
1.4850	2.4260	0.0634
1.4710	2.2520	0.0853
1.4550	0.5627	0.0580
1.4620	3.1330	0.0889
1.4590	2.1670	-0.0233
1.4830	2.0520	0.0426
1.3740	0.8130	0.0751
1.4480	0.5048	0.0259
1.3980	0.4973	-0.0597
1.2020	2.5680	-0.0742
1.2850	2.9090	-0.0653
1.4150	1.0480	0.2636
1.3970	1.8810	0.2519
1.4180	2.6750	0.2697
1.4460	1.1040	0.2440
1.3980	3.0970	0.2515
1.4130	2.8900	0.2376
1.4290	1.3460	0.1902
1.4220	0.5125	0.2101
1.3490	0.8333	0.1310
1.4530	1.7120	0.2067
1.3190	0.3585	0.1077
1.2220	0.6068	0.0414
1.2990	0.7468	0.0738
1.2840	0.3564	0.0625
1.0990	0.7708	0.0109
1.2730	0.4987	0.0558
1.4240	1.3030	0.1672
1.4140	0.1241	0.1268
1.4360	0.0700	0.1948
1.3630	0.9147	0.1138
1.2470	0.3604	0.0345
1.3370	0.0016	0.0570
1.0810	0.0781	-0.0408
1.2240	0.0198	-0.0029
1.1820	0.5551	-0.0443
1.1280	0.5443	-0.0722
1.3750	0.9027	0.1661
1.3300	0.5884	0.1336
1.4950	0.8882	0.2670
1.4380	1.2910	0.2247
1.4460	0.3654	0.2364
1.5000	0.8254	0.2826
1.4590	0.0592	0.2480
1.4230	2.5480	0.2853
1.4660	2.1760	0.2843
1.4320	0.8970	0.2727
1.4180	1.9260	0.2802
1.4540	1.5350	0.2953
1.4880	1.2940	0.2996
1.4970	1.4490	0.3087
1.5140	2.2870	0.3012
1.5030	2.2570	0.3019
1.5020	2.0000	0.2935
1.5050	2.4470	0.3093
1.5320	1.4290	0.3180
1.5190	2.0240	0.3136
1.4860	2.2740	0.2954
1.5680	0.6157	0.3215
1.5600	1.2000	0.3227
1.5610	0.8469	0.3196
1.5800	0.0419	0.3193
1.5620	0.4264	0.3049
1.6340	0.6404	0.3168
1.6140	0.2022	0.3081
1.5860	0.6533	0.3074
1.6320	0.7348	0.3155
1.6680	0.7177	0.3038
1.6870	0.4260	0.2928
1.6820	0.4765	0.2933
1.5050	1.8720	0.2869
1.5540	1.6410	0.2974
1.4720	1.4890	0.2741
1.5450	1.5380	0.2712
1.6240	2.0350	0.2652
1.6490	0.4451	0.2870
1.6950	0.5929	0.2832
1.6020	1.2790	0.2914
1.6360	1.5830	0.2780
1.6560	0.2620	0.2618
1.6890	1.5300	0.2717
1.7040	1.7260	0.2796
1.6760	0.2281	0.2592
1.6750	0.7377	0.2640
1.6580	0.5894	0.2676
1.6270	0.3973	0.2829
1.6170	0.5456	0.2835
1.7130	0.4304	0.2871
1.6730	0.7500	0.2837
1.6600	0.0877	0.2700
1.7210	0.2564	0.2673
1.6970	0.4286	0.2643
1.6880	1.3850	0.2798
1.7130	1.7300	0.2845
1.6580	0.1764	0.2768
1.6700	2.1440	0.2754
1.6890	1.5380	0.2857
1.6830	2.1960	0.2909
1.6970	1.5410	0.2898
1.7040	0.3699	0.2768
1.6830	1.7450	0.2787
1.7220	1.1560	0.2842
1.6980	1.3650	0.2854
1.6940	0.5520	0.2967
1.6950	0.4547	0.2938
1.6920	1.7730	0.2881
1.7000	0.2778	0.3029
1.6940	3.7230	0.2982
1.6940	4.7180	0.3033
1.7110	0.4884	0.3150
1.7080	1.8740	0.3124
1.7160	2.0580	0.3115
1.7190	1.9600	0.3163
1.7040	3.1760	0.3010
1.7160	2.9740	0.3072
1.7370	0.6116	0.3104
1.7540	1.7820	0.3033
1.7730	0.9131	0.3078
1.6790	0.7749	0.2933
1.6900	2.6640	0.2976
1.6710	1.2660	0.2863
1.6910	2.2100	0.2928
1.7160	3.3190	0.2955
1.7390	1.5670	0.3013
1.7690	1.6240	0.3040
1.7070	1.3450	0.3038
1.7220	0.1484	0.2981
1.7410	1.9490	0.2998
1.7850	2.5180	0.3046
1.8150	0.1566	0.3030
1.7710	3.4310	0.3023
1.8200	0.7468	0.3074
1.8700	1.0240	0.3102
1.7360	0.6638	0.3203
1.7220	2.0440	0.3213
1.7930	1.8180	0.3052
1.7660	0.7352	0.3124
1.7470	1.9190	0.3214
1.7610	1.0170	0.3175
1.7370	0.1982	0.3276
1.8650	0.5364	0.3033
1.8470	1.7030	0.3028
1.8700	1.9590	0.3226
1.8770	0.8709	0.3100
1.8370	0.7948	0.3131
1.7640	0.3350	0.3246
1.7620	0.7836	0.3132
1.8020	1.5180	0.3070
1.7510	0.9124	0.3121
1.8420	0.3653	0.3050
1.8020	1.6330	0.3066
1.7090	1.2550	0.3111
1.7100	1.4590	0.3067
1.7010	0.3099	0.3148
1.6910	0.5844	0.3134
1.7000	0.2645	0.3089
1.6790	3.1160	0.3064
1.6650	1.0740	0.3060
1.6730	0.6431	0.3045
1.7250	2.4590	0.3289
1.7210	1.1450	0.3222
1.7140	1.7130	0.3299
1.7300	0.3589	0.3384
1.7320	2.1220	0.3401
1.7500	1.9210	0.3480
1.7340	3.9180	0.3322
1.6870	1.5750	0.3145
1.6930	1.4830	0.3239
1.6790	0.1937	0.3027
1.6840	1.3520	0.3130
1.6860	0.0919	0.3191
1.7060	2.7720	0.3158
1.7040	2.1610	0.3261
1.7510	1.4340	0.3534
1.7640	0.8545	0.3486
1.7100	1.1480	0.3378
1.7280	0.8743	0.3414
1.7490	1.7500	0.3356
1.7810	2.2310	0.3361
1.7670	1.2180	0.3246
1.7430	0.7220	0.3224
1.7670	1.4210	0.3377
1.7550	1.8470	0.3207
1.7160	0.8435	0.3046
1.7080	1.0950	0.3039
1.6040	0.3730	0.2724
1.5670	0.1083	0.2858
1.6800	1.0220	0.2637
1.6280	0.9071	0.2628
1.5880	1.2020	0.2717
1.5810	0.4521	0.2709
1.5460	1.0440	0.2719
1.7090	0.3654	0.2968
1.6900	0.6878	0.2804
1.7100	5.2340	0.3055
1.7270	1.7690	0.3067
1.7390	1.7860	0.3124
1.6510	1.1860	0.2783
1.6180	1.3600	0.2782
1.6790	2.8260	0.2751
1.7020	0.6898	0.2934
1.7470	1.9950	0.3105
1.6840	1.4120	0.2842
1.6180	2.4960	0.2731
1.7330	0.8366	0.3055
1.7080	1.5580	0.2943
1.7020	0.8351	0.2869
1.5200	1.3650	0.2853
1.5050	2.1580	0.2692
1.4980	1.9750	0.2751
1.4490	2.1760	0.2822
1.4690	1.7710	0.2761
1.6260	0.8486	0.2714
1.5310	2.1140	0.2667
1.6980	0.6957	0.2817
1.6820	1.1920	0.2711
1.6110	0.0409	0.2643
1.5740	2.2840	0.2305
1.5050	0.4640	0.2385
1.4700	1.0360	0.2615
1.4630	0.4530	0.2532
1.4950	1.6370	0.2644
1.5200	0.5878	0.2495
1.4320	1.3490	0.1982
1.4140	0.6758	0.2189
1.3270	1.1370	0.1021
1.3690	2.9440	0.1576
1.3440	1.2280	0.1325
1.2990	0.5135	0.0716
1.2320	0.6171	0.0121
1.2090	0.6283	0.0204
1.3850	0.9923	0.0985
1.2610	0.5290	0.0331
1.1750	0.7447	0.0121
1.2060	0.6853	0.0483
1.0430	0.9452	0.0146
1.6170	3.2080	0.2384
1.5250	2.9620	0.1759
1.6970	0.4581	0.2885
1.6620	0.8263	0.2716
1.6270	4.7160	0.2311
1.6280	0.7473	0.2284
1.5720	0.7016	0.1995
1.4000	0.5762	0.1097
1.2780	0.4978	0.0893
1.4620	0.4400	0.1368
1.5170	0.4599	0.1639
1.5170	0.7548	0.1748
1.3380	0.3502	0.1232
1.2030	0.6359	0.0896
1.5640	0.6059	0.2080
1.4390	0.6660	0.1586
1.4120	0.3481	0.1723
1.5480	0.2747	0.2412
1.5000	0.1263	0.2133
1.6110	0.1952	0.2734
1.6320	2.9010	0.3073
1.6470	0.6541	0.2503
1.6260	0.2042	0.2599
1.6600	0.1406	0.2956
1.6820	0.8369	0.3035
1.6960	4.1020	0.3467
1.6760	0.3959	0.2621
1.6560	1.9480	0.2609
1.6950	2.7450	0.2938
1.7060	0.2465	0.2952
1.7170	0.1859	0.3087
1.7020	1.8810	0.3012
1.6920	2.4500	0.3082
1.6870	0.0695	0.2807
1.7110	0.7850	0.3024
1.7170	2.1630	0.3109
1.6990	0.6103	0.3083
1.7010	0.6443	0.3290
1.6980	2.4980	0.3107
1.6920	0.2245	0.3041
1.6780	0.8038	0.3076
1.7340	0.0784	0.3710
1.6390	5.5500	0.3358
1.7450	2.4940	0.3574
1.7560	1.8150	0.3730
1.7840	2.6040	0.3759
1.7850	1.4580	0.3737
1.7690	1.9540	0.3770
1.6730	2.3510	0.3301
1.7230	2.6580	0.3407
1.6780	0.2401	0.3099
1.6550	0.9972	0.3208
1.6230	2.2980	0.3320
1.5910	2.0040	0.3354
1.6020	2.4030	0.3458
1.7530	0.9862	0.3669
1.7770	1.6020	0.3704
1.7300	1.9800	0.3543
1.6640	2.2070	0.3582
1.5950	2.3980	0.3624
1.7420	1.0210	0.3669
1.7880	2.5530	0.3647
1.5320	1.2060	0.3643
1.6320	3.0140	0.3680
1.6910	0.9838	0.3636
1.6400	2.3050	0.3589
1.7390	2.4640	0.3558
1.5690	1.4470	0.3601
1.6270	2.7220	0.3506
1.5380	1.2370	0.3571
1.5250	1.0800	0.3621
1.5670	1.1910	0.3561
1.6350	0.4221	0.3485
1.6560	0.8998	0.3461
1.6180	0.6917	0.3280
1.5730	1.4770	0.3429
1.6520	0.9248	0.3159
1.6630	0.0726	0.3202
1.6590	1.3130	0.3238
1.6230	0.1270	0.3450
1.6900	0.4109	0.3424
1.5720	0.1584	0.3459
1.6360	0.4569	0.3357
1.6870	0.7422	0.3306
1.7570	0.3853	0.3413
1.7720	0.2957	0.3409
1.7370	0.4044	0.3344
1.8230	2.4210	0.3361
1.8540	0.6880	0.3333
1.7220	0.6882	0.3120
1.7420	0.3105	0.3239
1.7980	0.2460	0.3151
1.8080	0.7569	0.3215
1.7870	0.2619	0.3235
1.7980	0.3085	0.3320
1.7950	0.2480	0.3328
1.7530	0.9877	0.3191
1.6880	1.4130	0.3304
1.7840	0.7502	0.3217
1.6740	1.6440	0.3400
1.6890	1.4250	0.3398
1.6910	0.8614	0.3390
1.7190	0.4520	0.3382
1.8190	0.0244	0.3293
1.8210	1.1360	0.3356
1.8030	0.6654	0.3255
1.7870	0.1214	0.3314
1.7840	0.0547	0.3375
1.8310	1.9730	0.3359
1.8280	0.5074	0.3372
1.8400	1.3880	0.3355
1.7180	0.7473	0.3004
1.6410	1.1030	0.2538
1.7030	0.4848	0.2851
1.7430	0.7717	0.3042
1.7810	1.4960	0.3049
1.5770	2.2720	0.0351
1.6150	1.3930	0.1685
1.1860	2.3180	-0.0544
1.4390	1.7340	-0.0267
1.5030	1.2990	0.0748
1.5980	1.2250	0.1764
1.6530	0.0907	0.2303
1.7550	1.0380	0.2909
1.7790	0.7171	0.3050
1.7260	1.5140	0.2596
1.7340	0.3151	0.2616
1.7400	0.8062	0.2850
1.7560	1.0150	0.3147
1.7350	0.0936	0.3196
1.7290	0.8764	0.3157
1.7150	1.4450	0.3346
1.7240	0.7479	0.3471
1.1580	0.9502	-0.0616
1.2400	0.0295	-0.0142
1.2440	1.2660	0.0027
1.3730	2.4410	0.1201
1.2960	2.0260	0.0302
1.3710	0.9181	0.1178
1.5910	2.1390	0.2725
1.4400	2.7420	0.2074
1.6060	1.2980	0.2986
1.4940	1.1960	0.2366
1.5520	1.5130	0.2599
1.6250	6.6720	0.3374
1.7150	0.6213	0.3637
1.7780	2.7020	0.3663
1.6830	0.9434	0.3144
1.7160	0.6427	0.3202
1.6150	0.0530	0.2892
1.7530	0.9870	0.3455
1.7990	2.2230	0.3609
1.7560	1.4420	0.3367
1.7890	3.0040	0.3539
1.7820	3.2510	0.3458
1.0930	0.3066	-0.0597
1.0240	0.0779	-0.0379
1.0310	0.5339	-0.0506
1.0890	2.0730	-0.0385
1.0810	0.4282	0.0028
1.0280	0.9033	-0.0052
1.0130	0.7494	-0.0206
1.0670	0.9068	0.0093
0.9828	0.9793	-0.0061
1.0040	0.9145	0.0026
1.0020	0.4332	0.0070
1.2430	0.1367	0.1223
0.9698	0.8478	-0.0224
0.9869	0.7460	0.0051
1.0550	0.7651	0.0437
1.3070	0.7468	0.1550
1.2060	0.2607	0.1308
1.3880	1.6750	0.1858
1.1480	0.3569	0.0740
1.4840	1.4940	0.2153
1.5550	1.8040	0.2659
1.8430	0.0480	0.3230
1.5940	0.6117	0.3030
1.5650	0.9558	0.2719
1.7180	1.6660	0.3151
1.7520	1.4010	0.3604
1.7170	0.6356	0.3092
1.6750	1.6850	0.3027
1.1160	3.3060	-0.0599
1.5270	0.5569	0.2823
1.5190	3.1970	0.2556
1.8220	2.5940	0.3213
1.6120	5.2460	0.2817
1.6300	0.8444	0.2468
1.3880	2.6620	0.1619
1.5670	1.1260	0.1904
1.4380	1.7550	0.1676
1.4920	1.1220	0.2618
1.0960	0.8207	0.0103
1.5510	0.7197	0.3144
1.4870	1.0210	0.2703
1.6430	0.0159	0.2895
1.6310	1.0900	0.2922
1.6590	0.9493	0.2787
1.6510	0.6462	0.2938
1.8050	0.8243	0.3267
1.7230	1.4680	0.3161
1.7110	2.0450	0.3110
1.7010	1.8440	0.3164
1.5910	1.9420	0.2807
1.4680	2.1640	0.2003
1.6030	1.5740	0.2362
0.8905	0.4107	0.0496
1.7440	2.6100	0.3211
1.5830	2.5320	0.3540
1.8190	1.0010	0.3750
1.7990	0.3827	0.3652
1.7440	0.9285	0.3060
1.5460	2.5600	0.2266
1.1430	2.5460	-0.0146
1.5190	2.3460	0.2482
1.5810	2.6300	0.2792
1.5490	5.0120	0.2736
1.5250	1.9850	0.2795
1.6620	0.7760	0.3040
1.6620	2.0500	0.3017
1.7250	2.0500	0.3106
1.8500	0.4125	0.3298
1.7320	0.5388	0.3095
1.5940	4.6400	0.2492
1.5230	0.1511	0.2244
1.6220	0.5819	0.2627
1.6360	0.4786	0.2325
1.5720	1.7200	0.2168
1.4400	2.9800	0.2135
1.4200	1.9450	0.2418
1.3410	2.7560	0.1787
1.4900	0.1121	0.2585
1.5810	0.7466	0.2509
1.4410	1.5270	0.1387
1.3640	1.4380	0.0382
1.3610	1.9850	0.0903
1.3730	1.0720	-0.0046
1.4870	2.3710	0.2803
1.5000	2.5540	0.2464
1.3120	1.2050	0.1399
0.9386	0.3916	0.0171
1.3690	0.9930	0.1155
1.4660	1.4640	0.1577
1.0660	0.8751	-0.0241
1.4970	0.7999	0.2672
1.3860	2.5940	0.1873
1.5380	1.0360	0.2956
1.4890	2.8890	0.3010
1.5020	2.2260	0.3113
1.5800	0.0112	0.3204
1.5290	1.7770	0.2981
1.6450	1.1180	0.2991
1.6270	0.6448	0.3081
1.6150	1.5900	0.2844
1.6320	2.0360	0.2700
1.5960	1.0900	0.2714
1.6290	0.9901	0.2907
1.6220	0.0446	0.2932
1.5700	1.7770	0.2831
1.6170	0.9057	0.2858
1.6430	1.3810	0.2890
1.6730	0.7689	0.2892
1.6810	1.9340	0.2800
1.6190	2.1470	0.2944
1.6670	0.8214	0.3034
1.5770	0.3005	0.2975
1.6150	3.5350	0.2908
1.7930	1.7480	0.3000
1.7310	0.6224	0.3063
1.6850	0.1232	0.3078
1.8610	0.5109	0.3226
1.7770	0.4221	0.3038
1.7560	1.2330	0.3112
1.7400	0.3123	0.3231
1.7100	1.1280	0.3175
1.7230	2.3490	0.3199
1.6780	1.0870	0.3065
1.7150	1.1290	0.3153
1.6820	1.9160	0.3208
1.7550	3.2640	0.3291
1.7550	0.8442	0.3237
1.7210	2.3390	0.3251
1.6600	0.2826	0.2842
1.5670	1.1490	0.2837
1.6680	0.9398	0.2840
1.6620	1.1480	0.2990
1.6490	1.6980	0.2992
1.4960	1.9080	0.2704
1.6640	1.4820	0.2772
1.4920	0.2488	0.2647
1.4250	1.0300	0.2341
1.1800	0.9506	0.1218
1.2130	0.9627	0.1135
0.9393	0.3413	0.0346
1.7090	2.9860	0.2844
1.5700	1.2540	0.2107
1.3780	1.2610	0.1552
1.4530	0.3248	0.2071
1.1690	0.0253	0.1099
1.7050	1.4200	0.2829
1.6520	3.8530	0.2994
1.7040	0.4574	0.2904
1.7330	2.0320	0.3042
1.7210	1.7490	0.3181
1.7780	2.2120	0.3631
1.6200	4.0280	0.3202
1.6650	1.8350	0.3211
1.6900	1.7850	0.3348
1.7660	1.6360	0.3675
1.6680	2.8670	0.3796
1.8510	3.8100	0.3779
1.6170	1.0990	0.3660
1.6660	1.3720	0.3609
1.6890	0.6520	0.3406
1.7920	0.4822	0.3576
1.8980	0.1924	0.3489
1.6390	0.4754	0.2903
1.7530	0.5124	0.3099
1.7750	0.5377	0.3243
1.7970	0.4835	0.3442
1.8360	0.4408	0.3443
1.6640	1.3230	0.2692
1.2080	0.0274	0.0293
1.5810	0.5243	0.1387
1.6630	0.0513	0.2805
1.8010	1.2850	0.3256
0.9928	0.7647	-0.0741
1.3670	1.4060	0.1051
1.4020	2.0940	0.1729
1.5830	1.5950	0.2966
1.7640	1.5570	0.3275
0.6784	0.0171	-0.0453
0.6014	0.7569	-0.0048
0.9240	0.3470	0.0301
1.5390	3.8770	0.2553
1.5330	3.6870	0.2614
1.5460	2.7260	0.2724
1.5150	3.1030	0.2418
1.5530	2.4610	0.2674
1.5360	3.1570	0.2596
1.5550	3.6930	0.2694
1.6020	3.2630	0.2819
1.5750	5.7270	0.2780
1.5290	2.0240	0.2667
1.5920	2.2160	0.2927
1.5870	1.8960	0.2828
1.5230	1.1360	0.2830
1.5920	0.7965	0.2958
1.6040	0.7572	0.2982
1.6830	0.3431	0.3069
1.7670	1.3130	0.3122
1.7400	0.5216	0.3154
1.6450	0.3403	0.3006
1.6580	0.8290	0.3013
1.6190	1.2170	0.2943
1.6970	2.1350	0.3081
1.7880	0.0982	0.3192
1.7420	1.5790	0.3116
1.6710	2.8180	0.2958
1.8430	1.5620	0.3287
1.8110	1.3270	0.3194
1.8150	1.1670	0.3180
1.8450	0.3140	0.3280
1.8290	1.2280	0.3164
1.5630	3.5170	0.2561
1.5500	3.1670	0.2455
1.6160	4.3650	0.2434
1.6030	3.7110	0.2343
1.5750	2.6370	0.2383
1.5100	0.4018	0.2357
1.4860	2.7850	0.2265
1.6390	1.7940	0.2551
1.6390	1.6700	0.2392
1.6190	1.0630	0.2296
1.5930	0.5406	0.2683
1.6300	0.3376	0.2552
1.6430	0.6484	0.2471
1.6020	0.6194	0.2195
1.4840	1.1620	0.1639
1.4580	1.2090	0.1771
1.4710	1.5620	0.2150
1.4780	3.7750	0.2372
1.5530	1.3080	0.2180
1.4630	0.9211	0.1986
1.4080	2.5050	0.1898
1.4600	2.3260	0.2484
1.3630	2.5610	0.2040
1.4020	2.4230	0.2279
1.4580	2.2010	0.2619
1.4820	0.9444	0.2687
1.4570	0.7337	0.2504
1.5000	0.0749	0.2736
1.3390	2.5850	0.1657
1.3750	2.1650	0.2040
1.4190	1.2180	0.2185
1.3750	2.0780	0.1687
1.4670	0.8339	0.2281
1.5840	0.3218	0.1977
1.3950	3.0160	0.1335
1.5690	1.0500	0.2639
1.6360	1.5650	0.2431
1.6330	0.8862	0.2197
1.6000	0.4945	0.2264
1.5100	0.6837	0.1770
1.3390	2.2030	0.0847
1.3660	2.8520	0.0783
1.3470	0.1501	0.0968
1.3820	2.5260	0.0837
1.4690	0.9952	0.1175
1.3520	0.3871	0.0080
1.4160	2.7740	0.0863
1.4950	0.4135	0.1393
1.3720	1.6530	0.0655
1.2830	3.9460	0.0275
1.2410	0.2111	0.0329
1.1790	3.0130	-0.0488
1.5330	2.0790	0.2784
1.5170	2.2090	0.2683
1.4750	2.5000	0.2769
1.4880	1.0380	0.2540
1.4850	3.0150	0.2673
1.5180	2.6910	0.2533
1.5510	2.6740	0.2290
1.4530	1.0900	0.2087
1.3000	1.1530	0.1193
1.4750	1.1250	0.2049
1.1890	0.0604	0.0952
1.1350	0.5058	0.0447
1.1950	0.8131	0.0665
1.1820	0.3526	0.0544
0.8855	0.3426	0.0053
1.1930	1.7370	0.0660
1.5010	1.8590	0.2070
1.5460	1.7580	0.1937
1.4820	0.3562	0.2131
1.4240	0.4818	0.1519
1.2240	1.2960	0.0632
1.4770	1.8680	0.1392
1.0870	1.8710	0.0101
1.3060	0.0106	0.0811
1.3190	0.2804	0.0753
1.1110	1.6710	-0.0334
1.3450	1.4260	0.1599
1.1860	1.3330	0.1188
1.4950	1.0380	0.2654
1.4480	1.6480	0.2156
1.4320	0.8489	0.2247
1.4930	0.9278	0.2710
1.4360	0.5968	0.2384
1.4760	2.3210	0.2922
1.4830	2.3480	0.2862
1.5440	1.6040	0.2829
1.5090	1.5980	0.2917
1.5020	1.3290	0.3028
1.5440	0.7184	0.3060
1.5180	1.4270	0.3111
1.4950	2.0710	0.2974
1.4960	2.1780	0.2969
1.4910	2.1170	0.2926
1.4980	2.2790	0.3083
1.5250	1.6390	0.3161
1.5120	2.0920	0.3075
1.4950	2.1090	0.2895
1.5670	0.8681	0.3190
1.5380	1.1560	0.3177
1.5530	1.3950	0.3121
1.5930	0.1972	0.3139
1.5750	0.3993	0.3010
1.6110	0.5340	0.3160
1.6110	0.2177	0.3119
1.6000	0.6239	0.3102
1.6140	0.8687	0.3146
1.6560	0.9079	0.3035
1.6570	0.0177	0.2912
1.6600	0.3344	0.2953
1.5730	1.8150	0.2951
1.5810	1.2220	0.3038
1.5770	1.8680	0.2830
1.6160	1.3550	0.2746
1.6380	1.8720	0.2656
1.6520	0.5156	0.2848
1.6420	1.4240	0.2818
1.6220	1.2900	0.2928
1.6430	1.2100	0.2759
1.6340	1.0370	0.2585
1.6130	1.4860	0.2694
1.6140	1.5110	0.2807
1.6200	0.3530	0.2569
1.6010	0.6057	0.2578
1.5720	1.0110	0.2662
1.6210	0.2767	0.3062
1.6110	0.8256	0.2981
1.6370	1.2620	0.2930
1.6400	0.0813	0.2990
1.6310	0.0977	0.2975
1.6370	0.1476	0.2888
1.6380	1.1630	0.2838
1.5980	1.4050	0.2803
1.6210	1.2960	0.2865
1.5570	0.4905	0.2743
1.5760	2.3780	0.2753
1.5930	1.8520	0.2840
1.5930	2.3440	0.2894
1.6220	1.3490	0.2894
1.6300	1.4380	0.2880
1.6440	0.3341	0.2813
1.6270	1.5000	0.2891
1.6300	0.0072	0.2881
1.6450	0.8781	0.2907
1.6650	1.6280	0.2773
1.6600	1.5310	0.2768
1.6560	2.3860	0.2860
1.6620	3.5700	0.2824
1.6800	0.0214	0.2827
1.6790	0.9482	0.2997
1.6870	3.3640	0.2936
1.6720	2.8710	0.2987
1.6700	1.8190	0.3010
1.6220	1.6160	0.2912
1.6510	2.6770	0.2927
1.6510	2.2490	0.2962
1.6330	0.7788	0.2927
1.6640	1.4820	0.2975
1.5670	0.6802	0.2929
1.5900	2.6440	0.2932
1.5550	0.5106	0.2851
1.5660	2.5950	0.2892
1.5900	3.2310	0.2902
1.6080	0.0183	0.2956
1.6220	2.6010	0.2919
1.5950	1.8750	0.2968
1.5970	0.8009	0.2972
1.6150	5.9770	0.2862
1.6580	0.3183	0.2931
1.6830	1.3490	0.2925
1.6530	2.4430	0.2948
1.7230	1.0160	0.3035
1.8300	0.8705	0.3141
1.6780	0.9986	0.3048
1.6700	1.6580	0.3028
1.6950	1.0910	0.3003
1.6940	0.0177	0.3057
1.7080	3.0320	0.3107
1.7350	2.0290	0.3118
1.7220	1.1570	0.3135
1.7850	1.1370	0.2995
1.7200	1.5450	0.2967
1.8580	1.7440	0.3241
1.8470	1.1300	0.3117
1.8420	0.2642	0.3078
1.8310	0.8320	0.3206
1.8060	0.9628	0.3106
1.7530	0.0629	0.3091
1.7360	0.5346	0.3129
1.7480	0.5766	0.3041
1.7760	0.5235	0.3095
1.7830	1.2060	0.3161
1.7300	0.2937	0.3142
1.6990	1.8690	0.3159
1.7720	0.8880	0.3261
1.7540	0.4035	0.3175
1.7310	1.5720	0.3201
1.7220	2.4670	0.3195
1.7220	1.5860	0.3152
1.6760	2.4910	0.3068
1.6760	0.9726	0.3042
1.7220	1.6930	0.3209
1.7200	1.6900	0.3132
1.6900	2.4240	0.3129
1.7180	2.6610	0.3195
1.6810	2.8470	0.3101
1.6780	1.8680	0.3168
1.6990	1.7580	0.3191
1.7230	0.3373	0.3118
1.7080	0.0333	0.3163
1.6750	1.1560	0.3160
1.6870	1.8400	0.3125
1.6730	2.3080	0.3185
1.7380	0.5155	0.3259
1.7330	2.4120	0.3256
1.7160	1.1570	0.3246
1.7260	0.2296	0.3253
1.7480	1.5580	0.3192
1.7410	3.2440	0.3275
1.7160	2.8430	0.3205
1.7550	1.4530	0.3147
1.7650	1.4910	0.3300
1.7480	1.1260	0.3280
1.7380	0.3240	0.3148
1.7210	1.1420	0.3180
1.6040	1.1830	0.2876
1.5810	0.1266	0.2947
1.6640	1.0150	0.2762
1.6210	0.1252	0.2809
1.6000	0.4872	0.2825
1.6260	1.6440	0.2831
1.5740	2.0480	0.2785
1.6740	0.2519	0.2818
1.6660	0.5238	0.2763
1.6830	4.9820	0.2898
1.6850	0.7237	0.2933
1.6840	1.6740	0.3023
1.6600	1.1380	0.2890
1.6320	1.4980	0.2897
1.6690	1.4630	0.2781
1.6710	0.4693	0.2947
1.6850	1.6530	0.3067
1.6660	1.8220	0.3007
1.6060	2.3440	0.2908
1.6930	1.0220	0.3131
1.6940	1.9840	0.3112
1.6890	0.2808	0.3065
1.5430	1.5940	0.2895
1.5430	1.9260	0.2737
1.5270	1.9910	0.2786
1.5020	2.0270	0.2838
1.4800	1.0380	0.2699
1.5510	1.0480	0.2849
1.5400	1.8820	0.2765
1.7040	0.3926	0.2948
1.6380	0.1070	0.2936
1.5690	0.0911	0.2676
1.5800	2.5090	0.2491
1.4900	2.6560	0.2479
1.4670	0.5687	0.2562
1.4460	0.0586	0.2479
1.5020	1.2670	0.2645
1.4490	0.6284	0.2474
1.4180	2.3180	0.2198
1.4020	2.9440	0.2191
1.2810	0.9423	0.1657
1.3620	1.5670	0.1884
1.3230	0.4038	0.1569
1.1660	0.4177	0.0970
1.1220	0.1186	0.0708
1.1110	0.4317	0.0479
1.3440	1.3130	0.1482
1.1870	1.0260	0.1088
1.1090	0.4277	0.0588
1.1360	0.5963	0.0746
0.7936	0.5681	0.0367
1.6430	3.4770	0.2538
1.5200	2.7390	0.1989
1.7220	0.4023	0.3034
1.6860	2.2880	0.2832
1.6620	3.0890	0.2496
1.6580	0.7714	0.2477
1.6010	0.7176	0.2259
1.3060	1.1120	0.1341
1.2510	1.5960	0.0982
1.4330	0.5720	0.1586
1.5100	0.4261	0.1766
1.5290	1.3160	0.1961
1.3000	0.6741	0.1226
1.0450	0.1037	0.0716
1.5630	0.7712	0.2260
1.4200	0.7860	0.1698
1.3220	1.1490	0.1456
1.4200	0.3513	0.1970
1.3200	1.6050	0.1514
1.5910	0.0559	0.2459
1.5630	2.6510	0.2525
1.6490	1.4400	0.2620
1.6370	0.3879	0.2591
1.6770	0.3410	0.2730
1.7280	0.4941	0.2897
1.7150	4.0840	0.3210
1.7050	0.6130	0.2770
1.6590	1.5190	0.2706
1.7330	1.8060	0.3073
1.7360	0.2074	0.3003
1.7250	0.2512	0.3033
1.7290	2.1690	0.2963
1.7490	3.7490	0.3044
1.6960	0.7325	0.2869
1.7190	0.9002	0.3022
1.7150	2.4410	0.3077
1.7410	2.8220	0.3122
1.7350	1.2020	0.3202
1.7150	1.3440	0.3098
1.7340	0.4268	0.3135
1.7130	0.3619	0.3173
1.6550	0.0519	0.3282
1.5630	3.9200	0.2640
1.7530	1.2530	0.3481
1.7130	1.5540	0.3484
1.7050	0.2694	0.3502
1.7960	1.6330	0.3643
1.6920	4.1580	0.3596
1.6830	2.6360	0.3230
1.7440	1.7770	0.3309
1.7050	0.2770	0.3199
1.6790	2.4500	0.3196
1.6360	2.0890	0.3271
1.6270	1.7910	0.3329
1.6210	2.8280	0.3460
1.7960	1.0590	0.3625
1.8360	1.9380	0.3732
1.7760	1.3560	0.3496
1.7260	2.4240	0.3573
1.6440	3.4280	0.3665
1.7970	2.7830	0.3817
1.8640	2.1920	0.3765
1.6130	1.9740	0.3712
1.6970	2.3830	0.3794
1.7480	2.9730	0.3800
1.6850	2.6630	0.3757
1.7740	2.1340	0.3703
1.6220	1.8860	0.3730
1.6760	1.5760	0.3602
1.5860	1.2030	0.3604
1.5970	1.5110	0.3728
1.6070	1.0950	0.3689
1.6880	0.2987	0.3691
1.7050	0.9945	0.3637
1.6650	1.5110	0.3269
1.6070	1.1380	0.3431
1.7070	0.3466	0.3229
1.7440	1.1650	0.3300
1.7710	1.2080	0.3385
1.6920	0.2667	0.3653
1.7930	0.6245	0.3663
1.6380	0.1047	0.3558
1.7150	0.5965	0.3540
1.7910	0.9277	0.3420
1.8780	2.2990	0.3575
1.8720	1.2600	0.3667
1.8490	0.6421	0.3395
1.8820	0.5322	0.3387
1.8770	0.4117	0.3375
1.5750	0.4156	0.2891
1.6640	0.7094	0.2989
1.7220	0.4945	0.2932
1.7550	0.6198	0.3104
1.7210	1.3040	0.3012
1.7460	0.1883	0.3077
1.7880	0.2813	0.3166
1.7520	0.7777	0.3167
1.7850	0.8685	0.3333
1.7790	0.7118	0.3239
1.7710	0.9926	0.3389
1.7620	1.4030	0.3426
1.7710	1.2790	0.3500
1.8110	0.3086	0.3591
1.7930	0.3177	0.3241
1.8340	0.1928	0.3277
1.7850	0.5195	0.3233
1.8080	0.2720	0.3469
1.8400	2.1720	0.3621
1.8710	0.4983	0.3361
1.8820	0.3979	0.3529
1.8920	0.4444	0.3417
1.5570	0.3640	0.2770
1.5450	0.9096	0.2367
1.5420	0.5393	0.2633
1.6570	0.6679	0.2808
1.6940	1.4220	0.2869
1.5450	0.5841	0.0537
1.5450	2.1860	0.1565
1.1030	2.4930	-0.0675
1.3500	2.6540	-0.0129
1.4100	0.6629	0.0427
1.3410	1.0300	0.1022
1.5180	0.4169	0.1795
1.6710	1.0350	0.2748
1.6940	0.8322	0.2945
1.6360	1.2060	0.2388
1.6330	0.1279	0.2353
1.6430	0.1125	0.2544
1.7240	0.5328	0.3055
1.7260	2.1480	0.2878
1.7220	0.0493	0.2901
1.7820	0.3953	0.3155
1.7900	1.9370	0.3472
1.0520	2.8780	-0.0850
1.0730	0.1785	-0.0580
1.0240	2.0050	-0.0537
1.2600	3.2180	0.0315
1.1050	1.7590	-0.0365
1.2150	0.8435	0.0514
1.4990	2.7040	0.1777
1.3510	3.0740	0.0927
1.5320	7.2990	0.2727
1.4180	3.6950	0.1460
1.4690	1.6210	0.1961
1.5450	4.9300	0.2851
1.6210	4.5690	0.3273
1.7290	1.8440	0.3477
1.6040	0.0718	0.2622
1.6730	0.1838	0.2801
1.4860	0.7241	0.2169
1.6560	2.3170	0.3182
1.7940	2.3570	0.3575
1.7970	1.5290	0.3324
1.8490	2.4010	0.3608
1.8410	2.5820	0.3583
0.9821	0.0127	-0.0811
0.7616	0.0388	-0.0399
0.8883	1.7920	-0.0572
0.8538	1.8650	-0.0685
0.8374	1.2790	-0.0391
0.6560	0.7608	-0.0058
0.6369	0.6104	-0.0242
0.9015	0.4666	0.0189
0.6423	0.8004	0.0123
0.6793	0.7671	0.0181
0.7148	0.1142	-0.0136
1.0320	0.5661	0.0003
0.6251	0.5248	-0.0231
0.6678	0.6334	0.0051
0.7941	0.4802	0.0344
1.0880	1.2080	0.0782
1.0240	0.8200	0.0824
1.2370	1.4830	0.1172
