1.7820	0.3759	0.1219
2.3400	2.9070	0.2041
2.3170	1.7670	0.1694
2.3390	2.7610	0.2117
2.3320	3.5650	0.1957
2.2710	0.7922	0.1926
2.7130	3.4350	0.1964
2.3680	2.2620	0.2358
2.2990	0.6811	0.1668
2.2170	3.4040	0.1732
1.6430	0.5109	-0.0194
2.3620	1.7920	0.1983
2.2410	3.4320	0.1539
2.4140	3.3920	0.1722
2.4000	5.7890	0.1923
2.2030	1.7660	0.1725
2.1950	0.5020	0.1529
2.0310	3.0090	0.0523
2.3290	1.6550	0.2007
2.0490	0.0087	0.1727
1.4280	0.0079	0.0271
2.2080	2.7200	0.1974
2.0560	0.4733	0.1858
2.1980	1.0700	0.1986
2.2150	1.9150	0.1737
2.5440	5.1020	0.2059
2.2990	3.8020	0.2066
2.3980	3.4090	0.2032
2.3530	0.8089	0.2107
2.4110	1.2920	0.2036
2.3330	4.0680	0.1519
2.2570	1.9510	0.1989
2.1980	0.7522	0.1843
2.3250	0.6015	0.1844
1.3240	0.2982	-0.0011
2.4510	1.4800	0.2197
2.4800	0.0070	0.1944
2.7760	1.0300	0.1954
2.2790	2.4770	0.2213
2.4540	2.6630	0.1992
2.5880	0.8035	0.2070
1.8380	1.4460	0.0312
2.3090	0.3912	0.1371
2.3680	2.8750	0.1637
2.3760	5.1260	0.1576
2.2560	3.3840	0.1746
2.4870	2.5020	0.1843
2.3010	4.3010	0.1608
2.3250	1.3630	0.1813
2.2810	0.5812	0.1872
2.3290	0.2150	0.2115
2.3420	3.0280	0.1718
2.3180	0.7779	0.1469
2.3230	1.0010	0.1963
2.2900	2.5950	0.1479
2.2860	3.3660	0.1581
2.1540	3.0040	0.1440
2.2690	2.1240	0.1871
2.3050	3.2970	0.1877
2.3190	1.2650	0.2059
2.1060	0.0184	0.1592
2.1720	2.0230	0.0644
2.2350	0.1596	0.1231
1.7430	1.7930	-0.0353
2.1420	0.4361	0.1036
2.0360	3.3210	0.1807
1.9280	3.4600	0.1540
2.0430	0.2535	0.1379
1.4390	0.2469	0.0564
1.9340	1.4280	0.1347
1.8600	2.7150	0.1018
1.4070	2.0490	-0.0606
2.1230	0.2662	0.1734
2.0510	2.3690	0.1709
2.1420	2.5620	0.2007
2.1200	2.5850	0.1873
2.1230	1.0270	0.1863
2.2350	2.1110	0.1940
2.1010	0.6878	0.1881
2.3490	2.3530	0.1978
2.3350	2.7480	0.2026
2.2110	2.6700	0.2010
2.2150	1.9080	0.1707
2.2540	3.0260	0.1847
2.4150	0.4231	0.2087
2.4740	0.9447	0.2061
2.2620	2.4160	0.1762
2.3570	3.0590	0.1875
2.3480	2.3880	0.1930
2.2110	0.5490	0.1819
2.2550	3.3130	0.1925
2.2620	0.8037	0.1727
2.3220	0.6140	0.1744
2.3390	1.8960	0.1812
2.2990	0.1745	0.2120
2.2700	4.1380	0.2146
2.3560	1.9210	0.2095
2.3400	1.1060	0.1646
2.3390	3.1730	0.2129
2.3020	3.5970	0.2168
2.4010	1.9300	0.2109
2.6590	2.9950	0.2001
2.5640	2.6610	0.2061
2.4820	1.3620	0.1597
2.2300	2.2330	0.1675
2.5770	2.4860	0.1910
2.4380	3.0410	0.2209
2.4320	3.5470	0.1445
2.3240	1.4640	0.1543
2.3300	3.6130	0.1542
2.4450	1.9470	0.1956
2.2700	1.2210	0.1941
2.4080	2.5100	0.1857
2.4450	1.4230	0.1794
2.3670	1.8540	0.1933
2.0740	2.0250	0.1954
2.2850	1.0200	0.1877
2.2390	0.5684	0.2106
2.0390	0.3192	0.1933
1.9690	0.3445	0.1653
1.8520	0.7578	0.1474
1.3120	0.3441	0.0603
2.2820	4.7190	0.1788
2.1270	4.4430	0.1807
1.9040	0.9357	0.1068
2.3000	0.6091	0.1392
1.7220	0.3768	0.0271
2.4830	3.0500	0.1700
2.4470	6.7960	0.2965
2.3490	2.4430	0.1893
2.5170	3.5320	0.1798
2.6250	2.0990	0.2042
2.6440	1.3440	0.1890
2.4960	5.4200	0.2408
2.5350	1.5840	0.1918
2.4480	3.6140	0.1776
2.6670	0.0232	0.1792
2.6190	3.2620	0.2305
2.8100	2.0860	0.2120
2.3240	2.0940	0.2265
2.1960	1.7750	0.2351
2.5530	1.0390	0.2102
2.5600	3.8390	0.2251
2.3730	2.2630	0.2006
2.5470	0.6340	0.2004
2.4690	2.1100	0.1881
2.3780	0.3507	0.2127
2.3250	2.1080	0.2075
2.2980	2.4060	0.1884
2.4380	2.4710	0.2073
2.1600	0.6242	0.1428
2.3770	2.4000	0.1861
2.4720	1.2200	0.2026
2.4090	0.5185	0.2293
1.6950	0.1544	0.0071
2.3410	2.8760	0.1396
2.1100	1.6480	0.1462
2.4330	2.8940	0.1431
2.8320	1.7300	0.1940
1.2920	0.2285	-0.0762
1.1950	0.4503	-0.0439
1.4070	0.2223	-0.0512
2.3220	4.8250	0.1506
2.3500	3.3530	0.1393
2.3280	3.8860	0.1611
2.2970	1.9500	0.1403
2.2920	4.0540	0.1579
2.3610	3.2730	0.1444
2.4180	3.9000	0.1498
2.4360	1.7720	0.1765
2.4460	6.1530	0.1671
2.1890	1.2880	0.1689
2.2890	4.8540	0.1713
2.2270	2.3410	0.1600
2.3390	2.2290	0.1920
2.4380	0.8516	0.1902
2.3920	1.9360	0.1808
2.4120	0.3670	0.1691
2.4910	0.8243	0.1778
2.3900	0.1565	0.1583
2.3960	1.2730	0.1746
2.4220	3.6700	0.1943
2.3030	2.0910	0.1645
2.3370	4.1050	0.1611
2.3210	2.8470	0.1675
2.3540	3.1340	0.1925
2.3670	2.8670	0.2076
2.2870	2.7590	0.1701
2.2640	3.6880	0.1736
2.2960	3.6720	0.1907
2.3230	1.5610	0.2013
2.2990	3.5470	0.2075
2.3370	2.5830	0.1731
2.3250	3.3940	0.1500
2.2930	4.3780	0.1648
2.2850	4.4290	0.1604
2.3400	2.8010	0.1540
2.2900	0.2337	0.1380
2.2510	2.4930	0.1364
2.2480	2.9380	0.1816
2.3010	2.7070	0.1777
2.2430	1.4110	0.1724
2.3260	3.0560	0.1968
2.3420	3.8690	0.1857
2.3880	1.2940	0.1816
2.2960	0.9926	0.1540
2.1840	2.3740	0.0826
2.2280	0.9454	0.1101
2.2360	1.0840	0.1344
2.1900	4.5270	0.1476
2.3100	1.2020	0.1521
2.2520	0.7930	0.1299
2.1550	1.2240	0.1431
2.1580	2.3850	0.1667
2.2140	4.3150	0.1679
2.1650	3.4800	0.1675
2.2550	0.0791	0.1847
2.3120	0.9355	0.1965
2.3330	1.7870	0.1979
2.3250	0.3426	0.2088
2.2560	4.6370	0.1736
2.2940	2.6260	0.1867
2.3500	1.9580	0.2037
2.3470	0.2922	0.1881
2.3030	1.6400	0.2141
2.1380	2.2020	0.0559
2.2450	0.8348	0.1532
2.2180	0.9286	0.1808
2.2150	0.4352	0.1335
2.1260	0.8912	0.0762
2.0510	2.3820	0.1181
2.0050	2.2590	-0.0002
2.3140	4.4840	0.1817
2.3220	4.4310	0.1776
2.2770	4.3260	0.1832
2.2540	1.6050	0.1207
1.8990	4.1280	-0.0450
2.1780	1.0950	0.1043
2.2970	3.7860	0.1656
1.9070	0.3547	-0.0115
1.8170	3.1020	-0.0330
1.8040	1.3530	-0.0040
1.6210	1.5910	-0.0513
1.8510	1.6840	0.0275
2.1350	0.3580	0.1893
2.0460	2.0910	0.1748
2.0420	3.1780	0.1797
1.9970	1.1660	0.1653
1.9860	4.2540	0.1713
1.9670	2.3920	0.1596
1.9590	0.2056	0.1279
2.0460	0.9458	0.1514
1.9570	0.9901	0.1350
1.9970	2.6240	0.1575
1.9020	1.0960	0.1227
1.5980	0.0364	0.0915
1.7700	0.4137	0.1016
1.7430	1.2000	0.0995
1.4090	0.1949	0.0364
1.7640	0.2544	0.1033
1.8960	3.5900	0.1301
1.9780	2.1950	0.0927
1.9460	0.9481	0.1493
1.8760	0.8453	0.1275
1.7170	0.0095	0.0818
1.8510	1.8710	0.0447
1.4300	0.3837	-0.0107
1.6410	1.1720	0.0299
1.5520	0.7784	-0.0552
1.4760	0.4225	-0.0651
2.0960	0.4461	0.1521
2.0160	0.3557	0.1495
2.0890	0.1830	0.1756
2.1030	1.4830	0.1605
2.1060	2.2290	0.1740
2.1120	0.6109	0.1800
2.0620	0.6267	0.1814
2.0760	3.3340	0.1863
2.0870	1.6480	0.1827
2.1780	2.1200	0.1971
2.1010	2.3230	0.1937
2.1250	0.1488	0.1930
2.1710	0.0426	0.1992
2.1470	2.6530	0.1924
2.1300	1.3220	0.1815
2.0980	1.7520	0.1860
2.1160	2.4260	0.1801
2.1270	2.5580	0.1828
2.1420	2.9230	0.1914
2.0990	2.9670	0.1856
2.0590	3.2510	0.1887
2.2130	2.7880	0.1964
2.1460	2.6190	0.1901
2.1500	2.0360	0.1887
2.2580	1.5680	0.1931
2.1960	1.6860	0.1909
2.3050	2.3600	0.1966
2.3670	0.8268	0.1980
2.3140	1.3150	0.1977
2.3030	1.5950	0.1959
2.3040	0.6850	0.1989
2.2680	1.7730	0.1946
2.2570	0.0273	0.2028
2.1780	2.0940	0.2036
2.2420	2.4500	0.2014
2.2180	1.5620	0.2011
2.2280	2.4620	0.1967
2.2040	3.5670	0.1833
2.2790	2.3260	0.1872
2.2240	2.7910	0.1853
2.3230	1.5660	0.2002
2.2140	2.2620	0.1839
2.1900	2.3760	0.1686
2.2090	1.5830	0.1755
2.1890	3.5640	0.1913
2.2640	2.3280	0.1672
2.3160	2.2840	0.1810
2.3080	0.4196	0.1782
2.4230	1.6860	0.2062
2.4100	0.7673	0.2008
2.2180	5.1540	0.2052
2.3180	1.5200	0.2073
2.4570	2.0580	0.2117
2.5610	1.4700	0.2112
2.4630	2.2540	0.2093
2.2920	1.5960	0.1875
2.2470	0.2621	0.1956
2.2920	0.2099	0.1738
2.2890	3.2760	0.1808
2.2960	1.1110	0.1821
2.2290	4.2180	0.1727
2.2760	3.4460	0.1748
2.4560	0.1562	0.1981
2.4720	1.7580	0.1931
2.3660	1.9270	0.1971
2.3610	3.3160	0.1857
2.2430	0.0511	0.1856
2.3080	0.2019	0.1962
2.3960	1.8520	0.1919
2.2100	0.2879	0.1777
2.2490	3.8530	0.1861
2.2330	4.6610	0.1828
2.2070	0.3460	0.1781
2.2160	2.2660	0.1741
2.2480	2.9220	0.1712
2.2590	3.6490	0.1690
2.2210	4.2000	0.1718
2.2210	4.2880	0.1763
2.2740	0.9446	0.1730
2.2810	4.7160	0.1950
2.3210	1.1810	0.1982
2.2860	0.2476	0.1731
2.2330	2.7210	0.1718
2.3200	1.4060	0.1693
2.3910	1.6680	0.1727
2.4160	4.7950	0.1930
2.2930	2.5570	0.2026
2.2910	0.8446	0.2082
2.2760	2.2370	0.1752
2.3530	2.0000	0.2027
2.3480	3.5930	0.2111
2.2800	3.7730	0.2154
2.2830	1.2500	0.2155
2.2960	3.9960	0.2169
2.2810	1.8130	0.2165
2.2840	3.1720	0.2163
2.3560	0.5517	0.1611
2.2750	2.4590	0.1615
2.3160	3.6970	0.2061
2.3610	0.1924	0.2001
2.3720	3.9790	0.1877
2.3550	4.8250	0.2066
2.3590	2.6930	0.1835
2.2880	3.4660	0.2157
2.2980	4.0490	0.2133
2.3500	2.1640	0.2134
2.2940	0.5617	0.2160
2.3140	1.0190	0.2168
2.3350	0.3708	0.2051
2.3460	2.5780	0.2125
2.3410	0.2863	0.2132
2.3740	3.5040	0.2140
2.3100	2.8000	0.2125
2.3370	2.2320	0.2143
2.4440	2.7030	0.2067
2.4910	0.8606	0.2091
2.4070	0.9074	0.2171
2.5380	1.6090	0.2020
2.5330	1.4570	0.2037
2.6300	2.7100	0.1966
2.7000	2.7240	0.1967
2.7020	0.0997	0.1915
2.2580	3.8820	0.1645
2.2090	2.1200	0.1731
2.4030	3.3750	0.2004
2.3760	1.3920	0.1702
2.3110	2.7200	0.1610
2.3610	2.6690	0.1476
2.3040	3.5910	0.1567
2.4470	2.0450	0.2173
2.3860	2.7310	0.2171
2.7540	0.8769	0.1901
2.5700	2.7410	0.2039
2.4860	1.4280	0.2126
2.4600	4.0640	0.1972
2.4610	2.2570	0.2106
2.4920	0.4855	0.1429
2.3630	1.0270	0.1453
2.4900	1.2820	0.2003
2.4980	1.9140	0.1892
2.4570	2.5930	0.1811
2.3540	3.1660	0.1423
2.3390	0.8789	0.1550
2.3770	2.6520	0.1821
2.3620	3.0380	0.1466
2.3130	2.3320	0.1468
2.2850	2.4190	0.1565
2.3050	0.5815	0.1625
2.4010	0.8708	0.1976
2.2800	0.6457	0.1925
2.4520	1.6820	0.1997
2.4280	1.4110	0.2068
2.3430	1.1620	0.1994
2.3410	1.8950	0.1949
2.2450	2.6680	0.1952
2.3180	0.9939	0.1952
2.4330	0.7975	0.1867
2.2450	5.2170	0.1785
2.3010	0.9516	0.1825
2.3520	1.8560	0.1812
2.4550	0.5117	0.1833
2.3710	2.2980	0.1879
2.4800	3.1830	0.1832
2.4560	2.0160	0.1765
2.3870	1.9170	0.1663
2.3840	2.2350	0.1808
2.3000	3.4330	0.1987
2.3750	3.0000	0.1647
2.3610	2.4350	0.1744
2.3600	0.3768	0.1845
2.1450	2.3920	0.1904
2.1570	3.7380	0.1972
2.1380	3.1590	0.1924
2.0470	3.9020	0.1910
2.0370	2.3060	0.1932
2.3110	1.1870	0.2104
2.2220	2.7050	0.2060
2.3130	1.9270	0.1779
2.3830	1.7070	0.1949
2.3470	0.3406	0.1940
2.2640	0.8193	0.1912
2.2350	0.5486	0.1897
2.0530	0.0734	0.1940
2.0340	1.6880	0.1865
2.1230	2.6840	0.1996
2.1080	1.7550	0.1995
2.0860	3.5970	0.1880
2.0260	0.1737	0.1858
2.0220	0.2006	0.1712
2.0280	3.8390	0.1806
2.0160	2.9000	0.1682
1.8710	0.0632	0.1423
1.6940	0.3136	0.1264
1.5270	0.0965	0.0897
2.0470	1.2840	0.1699
1.8940	0.6063	0.1549
1.5530	0.3498	0.1111
1.4870	0.3219	0.0831
1.2420	0.3875	0.0174
2.1760	3.5090	0.1816
2.1070	4.1720	0.1770
2.2700	0.1799	0.1656
2.2310	2.0730	0.1760
2.2140	5.8840	0.1823
2.3010	0.9844	0.1815
2.2200	0.6497	0.1774
1.8160	1.5060	0.1284
1.5890	0.2708	0.0597
2.0080	1.7980	0.1684
2.0570	0.1123	0.1593
2.2480	1.5540	0.1626
1.8160	0.4095	0.0696
1.4670	0.0922	0.0023
2.3260	0.5540	0.1603
2.2040	1.0690	0.1356
2.0970	0.2847	0.0997
2.3150	2.7990	0.1441
2.0530	1.1750	0.0990
2.4060	1.9220	0.1582
2.4200	5.4810	0.2717
2.3740	2.9330	0.1766
2.4380	0.9965	0.1554
2.4510	2.9330	0.1950
2.4540	0.5411	0.2093
2.4450	6.0240	0.2442
2.3450	1.2010	0.1846
2.3490	0.0395	0.1856
2.3140	3.1300	0.1703
2.3530	2.6780	0.1843
2.3540	1.5010	0.1934
2.4810	2.4630	0.1734
2.4890	3.4260	0.2026
2.3940	2.0210	0.1813
2.4070	2.3250	0.1828
2.4070	2.9110	0.1844
2.5820	3.5670	0.1949
2.5220	0.9014	0.2107
2.5310	1.9420	0.1833
2.7100	1.1490	0.1916
2.6860	1.8540	0.2024
2.4920	1.2750	0.2441
2.4270	3.2000	0.2893
2.5300	2.8690	0.1895
2.4940	2.7400	0.2118
2.5450	2.1650	0.1994
2.6750	5.1260	0.2080
2.5700	2.7820	0.1873
2.5330	4.2740	0.1880
2.5250	3.4310	0.1850
2.6080	2.2170	0.1991
2.5960	0.7180	0.1913
2.4500	1.4470	0.1819
2.4560	1.0860	0.1887
2.4430	1.6700	0.1780
2.6230	2.5760	0.1882
2.7270	1.9390	0.1960
2.5970	2.1840	0.1836
2.5050	2.1750	0.1708
2.6020	2.2540	0.1822
2.8210	3.2520	0.1962
2.8470	3.5570	0.1907
2.5720	2.4870	0.2136
2.7560	5.0170	0.2123
2.7650	4.2410	0.2284
2.4930	1.7590	0.2382
2.5990	3.3510	0.2328
2.3770	2.1180	0.2380
2.2810	1.9730	0.2371
2.4670	0.8268	0.2136
2.4470	2.3820	0.2251
2.2190	2.0400	0.2359
2.1920	2.1690	0.2263
2.1720	1.5890	0.2289
2.5560	1.9780	0.2002
2.5010	1.6970	0.2016
2.6290	0.7983	0.1991
2.6260	0.8585	0.2113
2.6110	1.8990	0.2121
2.4010	0.3156	0.2215
2.3650	3.1450	0.2251
2.5110	3.9760	0.2145
2.5520	1.8310	0.2186
2.5150	0.4463	0.2088
2.4680	1.6790	0.2156
2.3620	0.6441	0.2119
2.4450	0.8945	0.2068
2.4200	2.4130	0.2078
2.3780	3.5790	0.2069
2.4240	1.5860	0.2039
2.5260	1.8040	0.1997
2.5720	2.0760	0.1991
2.5160	1.0320	0.1982
2.5760	1.0780	0.1961
2.5390	1.1230	0.1886
2.4300	3.6410	0.1769
2.4010	1.8440	0.2012
2.3570	0.1617	0.2100
2.3970	0.1504	0.2010
2.2900	2.3180	0.2298
2.2470	2.0090	0.2256
2.2420	2.1600	0.2247
2.2770	1.3190	0.2175
2.3120	3.3720	0.1869
2.3070	2.1680	0.1748
2.3440	2.8250	0.1951
2.3060	1.9590	0.2043
2.3100	3.4120	0.2079
2.2760	1.2270	0.1844
2.3200	3.3720	0.1936
2.3220	1.7840	0.1941
2.3540	1.9140	0.2105
2.2270	2.8460	0.2057
2.2820	1.6470	0.2082
2.4620	0.0195	0.2089
2.5380	0.3240	0.1970
2.1700	0.5657	0.1686
2.2090	0.6248	0.2017
1.9490	1.3510	0.0666
2.0750	2.2390	0.1217
2.3200	0.3625	0.1641
2.4580	1.8140	0.1829
2.4840	1.2400	0.1940
2.5100	1.0810	0.1996
2.4430	1.6000	0.1981
2.3940	2.2160	0.2023
2.4790	2.3050	0.1972
2.5060	0.4833	0.2083
2.4380	2.3710	0.2031
2.4860	2.0790	0.2225
2.4700	3.7250	0.2140
2.3970	2.8870	0.2173
2.3540	2.1980	0.2317
1.6330	0.4438	-0.0107
1.9970	1.5440	0.0674
1.6930	0.9910	-0.0064
2.1540	3.0340	0.1065
2.0950	2.5380	0.0933
2.2630	1.4490	0.1595
2.5830	4.0960	0.1852
1.9790	1.4120	0.0814
2.2760	1.7550	0.1672
2.2870	2.1880	0.1456
2.2550	1.4550	0.2147
2.4120	4.1710	0.2614
2.4620	1.4340	0.1781
2.6460	3.0360	0.1578
2.6660	0.3428	0.1548
2.7470	0.4528	0.2116
2.3720	2.5510	0.1373
2.6860	0.7665	0.1513
2.8850	2.1820	0.1822
2.6210	2.1310	0.2186
2.7690	3.8480	0.1998
2.5440	1.2110	0.2274
1.4480	2.6310	-0.0553
1.2770	0.0453	-0.0552
1.3320	0.7509	-0.0772
1.4590	2.2930	-0.0500
1.4220	0.7975	-0.0632
1.2290	0.4291	-0.0015
1.2360	0.3280	-0.0278
1.3000	0.3853	0.0447
1.1930	0.4901	-0.0131
1.2300	0.4244	-0.0376
1.2980	0.0233	-0.0687
1.5760	1.4040	-0.0273
1.2240	0.4003	-0.0646
1.2530	0.3070	-0.0574
1.3280	0.2340	-0.0380
1.6830	0.6346	-0.0013
1.5330	0.2640	-0.0275
1.8190	1.1320	0.0481
2.0840	1.7730	0.1456
2.2860	0.1493	0.1351
2.1650	2.6250	0.1579
2.3610	1.6440	0.1993
2.1430	1.8430	0.1843
2.1810	1.8030	0.1954
2.5730	2.5560	0.2115
2.4600	0.2247	0.2349
2.4260	1.2400	0.1675
2.1460	3.1560	0.1837
1.5640	1.9170	-0.0340
2.2140	2.7110	0.1825
2.2520	2.7350	0.1416
2.1960	3.2780	0.1768
2.2730	5.1640	0.1726
2.2190	1.2410	0.1686
2.1190	2.7860	0.0788
2.1960	2.1460	0.1298
2.2640	1.8960	0.1107
2.2790	1.3570	0.1651
1.7750	0.7842	0.0851
2.5050	0.0653	0.1936
2.1000	1.5620	0.1898
2.2240	1.3120	0.1763
2.4670	2.1990	0.1702
2.2520	0.3856	0.1864
2.2440	1.4040	0.1981
2.4890	1.2850	0.2049
2.3890	3.5810	0.1957
2.5920	0.6052	0.1864
2.2200	2.7200	0.1491
2.2790	2.6100	0.1935
2.4280	1.3050	0.1810
2.2730	0.4218	0.1632
1.8460	0.3388	0.0955
2.4040	4.1530	0.1796
2.4600	2.8100	0.1956
2.5360	1.3410	0.1360
2.2800	1.6950	0.2185
2.5730	2.6810	0.2131
2.3820	1.5710	0.1897
1.7300	1.8780	0.0283
2.1620	2.3340	0.1304
2.2430	1.8320	0.1517
2.2070	3.7150	0.1548
2.2510	2.8890	0.1586
2.2050	2.2240	0.1868
2.2480	2.9480	0.1608
2.2430	4.0570	0.1734
2.2500	3.0100	0.1794
2.2780	3.1230	0.1970
2.1430	4.7680	0.1578
2.1860	0.4714	0.1306
2.3760	1.2180	0.1946
2.4490	2.0300	0.1890
2.1440	4.2960	0.1627
2.2340	3.7960	0.1178
2.2120	1.4670	0.1311
2.1360	3.7020	0.0868
2.2310	1.8230	0.1354
2.1540	0.4899	0.1736
2.1390	1.8240	0.1062
2.0010	2.6560	0.0039
1.9250	0.0838	0.0357
1.9730	1.3930	-0.0214
2.1970	1.6300	0.1786
2.2200	2.8300	0.1578
2.0900	0.3259	0.1573
1.8670	0.4058	0.1344
2.1890	2.6730	0.1336
2.1680	0.8232	0.1013
1.4360	1.4490	-0.0155
2.2210	1.2280	0.1803
2.0830	2.8450	0.1748
2.2650	0.9942	0.1918
2.3890	3.4740	0.1756
2.3580	3.7950	0.1827
2.3480	2.7960	0.1825
2.1110	2.7990	0.1862
2.4390	2.8430	0.1873
2.2130	1.3070	0.1888
2.5230	2.5820	0.1905
2.2460	4.9650	0.1616
2.0550	0.8589	0.1612
2.2630	2.3410	0.1890
2.3120	3.6270	0.1919
2.2080	1.4210	0.1619
2.2590	1.8820	0.1668
2.3800	2.4110	0.1873
2.2280	0.2237	0.1838
2.1570	2.5730	0.1965
2.4790	3.9290	0.1684
2.2410	1.3450	0.1662
2.3160	1.4360	0.1683
2.1460	2.9690	0.2021
2.3890	3.8760	0.2057
2.2830	0.1598	0.2016
2.1660	0.4559	0.1665
2.4390	1.7980	0.2076
2.4930	2.6810	0.2108
2.5220	1.2340	0.2084
2.8110	2.6600	0.2204
2.7120	2.3750	0.2076
2.3310	0.2566	0.1531
2.1370	0.7840	0.1760
2.5970	2.8060	0.1906
2.5220	3.6250	0.2011
2.3170	3.4830	0.1491
2.4260	0.8062	0.1571
2.4020	3.4010	0.1505
2.4290	0.1878	0.1835
2.1630	2.6550	0.1870
2.3140	1.7040	0.1917
2.4540	2.3420	0.1766
2.5090	1.2290	0.1826
2.1360	2.7800	0.1950
2.3820	0.9652	0.1853
2.2670	0.1903	0.2040
2.1060	1.3890	0.1953
2.1610	1.5760	0.1775
2.3360	0.8533	0.1570
1.9120	0.4487	0.1434
2.3830	4.4600	0.1705
2.3310	2.9470	0.1862
2.0740	1.0710	0.1354
2.1860	1.3060	0.1240
1.7430	2.2560	0.0848
2.4410	2.3770	0.1625
2.4050	1.2750	0.1346
2.4010	2.8980	0.1782
2.5600	0.5926	0.1815
2.2920	2.2170	0.1935
2.4660	3.6850	0.1467
2.5460	5.6440	0.1478
2.3810	1.2580	0.1905
2.4420	3.7900	0.1833
2.8420	0.4237	0.1954
2.6790	3.5340	0.2177
2.5060	5.2020	0.1661
2.4400	2.4650	0.2138
2.3930	2.1370	0.2331
2.4870	0.6364	0.1953
2.2930	2.9050	0.2138
2.3300	0.8887	0.1922
2.2460	0.8020	0.2080
2.3040	3.6780	0.1986
2.2620	0.3451	0.2001
2.3050	0.4098	0.2021
2.3010	2.9420	0.1895
2.4430	1.8020	0.1962
1.8080	0.3515	0.0682
1.9760	3.2520	0.1457
2.3960	1.7570	0.1897
2.4830	0.6962	0.2187
1.5700	1.1840	-0.0255
2.2720	0.6927	0.1203
2.2600	1.7530	0.1432
2.3650	2.9300	0.1367
2.6100	3.2540	0.1535
1.0150	0.0071	-0.0380
1.3430	1.0700	0.0767
1.1550	0.2385	0.0227
2.1630	4.9340	0.1432
2.1740	4.2710	0.1322
2.1710	3.9750	0.1548
2.1870	2.7310	0.1267
2.2350	2.7460	0.1488
2.1690	2.4880	0.1301
2.2070	3.0660	0.1374
2.2940	0.3602	0.1661
2.2750	5.3140	0.1566
2.2720	2.3680	0.1531
2.2600	3.9010	0.1618
2.2850	2.9780	0.1564
2.2320	2.1940	0.1761
2.2200	1.4240	0.1968
2.2310	1.6360	0.1723
2.2030	2.4230	0.1759
2.1550	1.2800	0.1812
2.1820	0.8229	0.1685
2.3170	1.1270	0.1662
2.3190	1.5450	0.1816
2.2970	1.4450	0.1616
2.2340	3.9910	0.1656
2.2130	2.2380	0.1651
2.2670	2.0560	0.1847
2.2330	0.4945	0.2007
2.2340	2.6160	0.1721
2.2360	3.4510	0.1762
2.2860	1.1720	0.1817
2.3280	0.8886	0.1897
2.3430	3.3160	0.1964
2.1580	2.5220	0.1563
2.1710	3.6510	0.1333
2.1360	5.0910	0.1609
2.1300	4.0230	0.1518
2.1640	2.3340	0.1390
2.1910	0.5538	0.1271
2.2310	2.5920	0.1231
2.4060	2.7720	0.1807
2.4020	2.2660	0.1829
2.1780	0.6067	0.1722
2.2450	0.1861	0.1995
2.3170	2.8250	0.2000
2.4300	1.6120	0.1986
2.2790	2.0490	0.1771
2.1760	2.7750	0.1427
2.1500	1.2680	0.1214
2.2260	2.3740	0.1205
2.2580	3.8920	0.1326
2.1290	0.7753	0.1383
2.1820	0.7794	0.1154
2.1780	3.0580	0.0952
2.2490	3.3680	0.1457
2.1560	2.5750	0.1037
2.2030	2.7670	0.1325
2.2300	2.9090	0.1547
2.2230	1.3380	0.1538
2.2220	0.4767	0.1321
2.2180	0.7868	0.1676
2.1020	2.0620	0.0728
2.1820	3.5400	0.1071
2.2300	1.9250	0.1168
2.1630	3.3630	0.1098
2.2840	2.2530	0.1223
2.3740	1.5850	0.1553
2.1000	3.9970	0.0844
2.1680	1.7760	0.1926
2.3120	3.7120	0.1905
2.3550	0.6948	0.1627
2.2050	1.1970	0.1522
2.2350	1.5470	0.1252
2.0590	0.7063	0.0273
2.1030	0.9524	0.0198
2.0580	1.4480	0.0317
2.0420	3.6970	0.0504
2.1490	1.2390	0.0868
2.0030	0.4127	-0.0183
2.1530	2.3170	0.0442
2.1130	1.2950	0.0934
1.9520	1.4920	0.0311
1.8090	2.6470	-0.0197
1.5880	0.4174	-0.0502
1.6410	2.7730	-0.0410
2.1520	1.6670	0.1840
2.1260	1.6330	0.1749
2.2730	3.5710	0.1747
2.2800	0.3483	0.1623
2.1990	3.9100	0.1717
2.1320	3.4030	0.1632
2.1600	2.7870	0.1447
2.1740	1.9310	0.1678
2.1300	0.3414	0.1469
2.2500	1.0820	0.1540
2.0840	0.7706	0.1513
2.0400	0.8294	0.1351
2.0740	1.6510	0.1357
2.0910	1.1220	0.1164
1.7900	1.3520	0.1170
2.0800	0.8014	0.1043
2.2200	2.5290	0.1379
2.1680	0.9012	0.1221
2.2730	1.2890	0.1443
2.2070	0.7277	0.1173
1.9830	0.7077	0.0674
2.0850	3.6550	0.0768
1.5720	0.4468	0.0287
1.8900	0.0339	0.0492
1.7330	0.5997	-0.0114
1.4280	1.4110	-0.0509
2.0790	0.2288	0.1585
2.1030	1.2640	0.1622
2.2530	1.7150	0.1775
2.1350	1.1100	0.1773
2.1100	1.1330	0.1829
2.1520	1.5630	0.1849
2.0850	0.0019	0.1892
2.2980	1.7010	0.1773
2.3240	2.1290	0.1763
2.1910	2.8260	0.1930
2.2330	2.6760	0.1828
2.3220	1.0610	0.1820
2.3580	0.9659	0.1911
2.4250	1.8520	0.1841
2.2820	2.5090	0.1805
2.1810	2.9930	0.1848
2.3160	3.4640	0.1759
2.4090	2.9890	0.1750
2.4800	0.0403	0.1850
2.2270	2.7200	0.1825
2.1160	2.8540	0.1861
2.5290	2.5140	0.1909
2.4500	0.6281	0.1841
2.1560	0.8139	0.1831
2.1290	3.1580	0.1815
2.1050	0.4812	0.1859
2.2230	2.2410	0.1826
2.1770	3.7220	0.1847
2.5300	1.8570	0.1934
2.4340	2.5580	0.1855
2.3110	3.0640	0.1846
2.3020	1.8440	0.1794
2.2450	1.1920	0.1848
2.3660	3.0810	0.1939
2.4840	0.2584	0.1968
2.2870	1.9800	0.1952
2.4380	1.0320	0.1915
2.4430	3.0530	0.1774
2.4230	0.1831	0.1736
2.2630	2.5870	0.1697
2.5180	1.7900	0.1864
2.5130	2.0860	0.1727
2.2510	0.2310	0.1658
2.1020	3.4340	0.1567
2.1000	3.4140	0.1690
2.1460	0.1771	0.1567
2.0960	2.2570	0.1541
2.1490	0.7161	0.1597
2.2520	0.4944	0.1913
2.2470	3.2340	0.1883
2.1730	2.6000	0.1833
2.2340	2.7150	0.1917
2.2870	0.3365	0.1949
2.3000	3.2750	0.1981
2.3610	0.7519	0.1940
2.1050	3.8370	0.1658
2.1140	2.4620	0.1746
2.1710	2.1440	0.1606
2.1460	3.7330	0.1599
2.2550	3.4440	0.1641
2.3600	1.1100	0.1590
2.4320	2.5760	0.1665
2.3420	2.0340	0.1874
2.2940	2.4370	0.1871
2.2030	2.8320	0.1766
2.4200	2.2870	0.1789
2.4620	2.5950	0.1834
2.2000	0.4313	0.1973
2.1630	2.7220	0.2012
2.3610	1.2900	0.1804
2.2650	2.6740	0.1872
2.1840	4.2150	0.1878
2.1770	2.0520	0.1848
2.1600	0.7243	0.1858
2.2810	4.0330	0.1715
2.1520	3.9970	0.1741
2.4940	3.6450	0.1718
2.4060	3.9490	0.1790
2.3810	0.8129	0.1658
2.3060	4.0630	0.1891
2.2750	1.9800	0.1896
2.2740	0.8694	0.1648
2.4110	3.9950	0.1642
2.2040	0.1900	0.1609
2.2830	2.1130	0.1652
2.2770	4.2510	0.1736
2.2390	2.1530	0.1922
2.1880	0.1514	0.1983
2.3880	2.1860	0.1654
2.2260	0.1843	0.1941
2.1950	5.1740	0.1981
2.2090	1.1040	0.2113
2.3200	3.4930	0.2133
2.1900	2.5960	0.2118
2.3100	2.5010	0.2035
2.3840	2.9300	0.1972
2.1890	0.9624	0.1679
2.1350	3.9720	0.1769
2.2550	3.4360	0.2005
2.2340	1.0630	0.1799
2.2650	4.6410	0.1713
2.3780	2.7020	0.1982
2.4000	3.4320	0.1679
2.5280	3.2750	0.2133
2.3620	0.6757	0.2149
2.4180	0.9395	0.2040
2.4420	0.6837	0.2003
2.4080	1.9630	0.2009
2.4020	1.4640	0.2015
2.4720	1.8010	0.1963
2.3370	1.2190	0.2152
2.4320	2.3580	0.2166
2.3080	1.6340	0.2168
2.4590	3.1060	0.2063
2.6040	1.1530	0.1998
2.6910	3.3340	0.2126
2.5000	2.6110	0.2120
2.7170	1.3640	0.2117
2.7550	1.0870	0.2165
2.7670	1.5970	0.2189
2.7140	2.6220	0.2161
2.6840	2.1650	0.2127
2.1170	4.0240	0.1694
2.1350	2.0080	0.1827
2.4100	2.9170	0.1756
2.3470	1.4910	0.1609
2.1550	4.2830	0.1626
2.1690	3.5640	0.1514
2.1750	2.4920	0.1607
2.5780	0.5145	0.1981
2.4210	3.1360	0.2022
2.5320	2.6110	0.2061
2.6900	2.4160	0.1974
2.7300	2.3510	0.1921
2.6940	2.6110	0.1842
2.6950	0.6859	0.1919
2.3090	0.9760	0.1452
2.2130	2.1770	0.1473
2.4080	0.7789	0.1769
2.4330	1.3200	0.1661
2.4980	0.8124	0.1647
2.3130	4.4660	0.1453
2.3080	2.4370	0.1472
2.4620	2.2190	0.1747
2.4020	0.2154	0.1601
2.4150	2.2120	0.1478
2.4220	0.7462	0.1572
2.4380	1.7480	0.1599
2.2290	2.0900	0.1849
2.1260	0.2106	0.1862
2.3850	0.6069	0.1842
2.3540	3.2510	0.1870
2.3610	0.9072	0.1856
2.3510	2.5630	0.1874
2.2910	2.7740	0.1911
2.1630	2.1480	0.2024
2.2800	1.5940	0.1906
2.1610	5.2090	0.1860
2.1800	1.5450	0.1837
2.2970	2.9910	0.1789
2.4420	0.2771	0.1798
2.3690	2.6500	0.1827
2.4280	3.7690	0.1826
2.4180	0.3146	0.1775
2.4030	1.9720	0.1692
2.4640	0.9337	0.1779
2.3370	3.9380	0.1951
2.4470	2.7960	0.1654
2.4920	2.5160	0.1694
2.4570	0.5763	0.1722
2.1160	2.3450	0.1893
2.2260	3.1850	0.1970
2.1720	2.4520	0.1894
2.1150	3.0200	0.1881
2.0910	1.5210	0.1938
2.3110	0.9952	0.1985
2.2170	2.5440	0.2018
2.4010	0.6514	0.1755
2.4500	1.1630	0.1870
2.4570	0.6234	0.1958
2.4100	3.2420	0.1884
2.3930	0.6534	0.2009
2.1030	2.0960	0.2008
2.0760	0.1067	0.1932
2.1720	0.6050	0.2038
2.2040	0.7916	0.2059
2.2900	2.4600	0.2008
2.0780	2.5260	0.1885
2.3440	1.3280	0.1821
2.1530	3.7230	0.1860
2.0990	0.7411	0.1649
2.0990	2.1820	0.1568
2.1130	0.2189	0.1508
2.0370	1.8260	0.1431
2.3970	2.5080	0.1721
2.2860	0.0417	0.1627
2.1580	0.6320	0.1412
2.1900	0.3501	0.1458
1.8380	2.1950	0.1437
2.3570	4.0140	0.1818
2.3870	3.9150	0.1800
2.4080	0.3771	0.1681
2.3650	2.8500	0.1767
2.3420	4.2430	0.1804
2.3240	0.7874	0.1726
2.2820	1.7780	0.1733
2.2660	1.4040	0.1541
2.0440	0.3231	0.1153
2.3350	1.8780	0.1762
2.2750	0.3844	0.1652
2.1890	1.5930	0.1502
1.8760	0.6931	0.0972
1.5410	0.9310	0.0758
2.2510	2.7650	0.1592
2.0970	0.6696	0.1355
2.0290	0.6545	0.1185
2.1600	2.1850	0.1268
2.0680	1.3920	0.1069
2.2890	0.0651	0.1498
2.3580	0.9490	0.1340
2.3340	1.2490	0.1652
2.3420	2.0100	0.1494
2.3290	0.6817	0.1662
2.3560	3.0240	0.1881
2.3940	5.4230	0.1608
2.3840	2.1540	0.1724
2.3180	2.3230	0.1736
2.4130	2.3640	0.1655
2.4180	1.1690	0.1717
2.4880	1.4900	0.1803
2.4880	2.9660	0.1708
2.3620	2.3820	0.1937
2.4070	0.3466	0.1719
2.5020	1.6110	0.1749
2.6130	2.5550	0.1804
2.3520	3.6920	0.2019
2.3530	1.4680	0.1937
2.5550	1.5660	0.1893
2.3410	2.4890	0.2044
2.3720	2.8630	0.1988
2.4920	1.6300	0.1221
2.4260	2.5660	0.1215
2.4150	1.4230	0.1551
2.4270	2.1270	0.1296
2.5300	1.4460	0.1331
2.5610	3.5470	0.1474
2.5350	7.4740	0.1459
2.3580	3.1320	0.1887
2.4360	0.4790	0.1849
2.4630	1.8260	0.1986
2.2890	4.2660	0.1911
2.3270	0.7373	0.1863
2.3460	0.3922	0.1866
2.4180	4.4700	0.1905
2.6290	0.8662	0.1717
2.7150	0.3076	0.1620
2.5130	2.5380	0.1778
2.5730	1.8770	0.1912
2.6140	3.5000	0.1950
2.8220	1.1710	0.1861
2.7140	0.2593	0.1491
2.6630	1.8370	0.2118
2.7990	3.5520	0.2091
2.6780	3.2930	0.2010
2.6020	3.2120	0.2254
2.4900	0.0399	0.2138
2.5920	0.3091	0.2323
2.4700	2.8850	0.2339
2.4550	0.4942	0.2008
2.5840	2.5640	0.2219
2.5140	1.4520	0.2325
2.3390	1.2960	0.2287
2.3090	1.1910	0.2244
2.5150	1.5820	0.1917
2.3400	1.1230	0.1860
2.6920	1.6440	0.2091
2.7870	0.1715	0.2096
2.5700	1.7660	0.2090
2.3690	2.1050	0.2151
2.2890	3.1360	0.2238
2.3690	2.7200	0.1895
2.4100	2.2400	0.2076
2.4250	2.2850	0.2087
2.3940	0.9100	0.1931
2.3160	4.0780	0.2037
2.3740	2.3360	0.2014
2.4610	3.7050	0.1976
2.3280	2.9450	0.1991
2.2080	1.6450	0.1974
2.1950	0.5976	0.2052
2.4970	1.7310	0.2182
2.4500	0.0913	0.2102
2.3490	0.8699	0.2071
2.1540	1.9940	0.1902
2.1790	1.4230	0.1842
2.4320	1.9190	0.2064
2.2830	3.1050	0.2012
2.4620	0.8126	0.2112
2.3620	0.1180	0.2258
2.2670	1.5020	0.2170
2.2650	2.4090	0.2055
2.2750	0.8057	0.2099
2.3210	0.5825	0.1914
2.2580	1.4860	0.1808
2.3790	0.2631	0.2055
2.3170	2.0300	0.2016
2.2850	1.8960	0.2038
2.2380	2.5890	0.1795
2.2690	1.9560	0.1921
2.2710	3.2560	0.1862
2.2240	1.8460	0.1923
2.3610	1.2390	0.1576
2.2860	2.2090	0.1625
2.3750	2.1660	0.2190
2.5340	0.4708	0.2243
2.0900	2.0490	0.0975
2.3610	0.1541	0.1455
1.6310	0.1191	-0.0118
1.8940	1.3320	0.0305
1.8870	0.4638	0.1100
2.0670	1.6830	0.1492
2.1580	3.8360	0.1589
2.4820	1.8930	0.2059
2.5810	1.6250	0.2117
2.3270	1.8240	0.1681
2.2610	1.4930	0.1724
2.3540	0.7325	0.1854
2.4630	0.2945	0.1983
2.4670	0.9444	0.2062
2.3970	1.3830	0.1982
2.3260	0.2180	0.2168
2.4170	3.1090	0.2296
1.5470	0.3939	-0.0343
1.7250	0.8738	0.0420
1.5280	1.4690	-0.0177
2.0100	1.1730	0.0643
1.8420	1.1230	0.0525
1.9790	2.6240	0.1143
2.4320	1.6260	0.1578
2.2820	3.5980	0.1183
2.4050	0.8690	0.1222
2.2390	0.7064	0.1102
2.2930	0.2332	0.1354
2.4120	6.8550	0.1483
2.5150	3.2680	0.1548
2.3980	1.9060	0.1409
2.5720	0.4253	0.1522
2.6250	3.2000	0.1723
2.3820	0.8779	0.1284
2.3940	2.4610	0.1415
2.5440	1.9330	0.1356
2.6010	0.5246	0.1776
2.5490	2.8690	0.1660
2.5140	3.3500	0.1933
1.3620	0.1449	-0.0517
1.2970	0.5296	-0.0171
1.2480	1.6520	-0.0455
1.3080	1.3360	-0.0413
1.1840	0.4603	-0.0221
1.6480	1.6640	0.1411
1.4500	1.2260	0.0780
1.8270	0.3813	0.1456
1.6190	1.2900	0.1537
1.5850	1.7660	0.0836
1.0130	0.1114	-0.0088
1.4640	1.9980	0.0242
0.9330	0.2537	-0.0157
1.0950	0.2410	0.0110
1.3190	0.2003	0.0452
1.5340	1.4990	0.0640
1.4230	0.8311	0.0550
1.9170	0.1033	0.0988
