1.5090	0.5418	0.0856
1.7590	0.4626	0.1976
1.8880	2.4860	0.1849
2.0140	0.5051	0.2453
2.0690	1.7450	0.1926
1.7210	0.1148	0.2372
2.0150	0.0178	0.2631
1.9690	2.9290	0.2955
1.9440	0.4507	0.1654
1.8240	3.9490	0.1743
1.2980	0.2217	-0.0586
2.0670	0.1999	0.3082
1.8530	2.6530	0.2153
1.9660	4.7690	0.2556
1.9730	5.3830	0.2295
1.9690	1.1320	0.1985
1.8820	1.8030	0.1870
1.6730	0.6280	0.1581
2.0380	2.0120	0.2245
1.7290	0.2670	0.2767
1.1850	0.5554	0.0248
1.7970	0.6474	0.2718
1.8340	1.5900	0.2157
2.0840	1.0780	0.2137
1.9320	0.5330	0.2272
1.9910	0.5135	0.1974
1.9650	2.6320	0.2233
2.1620	2.4590	0.2751
1.9440	3.8280	0.2201
2.0240	3.3230	0.2615
1.8060	4.3020	0.1728
1.8940	1.8330	0.2306
1.6750	4.2000	0.1566
1.8300	0.0495	0.1955
1.1230	0.5384	0.0318
1.9140	2.7990	0.2512
1.8720	0.4854	0.2658
2.0410	2.7180	0.2624
2.0410	0.3130	0.2941
2.1400	1.6350	0.3006
2.0530	4.2500	0.2384
1.4610	1.6010	0.0519
1.8710	1.1080	0.1781
1.8930	1.1080	0.2258
1.9240	5.3540	0.1980
2.0000	3.5470	0.2838
2.0350	1.6050	0.2749
1.9460	3.6590	0.2644
1.9210	2.6770	0.2685
1.9550	1.7060	0.2470
2.0030	0.6557	0.2525
1.9060	3.2520	0.1800
1.8880	0.0508	0.1685
1.7990	0.1482	0.2272
1.8210	1.9550	0.2078
1.9040	3.1350	0.1886
1.8510	3.8440	0.2082
2.0650	2.0460	0.3170
2.0280	2.7560	0.2631
2.0960	2.7900	0.3388
1.7090	0.0859	0.2314
1.8680	1.7110	0.1206
1.9480	3.6550	0.0155
1.4920	0.0392	0.0288
1.8620	3.2130	-0.0135
1.7320	2.6590	0.2980
1.6210	2.1670	0.2630
1.5800	0.2256	0.1671
1.1930	0.4908	0.0614
1.4900	0.3286	0.1576
1.4960	1.7680	0.1444
1.1990	0.2586	-0.0361
1.8360	1.4720	0.2566
1.6820	0.4423	0.1741
1.7500	2.0760	0.2706
1.8210	2.9790	0.2928
1.8470	2.7230	0.2645
2.0230	1.3040	0.2277
1.9360	1.0720	0.2080
1.9710	0.5167	0.2359
2.0640	0.2228	0.1950
1.8590	1.7000	0.2549
1.9890	3.0180	0.2144
1.9370	1.2850	0.1952
2.1050	1.7450	0.2034
2.1280	1.8790	0.2061
1.9010	2.0480	0.2003
1.9860	0.0744	0.2086
1.9460	2.0300	0.2163
1.8680	1.0170	0.2036
1.9210	4.1850	0.2162
1.9150	1.4960	0.2143
1.9030	1.9920	0.1829
1.9680	0.7588	0.2153
1.9850	0.1611	0.2290
2.0360	2.5160	0.2474
2.0310	1.8880	0.2268
1.9200	3.6360	0.1855
2.1360	1.9540	0.2550
2.1760	1.2960	0.2515
2.1090	2.5970	0.2510
2.0480	3.7070	0.2708
2.0510	2.6110	0.2610
1.9450	0.9036	0.1809
1.8570	2.4710	0.1897
2.0430	1.2820	0.2810
1.9590	2.0770	0.2365
1.9830	6.3730	0.1529
2.0030	5.2700	0.1623
1.8970	3.0770	0.1575
2.0410	2.1710	0.2169
2.0320	1.6230	0.1837
1.8850	2.9200	0.2070
1.8420	3.1490	0.1878
1.8750	2.1670	0.1882
1.8250	2.9650	0.1804
1.9070	1.9700	0.1850
1.8010	0.5500	0.2170
1.7080	0.9821	0.1815
1.4260	0.3842	0.0960
1.4910	1.1570	0.0839
1.0690	0.5509	0.0454
1.9150	5.0020	0.1774
1.7450	3.4910	0.1625
1.5750	0.0337	0.1231
1.6910	0.0301	0.1963
1.4600	0.6409	0.1141
1.9210	1.5530	0.2621
1.8400	4.4950	0.2337
1.9610	1.6240	0.2478
2.0170	2.5530	0.2921
1.9990	1.9660	0.2617
1.8960	2.2450	0.2541
1.9270	6.1800	0.2561
1.9980	0.0604	0.2787
1.9520	3.1260	0.2780
1.9790	1.2530	0.2519
1.8590	0.9446	0.2669
2.0910	5.0630	0.2685
1.9250	0.1278	0.2896
1.8650	2.7090	0.3061
2.0360	0.7347	0.2865
2.1050	1.1060	0.2888
2.0570	2.3840	0.2479
2.2150	3.4510	0.2963
2.2020	0.9716	0.2757
1.9300	1.8690	0.3092
1.9910	0.5899	0.2914
2.0690	2.2840	0.2582
2.2110	0.7533	0.3086
1.7760	0.5783	0.1016
2.1450	0.3110	0.1934
2.0930	0.4724	0.2788
2.0290	2.6510	0.3026
1.4150	1.4620	-0.0276
1.9640	0.6333	0.1802
1.6630	2.4360	0.1710
1.9540	3.4490	0.2352
2.1050	2.3590	0.2685
1.0840	0.0265	-0.0451
1.0040	0.5976	-0.0326
1.0960	0.3016	0.0196
1.8910	5.0380	0.1787
1.9030	2.8070	0.1857
1.8980	2.9770	0.1891
1.8530	2.2200	0.1860
1.8690	2.7130	0.2192
1.8830	3.0300	0.1935
1.9160	4.5880	0.2012
1.9320	1.3310	0.2308
1.9660	6.4350	0.2128
1.9140	2.7180	0.2559
1.9630	4.2330	0.2714
1.8990	1.3420	0.2499
2.0490	0.0041	0.3065
2.0570	0.6396	0.2912
2.0160	1.2130	0.2879
1.9800	0.4685	0.2719
1.9970	3.0520	0.2625
1.9520	1.4990	0.2627
1.9160	1.3230	0.2542
1.9350	1.8100	0.2522
1.8980	0.7995	0.2497
1.9190	3.2040	0.2682
1.9340	2.1420	0.2598
1.9540	3.4010	0.2612
1.9960	0.3816	0.2467
1.9420	3.7620	0.2504
1.9300	2.4200	0.2556
1.9630	2.3050	0.2514
1.9940	0.3734	0.2450
2.0010	3.1330	0.2479
1.8850	2.5830	0.1812
1.8830	3.9800	0.1730
1.9900	3.9780	0.1865
1.9680	4.7880	0.1824
1.9070	2.3210	0.1739
1.8600	0.7689	0.1707
1.8300	1.9970	0.1760
1.9090	3.2980	0.2120
1.8770	2.7860	0.2095
1.9410	0.0585	0.1957
1.7450	0.4515	0.2326
1.7560	1.0260	0.2270
1.8100	0.2185	0.2227
1.8580	1.1430	0.1981
1.8450	2.4850	0.1507
1.8440	1.0440	0.1501
1.8430	0.8560	0.1655
1.8430	3.8090	0.2116
1.9160	0.9399	0.1736
1.8580	0.0371	0.1575
1.8690	2.5750	0.2035
1.9370	3.1390	0.2680
1.9580	3.3120	0.2815
1.9470	2.9850	0.2790
2.0350	2.4420	0.3019
2.0730	0.9096	0.3288
2.0830	0.0250	0.3439
2.0770	4.3070	0.3200
1.9500	3.1020	0.2507
2.0800	3.1030	0.3127
2.0870	0.0895	0.3260
2.0850	1.7250	0.2504
2.0610	1.2220	0.3103
1.8310	1.8050	0.1488
1.8880	0.9004	0.1557
1.7100	0.7993	0.2368
1.7700	0.4399	0.2181
1.8090	1.6800	0.1782
1.6860	0.1034	0.2045
1.8190	1.8100	0.1197
1.9850	3.7960	0.1412
1.9940	2.8660	0.1010
1.9640	3.4810	0.1688
1.8920	0.0150	0.0745
1.8230	1.9280	0.0747
1.9610	3.6570	-0.0216
1.9760	2.5540	0.0903
1.5950	1.3760	0.1050
1.8640	0.2397	0.0046
1.6470	0.1642	-0.0578
1.3690	1.8080	-0.0660
1.4890	2.5560	-0.0619
1.7160	1.1400	0.2581
1.6990	1.7630	0.2701
1.7560	3.3510	0.3040
1.6760	0.4742	0.2796
1.7000	3.4450	0.2978
1.6560	2.6840	0.2651
1.5870	1.6240	0.2209
1.6360	3.5960	0.2251
1.5620	0.2634	0.1602
1.6120	1.1490	0.2255
1.5870	0.8543	0.1218
1.3780	0.0503	0.0689
1.5080	0.5656	0.1108
1.4410	0.0308	0.1018
1.1000	0.6344	0.0452
1.3640	0.4318	0.0949
1.5550	2.0340	0.2095
1.5720	1.6490	0.1674
1.5720	1.1320	0.2223
1.4470	1.6900	0.1555
1.3090	0.6902	0.0818
1.5200	1.5850	0.1027
1.1460	0.1407	-0.0064
1.3070	0.1384	0.0569
1.3390	0.1292	0.0051
1.2500	0.7204	-0.0659
1.6900	0.7752	0.1702
1.5640	0.7178	0.1299
1.7780	0.6667	0.2696
1.7350	2.8910	0.2261
1.7740	2.3910	0.2187
1.8480	1.9260	0.2414
1.7830	0.6164	0.2048
1.7940	3.0420	0.3005
1.8000	2.2110	0.2956
1.7280	0.5822	0.2517
1.7450	2.1410	0.2787
1.7850	0.4827	0.2858
1.7690	1.9930	0.2767
1.8010	2.1940	0.2827
1.8510	3.0380	0.2674
1.8590	2.7110	0.2447
1.8350	2.8050	0.2822
1.8340	3.1010	0.2816
1.8150	1.8950	0.2734
1.8800	2.5050	0.2393
1.8620	3.2450	0.2145
1.8200	0.5372	0.2567
1.8490	1.3230	0.2527
1.9080	2.1550	0.2270
2.0280	1.0430	0.2065
2.0250	0.3326	0.2003
2.0840	1.8430	0.2032
2.0880	1.7850	0.1907
1.8400	1.8440	0.2609
1.9750	1.4920	0.2351
2.0380	0.2497	0.2116
2.0640	0.2607	0.2178
2.0580	1.6620	0.2046
1.7720	1.7600	0.2694
1.8010	1.9090	0.2732
1.7610	1.0060	0.2486
1.8340	1.6500	0.2375
1.9190	2.0890	0.2204
1.9510	2.6370	0.2315
2.0440	0.2056	0.2180
1.8600	1.5130	0.2533
1.9230	1.7830	0.2309
1.9840	0.7657	0.2046
1.9770	0.0313	0.2012
2.0180	2.4730	0.2079
1.9830	0.1425	0.1928
1.9230	1.7010	0.1864
1.8820	1.7730	0.1875
2.1060	2.1360	0.1963
2.0980	2.0820	0.1928
2.0920	1.9580	0.2074
2.0490	0.6604	0.2041
2.1250	3.3360	0.2065
2.0250	2.1280	0.1950
2.0510	0.7358	0.1992
1.9360	1.4070	0.2027
2.0350	2.5820	0.2069
1.8900	0.5574	0.1910
1.8960	2.3710	0.1958
1.9510	2.1480	0.2079
1.9370	3.9330	0.2168
1.9520	3.3960	0.2181
1.9730	4.9150	0.2007
1.9520	3.1200	0.2087
1.9910	1.2570	0.2033
1.9580	3.7870	0.2103
1.9380	0.5439	0.2215
1.9240	0.3774	0.2182
1.9390	1.2940	0.2142
1.8960	0.9618	0.2232
1.9150	4.5380	0.2168
1.8970	5.1180	0.2022
1.8420	1.3260	0.1826
1.8610	0.9237	0.1915
1.8470	2.0480	0.1822
1.8300	3.5570	0.1706
1.9300	3.3930	0.2285
1.8850	3.3570	0.2115
1.8960	1.5020	0.1973
1.9300	2.1890	0.2113
1.9350	1.4050	0.2132
1.9480	1.2150	0.2093
1.9560	4.0010	0.2213
1.9200	1.5100	0.1985
1.9570	2.8480	0.2089
1.9860	1.0200	0.2228
1.9480	1.7640	0.2162
1.9730	1.8040	0.2217
1.9510	2.6680	0.2214
1.9600	1.2720	0.2226
1.9950	0.1833	0.2341
2.0110	3.9050	0.2396
2.0160	0.9075	0.2378
2.0060	7.5820	0.2418
2.0270	0.6718	0.2476
2.0240	2.9930	0.2463
1.9370	1.4020	0.1814
1.8670	3.6720	0.1723
1.9850	2.6010	0.2281
1.9880	1.9130	0.2136
1.9760	3.7850	0.2023
1.9850	5.6050	0.2184
1.9670	1.3070	0.2056
2.1390	1.4230	0.2506
2.0560	0.1196	0.2393
2.0340	1.0800	0.2477
2.1210	2.6820	0.2514
2.1660	0.9811	0.2575
2.1760	1.8980	0.2660
2.1970	1.3180	0.2615
2.0710	0.2710	0.2374
2.0130	1.3130	0.2365
2.0770	2.8060	0.2380
2.1670	1.7200	0.2502
2.1170	2.4760	0.2635
2.0730	0.0570	0.2546
2.0190	2.8070	0.2458
2.0890	1.3220	0.2753
2.0690	0.7991	0.2637
2.0420	3.7180	0.2612
2.0230	1.2660	0.2644
2.0210	0.1388	0.2644
1.8820	4.3090	0.1810
1.8320	2.7720	0.1816
1.9320	2.6870	0.2112
1.9400	0.8740	0.1867
1.8510	2.2540	0.1831
1.8600	3.8870	0.1707
1.8260	3.7510	0.1857
2.0330	2.5680	0.2567
1.9440	1.2380	0.2272
2.0210	2.1520	0.2684
2.0510	1.0370	0.2703
2.0480	0.2858	0.2673
2.0410	2.9810	0.2836
2.0140	2.3910	0.2495
1.9500	0.3270	0.1659
1.8610	2.5710	0.1531
1.9500	2.5380	0.2137
1.9660	0.5627	0.2062
1.9980	1.5440	0.2000
1.9340	1.3120	0.1440
1.8520	2.5960	0.1627
2.0060	2.7640	0.2096
2.0000	1.0080	0.1486
1.9700	3.6120	0.1452
1.9660	2.6570	0.1562
1.9230	1.3400	0.1605
2.0850	3.1970	0.1951
2.0540	2.6640	0.1863
2.0220	0.8078	0.1972
2.1000	1.9610	0.2088
2.0430	2.5910	0.2117
1.9810	1.2190	0.2285
1.9620	1.1020	0.2040
1.9150	0.6366	0.2160
1.9570	1.2000	0.2039
1.9020	5.9810	0.2044
1.8660	1.4910	0.2090
1.8290	1.9950	0.2014
1.9490	2.2300	0.2084
1.8930	2.5320	0.2154
1.9750	1.7500	0.1998
1.8560	2.1310	0.1965
1.8170	1.7340	0.1843
1.8340	2.5230	0.1880
1.8370	3.2330	0.2172
1.8270	3.2520	0.1757
1.8710	1.8750	0.1734
1.9370	1.1120	0.1765
1.9800	1.3560	0.1836
1.8420	3.4240	0.2019
1.9060	2.3590	0.1766
1.8670	2.9790	0.1855
1.8150	1.4110	0.1898
1.8400	0.0489	0.2108
1.8210	2.6990	0.2268
1.9450	1.1040	0.1756
1.9050	0.3331	0.1877
1.8500	0.4666	0.1966
1.7750	2.5920	0.1816
1.7070	0.8665	0.1914
1.7870	1.3950	0.1860
1.7880	0.8110	0.1918
1.7920	1.9010	0.2053
1.7840	0.6196	0.1977
1.6340	3.5080	0.1698
1.6750	0.6662	0.1760
1.5250	1.5130	0.1221
1.5530	3.1620	0.1449
1.5290	0.0138	0.1326
1.4600	0.6118	0.0854
1.3190	0.3332	0.0447
1.3100	0.0513	0.0482
1.5990	1.1230	0.1225
1.4430	0.8421	0.0776
1.2800	0.2343	0.0472
1.2240	0.1663	0.0573
1.0400	0.6559	0.0274
1.8230	3.0880	0.1753
1.6910	3.2760	0.1550
1.9550	1.9150	0.1673
1.9000	0.5197	0.1756
1.8510	5.2350	0.1770
1.8840	0.3935	0.1893
1.7770	0.2694	0.1701
1.4920	0.2938	0.0993
1.3180	0.1580	0.0773
1.6000	0.1420	0.1316
1.6740	0.0594	0.1429
1.7090	1.0100	0.1612
1.4520	0.0922	0.1137
1.2280	0.3635	0.0625
1.8020	2.1830	0.2014
1.6220	0.6603	0.1596
1.5800	0.6801	0.1545
1.7180	1.9330	0.1903
1.6720	1.5970	0.1633
1.7770	0.6427	0.2184
1.8170	2.7010	0.2195
1.9080	0.1280	0.2412
1.8290	0.7629	0.2333
1.8460	0.0954	0.2430
1.9240	0.2851	0.2592
1.8620	3.7490	0.2411
1.9570	0.3136	0.2069
1.9180	0.0475	0.2250
1.9710	2.9640	0.1720
1.9850	0.8461	0.2143
2.0040	0.3033	0.2603
1.9750	2.5800	0.2816
1.9670	2.2370	0.2684
1.9570	1.3340	0.2695
1.9890	1.2620	0.2869
2.0300	2.7640	0.2925
2.0100	1.1080	0.2732
1.9690	1.8280	0.2594
2.0440	2.3980	0.2904
2.0210	2.7780	0.2713
2.0020	1.1070	0.2621
1.8720	1.0440	0.2407
1.8510	5.2860	0.2268
1.8890	2.9920	0.2527
1.8520	2.9890	0.2424
1.9030	0.0545	0.2484
1.9670	4.1110	0.2582
1.9700	4.4230	0.2641
1.9770	3.0500	0.2714
1.9380	3.2280	0.2686
2.0160	0.2379	0.2671
1.9910	0.3284	0.2697
1.9670	3.2360	0.2796
1.9530	3.0030	0.2791
1.9110	1.6410	0.2695
1.9620	0.5168	0.2590
2.0110	2.4160	0.2550
1.9420	1.6850	0.2696
1.9390	2.7680	0.2620
1.8710	2.8740	0.2549
2.0220	0.4723	0.2555
2.0770	2.2220	0.2605
1.8480	2.7160	0.2603
1.9180	3.1160	0.2523
1.9450	3.8410	0.2638
1.9040	0.4338	0.2776
1.9960	3.0700	0.2811
1.8660	1.3050	0.2877
1.8830	2.4530	0.2990
1.8630	0.2926	0.2727
1.8680	3.5160	0.2784
1.8720	0.8739	0.2984
1.9960	0.9899	0.3045
1.9540	1.2210	0.3090
2.0220	1.3990	0.2832
1.9540	2.8370	0.2785
2.0320	2.0780	0.2740
2.0640	1.6280	0.2821
2.1130	1.2560	0.2865
2.0080	1.5010	0.2976
2.0760	2.0810	0.2915
1.9380	1.1310	0.2862
2.0850	1.1930	0.2938
2.1740	1.5270	0.2835
2.0890	3.8910	0.2671
2.0540	0.1922	0.2676
2.1580	3.3840	0.2669
2.1050	1.5450	0.2505
2.0000	4.6950	0.2435
2.1010	3.2280	0.3007
2.0830	2.3760	0.2822
2.2510	0.3071	0.3027
2.1890	1.8960	0.2945
2.2150	0.6634	0.2870
2.0740	2.4110	0.2689
2.0700	2.6140	0.2632
2.0070	1.1950	0.2989
1.8980	3.1640	0.3053
2.0350	2.8080	0.2936
1.9060	3.2500	0.3086
1.9000	2.4280	0.3105
1.9360	2.0900	0.3081
1.9910	2.0900	0.2933
2.1220	0.3086	0.2669
2.0000	1.3810	0.2593
2.1180	1.7930	0.2826
2.0660	1.0780	0.2725
2.0440	0.2063	0.2665
1.9900	0.0808	0.2543
2.0520	3.1570	0.2517
1.9890	3.7060	0.2478
2.1240	3.7710	0.3178
2.0040	1.9880	0.2898
2.0880	1.2250	0.3270
2.1970	0.5061	0.3128
2.2450	2.5850	0.3044
1.9030	3.1890	0.0994
1.9830	2.3350	0.1992
1.3570	0.9247	-0.0030
1.7060	1.2240	0.0345
1.9370	1.9760	0.1458
2.0180	2.4950	0.1953
2.0360	2.7030	0.2237
2.2170	1.3030	0.2867
2.1230	0.5970	0.2954
2.1920	1.4710	0.2551
2.0940	1.9090	0.2498
2.0790	1.4220	0.2594
2.0410	0.6972	0.2959
2.0900	2.0710	0.2792
2.0100	0.0775	0.2901
1.9720	0.2461	0.3102
1.9750	2.9210	0.3025
1.3230	0.1773	-0.0425
1.5780	0.0698	0.0500
1.4340	1.6280	-0.0090
1.7670	0.8104	0.1150
1.7520	1.0290	0.0792
1.9380	4.0810	0.1563
2.0190	4.4070	0.2181
1.5740	1.2780	0.1265
1.8550	0.8061	0.2139
1.7620	0.5798	0.1704
1.7580	1.0070	0.1890
1.8600	5.9230	0.2337
1.9590	2.2050	0.2568
1.9980	2.8670	0.2582
2.0280	2.1470	0.2384
2.0720	0.2353	0.2634
1.9400	1.1090	0.2086
2.0190	2.1730	0.2479
2.0410	2.2440	0.2630
2.1090	3.3090	0.2896
2.1200	1.7750	0.2720
2.1050	1.8170	0.2890
1.2680	0.7285	-0.0543
1.0870	0.2060	-0.0268
1.1400	0.3358	-0.0452
1.2460	2.0570	-0.0437
1.1740	0.6201	-0.0325
1.0240	0.6753	0.0190
1.0390	0.5702	-0.0069
1.0680	0.6375	0.0491
0.9897	0.7014	-0.0022
1.0260	0.6262	-0.0145
1.0690	0.2203	-0.0364
1.2270	0.5312	0.0329
1.0310	0.3968	-0.0412
1.0310	0.4905	-0.0274
1.0690	0.5401	0.0144
1.3900	0.5292	0.0928
1.2170	0.0216	0.0727
1.4950	0.7434	0.1339
1.5640	1.0870	0.0698
1.7950	1.8090	0.1956
1.7900	2.7150	0.1675
1.8450	0.2985	0.2175
1.9630	0.0943	0.1856
1.9450	1.3950	0.2534
2.0720	0.8839	0.2521
1.9500	0.5888	0.2869
1.8980	2.9050	0.1566
1.8210	1.7790	0.1754
1.1370	1.7880	-0.0780
1.9750	0.8154	0.2682
1.8940	2.8380	0.1885
1.8500	3.7630	0.2408
1.9000	2.6420	0.2009
1.9350	2.0660	0.1986
1.9170	2.9010	0.1400
1.8030	1.0690	0.1639
1.9610	2.2860	0.2021
1.8560	0.4826	0.2615
1.1940	0.7599	0.0067
1.9580	1.5250	0.2611
2.0060	1.6050	0.1874
1.8090	1.8230	0.1861
1.7630	0.9775	0.1750
1.8340	1.2310	0.1807
1.9720	2.3040	0.2317
2.2250	1.4620	0.2253
2.0530	1.8590	0.2220
1.9760	3.0220	0.2450
1.8960	3.6820	0.1373
1.8270	2.1460	0.2106
1.8930	2.5270	0.1783
1.7710	0.1013	0.1995
0.9525	0.0947	0.0491
1.9700	2.3610	0.2437
2.0270	1.7300	0.2603
1.8920	2.1690	0.2431
2.0750	4.0000	0.2460
2.0990	2.4590	0.2642
2.2000	1.3930	0.2080
1.4870	1.5950	0.0042
1.8460	1.7520	0.1591
1.8920	0.9326	0.1975
1.8280	5.3020	0.1730
2.0500	1.7590	0.2293
1.9350	2.4920	0.2582
1.9090	2.8830	0.2219
1.8580	2.6830	0.2203
1.8350	2.7110	0.2203
1.8820	2.9680	0.2200
1.8280	4.8370	0.1685
1.8480	0.3352	0.1555
1.9980	1.3400	0.2394
1.9880	1.3050	0.2094
1.9180	3.9880	0.1818
1.9130	3.2180	0.1786
2.1010	2.2250	0.2399
2.0330	2.9590	0.1914
1.9750	1.7150	0.2833
1.9470	0.3322	0.2327
1.8230	1.2960	0.1108
1.8070	1.6860	0.0097
1.5640	0.6211	0.0546
1.5270	1.0810	-0.0263
1.8420	2.4700	0.3143
1.7980	2.4840	0.2576
1.8190	0.2228	0.1383
1.0940	0.0445	0.0498
1.6700	1.7570	0.1355
1.6850	1.9730	0.1399
1.0420	0.0166	-0.0501
2.0060	0.9729	0.2145
1.9250	2.5370	0.1510
1.8980	1.8130	0.2816
1.9190	2.5730	0.2926
2.0630	0.9860	0.2225
2.0860	1.5560	0.2160
2.0510	1.4250	0.1873
1.9600	1.4230	0.2247
1.9320	1.3650	0.1937
1.9410	1.5140	0.2443
1.8620	3.2840	0.1968
1.7410	2.6050	0.1701
1.7200	5.1400	0.1819
1.9230	0.6504	0.1749
1.7500	1.9010	0.1689
1.6320	2.5060	0.1748
1.7240	2.4030	0.1814
1.8130	1.1910	0.1808
1.8080	3.5810	0.1842
1.8870	2.9190	0.1914
1.9100	2.6890	0.1919
1.8610	0.6293	0.1808
1.9290	4.1720	0.2204
1.8690	2.8370	0.2206
2.0190	1.6240	0.2272
1.9750	3.6700	0.1851
2.0150	1.1530	0.2138
2.1580	2.0830	0.2154
2.2090	1.3680	0.2231
2.0790	3.7030	0.2449
2.1390	3.7630	0.2401
2.0180	3.0220	0.1633
1.8200	0.2309	0.1641
2.0820	2.1590	0.2575
2.0770	1.4310	0.2312
1.9730	6.0560	0.1426
1.8710	2.9330	0.1648
1.9130	3.8350	0.1210
1.8760	1.2220	0.1897
1.9340	1.3520	0.1797
1.8280	0.9030	0.1748
1.8140	1.3890	0.1589
1.8920	2.0980	0.1695
1.8630	1.5310	0.1928
1.8980	0.6973	0.1850
1.8770	0.4667	0.2189
1.8530	0.2738	0.1868
1.5420	0.1977	0.1013
1.4960	0.4280	0.1260
1.0990	0.1422	0.0726
1.8580	4.3170	0.1815
1.7810	2.3500	0.1738
1.5050	0.7791	0.1262
1.6830	0.6432	0.2027
1.4000	1.4540	0.1123
1.9140	2.5780	0.2503
1.8910	4.3720	0.2167
1.8790	0.8134	0.2418
2.0000	2.9510	0.2642
2.0400	2.6850	0.2675
1.8150	2.9160	0.2316
1.8560	6.7070	0.2282
2.0320	1.4190	0.2795
1.9520	2.3920	0.2879
1.9370	1.5340	0.2667
1.9260	1.4190	0.2776
2.0910	3.8730	0.2698
1.8390	3.0460	0.2401
1.8660	2.3050	0.2744
1.9960	1.8740	0.2433
2.1900	1.2210	0.2253
2.0030	2.2850	0.2279
1.9850	0.7695	0.2754
2.0130	1.2020	0.2636
2.0260	1.1940	0.2640
2.0480	2.3640	0.2566
2.0040	0.4304	0.2467
2.0070	1.0880	0.2819
1.5860	1.4340	0.0456
1.9440	2.9780	0.1531
2.1890	0.2070	0.2443
2.0610	2.3850	0.2639
1.2140	1.0720	-0.0526
2.1040	1.5970	0.1375
1.7310	1.7560	0.1660
1.9680	3.7240	0.2190
2.1560	1.3910	0.2393
0.7737	0.3033	-0.0481
0.6202	0.3723	-0.0113
0.9907	0.4177	0.0176
1.8150	5.1560	0.1609
1.8380	3.6230	0.1645
1.8020	3.3630	0.1675
1.8750	2.8670	0.1666
1.8950	1.6900	0.1936
1.8760	3.2370	0.1720
1.8750	4.5680	0.1774
1.8860	3.2820	0.2007
1.8720	6.1560	0.1858
1.9620	2.8310	0.2110
1.9670	2.5020	0.2251
1.9260	2.2520	0.2121
2.0340	0.8614	0.2539
1.9650	2.2590	0.2637
1.9800	1.2480	0.2485
1.9140	1.7510	0.2398
1.8810	0.8400	0.2511
1.8710	1.4340	0.2292
1.8870	0.1183	0.2151
1.8810	0.8981	0.2144
1.9000	0.8219	0.2139
1.8760	2.9210	0.2212
1.8420	0.2839	0.2211
1.8600	3.4190	0.2190
1.9010	0.5411	0.2149
1.8420	2.4130	0.2284
1.8310	1.5060	0.2172
1.8420	1.9220	0.2172
1.8400	0.4483	0.2180
1.8460	1.2120	0.2179
1.7930	3.3300	0.1665
1.8160	3.3850	0.1582
1.8690	4.2160	0.1787
1.8890	3.1800	0.1738
1.8390	2.3240	0.1613
1.8400	2.2010	0.1552
1.8720	2.7000	0.1598
2.0030	3.3610	0.2218
2.0010	2.4590	0.2159
1.9430	1.2210	0.1964
1.9680	1.7050	0.2448
1.9880	0.2601	0.2328
2.0060	0.2706	0.2300
1.9570	2.1350	0.1968
1.8560	0.9793	0.1482
1.8580	0.8530	0.1446
1.8630	1.4590	0.1542
1.9000	3.9860	0.1832
1.8780	0.5387	0.1632
1.8590	0.5632	0.1500
1.9240	3.1780	0.1673
2.0050	3.3120	0.2128
2.0410	3.7160	0.2079
2.0250	3.3150	0.2150
2.0980	1.9860	0.2364
2.0400	0.5201	0.2621
2.0290	0.0402	0.2648
1.9790	0.9398	0.2744
2.0100	3.1980	0.1711
2.0780	2.4120	0.2292
2.0230	1.1440	0.2486
2.0030	2.4130	0.2002
1.9710	1.3700	0.2653
1.9300	2.0820	0.1580
1.8720	3.2230	0.1216
1.9470	0.7933	0.2473
1.9840	2.5380	0.2190
1.9600	1.3190	0.1857
1.9270	0.1208	0.2060
1.8010	0.0205	0.1365
1.9350	3.0180	0.0968
1.9390	3.9200	0.0826
1.9230	0.9758	0.1093
1.8250	2.9700	0.0641
1.7330	0.3139	0.0891
1.7010	1.4730	-0.0212
1.9180	4.2640	0.0784
1.7410	0.2836	0.1170
1.6020	2.0530	0.0211
1.4540	3.2800	-0.0339
1.3090	1.2440	-0.0449
1.2570	2.3430	-0.0691
1.9100	2.8210	0.2802
1.8830	2.8110	0.2814
1.8200	3.8500	0.3073
1.8050	0.5673	0.2728
1.8140	3.5350	0.3000
1.8540	3.0500	0.2669
1.8310	2.7070	0.2217
1.9060	2.9110	0.1985
1.7360	0.1811	0.1348
1.8060	1.3710	0.2052
1.6150	0.0971	0.0979
1.5470	1.6430	0.0616
1.6110	1.7400	0.0883
1.5310	0.9401	0.0808
0.9554	0.0651	0.0264
1.4640	1.0330	0.0748
1.7720	2.3350	0.2041
1.7980	0.2457	0.1743
1.7690	0.0114	0.2082
1.6520	0.2391	0.1378
1.3530	4.6240	0.0604
1.6920	2.8330	0.1110
1.1340	0.9551	-0.0206
1.4410	0.9667	0.0495
1.4650	1.4030	0.0164
1.0830	0.1303	-0.0802
1.8960	0.2581	0.1412
1.6440	0.7547	0.1053
1.9420	0.5414	0.2420
1.9670	3.0840	0.1899
1.9860	2.3560	0.1809
2.0350	0.4652	0.1954
1.9640	1.9060	0.1806
1.8500	3.0840	0.3176
1.8890	2.5780	0.2890
1.9240	1.9590	0.2706
1.8720	1.9240	0.3044
1.8920	1.3110	0.3010
1.9030	0.0171	0.2748
1.9560	2.0320	0.2801
2.0380	3.0290	0.2215
2.0700	3.3960	0.1983
1.9700	2.2450	0.2545
1.9920	2.9100	0.2555
2.0170	1.3930	0.2495
2.1020	1.1570	0.1998
2.0360	3.0300	0.1874
2.0200	0.7564	0.2411
2.0710	1.6360	0.2201
2.0980	1.7200	0.2007
2.0250	1.4140	0.1979
2.0140	1.3340	0.1874
2.0610	2.5270	0.2076
1.9530	0.8603	0.1913
1.9630	0.3158	0.2456
2.0410	0.4753	0.2282
1.9830	2.0990	0.2081
1.8870	2.5600	0.2039
1.8540	1.7180	0.1911
1.9160	2.1550	0.2624
1.9280	1.3240	0.2579
1.9480	2.7160	0.2562
1.9850	2.4710	0.2425
1.9620	3.3670	0.2218
1.9060	0.7142	0.2143
1.8410	1.9320	0.1925
1.9500	3.0310	0.2378
1.9230	2.0270	0.2191
1.9050	2.8070	0.1976
1.8020	0.7523	0.1795
1.7380	2.4670	0.1784
1.8430	1.4380	0.1796
1.8010	0.0696	0.1699
1.7710	0.2382	0.1684
1.9220	0.0494	0.1822
1.9390	0.9204	0.1775
1.7250	1.2070	0.1827
1.8120	2.0620	0.1840
1.8740	0.3769	0.1813
1.7860	1.3350	0.1805
1.9140	2.1200	0.1807
1.6770	4.2530	0.1721
1.6700	2.8660	0.1782
1.7790	1.3830	0.1690
1.7290	3.3490	0.1687
1.6820	2.0800	0.1705
1.7270	4.3440	0.1695
1.6700	2.8440	0.1753
1.6970	3.7450	0.1786
1.7600	2.2970	0.1815
1.6610	3.8180	0.1788
1.6610	1.9630	0.1777
1.7160	1.7620	0.1793
1.7750	0.4333	0.1842
1.8020	3.1080	0.1822
1.8010	1.8380	0.1805
1.7740	3.0270	0.1812
1.8030	4.7860	0.1804
1.8170	0.1577	0.1776
1.8100	2.5620	0.1768
1.8370	2.2920	0.1814
1.8420	3.2100	0.1793
1.8300	2.7190	0.1788
1.8410	3.1540	0.1840
1.8910	1.0510	0.1967
1.9420	2.8940	0.2202
1.9600	3.1120	0.2246
1.7900	1.2060	0.1716
1.8080	4.3250	0.1721
1.7920	1.1090	0.1714
1.8290	2.3380	0.1794
1.8880	1.0420	0.1965
1.9330	3.4690	0.2112
1.9470	1.4270	0.2276
1.8670	1.7150	0.1815
1.9210	1.6480	0.2028
1.9240	8.0810	0.2106
1.9310	2.6580	0.2269
1.9250	2.3480	0.2278
1.9200	4.3550	0.2202
1.8930	2.7650	0.2220
1.8510	0.4283	0.2176
1.9560	0.6066	0.1903
1.8610	2.7450	0.1771
2.0040	0.7969	0.2336
1.9970	3.3670	0.2198
2.0030	4.0330	0.2045
2.0150	4.1350	0.2192
2.0080	3.3130	0.1982
1.8950	1.0170	0.2153
1.9480	0.8739	0.2259
1.8650	4.6240	0.2172
1.8630	3.2530	0.2152
2.1110	0.2726	0.2119
2.2550	0.0308	0.2135
2.2680	0.8500	0.2123
2.1290	0.5739	0.2235
2.1350	2.2810	0.2258
2.0950	0.9641	0.2280
2.2190	1.5530	0.2192
2.2370	1.3110	0.2235
2.1800	1.8350	0.2305
2.1220	1.5000	0.2303
2.1110	2.5000	0.2378
2.1510	1.4930	0.2315
2.1160	3.1170	0.2387
2.0720	1.4810	0.2527
2.0920	0.9261	0.2453
1.8680	2.1840	0.1691
1.8160	0.3255	0.1722
2.0400	3.3050	0.1970
2.0130	1.5330	0.1730
1.9220	3.3740	0.1594
1.9310	2.7100	0.1462
1.8430	1.3560	0.1530
2.1070	0.9200	0.2403
2.0830	1.2010	0.2248
2.0810	1.5430	0.2480
2.1130	0.6117	0.2499
2.0980	3.1240	0.2515
2.0420	2.1720	0.2610
2.0590	0.1237	0.2384
2.0000	0.3148	0.1522
1.9280	3.0200	0.1324
2.0360	0.4604	0.2001
2.0170	0.3694	0.1938
1.9800	3.9220	0.1918
1.9310	2.9340	0.1241
1.9060	2.4530	0.1234
1.9240	1.3010	0.2047
1.8880	0.4145	0.1459
1.8910	2.5610	0.1307
1.8820	0.7125	0.1529
1.9010	2.2860	0.1360
1.9420	0.0843	0.1751
1.9680	1.0500	0.1780
1.8920	0.0410	0.1805
1.9220	0.5369	0.1803
1.9060	0.6587	0.1907
1.8430	0.6345	0.2009
1.8550	2.4040	0.1972
1.8150	0.7715	0.1810
1.8450	3.8230	0.1757
1.8140	6.2550	0.1747
1.8240	2.4970	0.1743
1.8350	1.6890	0.1656
1.8200	2.0570	0.1832
1.8120	2.5530	0.1909
1.8500	0.8368	0.1754
1.8200	0.6194	0.1667
1.8550	2.5580	0.1453
1.8420	2.5350	0.1609
1.8350	3.3380	0.2004
1.8740	2.8940	0.1372
1.8870	1.0970	0.1399
1.9080	1.8810	0.1543
1.9790	1.1540	0.1794
1.8350	2.7110	0.2066
1.8880	2.8380	0.1834
1.9440	3.2230	0.1826
1.9230	1.6590	0.1871
1.8670	1.7170	0.2054
1.8370	2.2830	0.2182
1.8910	1.4220	0.1707
1.9220	2.2930	0.1788
1.9190	1.5260	0.2030
1.8960	3.1250	0.1924
1.9020	2.1520	0.2051
1.8700	0.9355	0.1975
1.9150	0.5435	0.1876
1.8430	1.3000	0.2138
1.8580	0.3092	0.2074
1.8670	2.7790	0.1810
1.8810	2.9620	0.1679
1.6980	0.0654	0.1451
1.7800	2.0480	0.1471
1.7910	0.4336	0.1202
1.5880	0.0672	0.0785
1.4630	0.7871	0.0674
1.4890	1.4140	0.0563
1.7550	0.4059	0.1514
1.5180	0.4175	0.1149
1.3630	0.9197	0.0971
1.2690	0.8720	0.0940
0.8556	0.2416	0.0558
1.8650	4.5720	0.1799
1.8470	3.8680	0.1742
1.8800	0.1835	0.1690
1.8710	2.5060	0.1777
1.8260	3.6600	0.1825
1.8240	0.3102	0.1941
1.7390	0.6471	0.1771
1.5590	0.4801	0.1219
1.3220	0.8358	0.0904
1.6980	0.0052	0.1499
1.6750	0.2541	0.1484
1.6620	0.2983	0.1639
1.4110	1.0780	0.1139
1.1410	0.3012	0.0695
1.7440	0.8809	0.2104
1.6230	0.0650	0.1620
1.5620	0.1356	0.1601
1.7200	1.5500	0.1933
1.6320	1.0290	0.1600
1.8330	0.1354	0.2150
1.8530	3.0010	0.2111
1.8330	0.3394	0.2415
1.8280	1.8190	0.2312
1.9090	0.1349	0.2315
1.9640	2.4730	0.2410
1.9270	4.4750	0.2244
1.8510	1.3530	0.2078
1.8300	1.9490	0.2258
1.8700	3.8700	0.1762
1.8810	1.8840	0.2119
1.9280	1.8990	0.2475
1.9620	3.1680	0.2595
2.0010	3.0440	0.2480
1.8960	1.3690	0.2590
1.9360	0.2392	0.2669
1.9720	2.5070	0.2680
2.0350	1.7720	0.2514
2.0100	1.1500	0.2639
2.0290	0.6979	0.2628
2.0610	2.2400	0.2493
2.0640	2.3090	0.2576
1.8440	1.5760	0.2150
1.8470	2.9260	0.2141
1.8860	1.7640	0.2376
1.8550	2.1830	0.2187
1.8270	0.3094	0.2200
1.8060	4.4040	0.2355
1.8560	5.8790	0.2352
2.0020	3.3260	0.2879
1.9310	3.1190	0.2725
2.0550	1.2500	0.2673
2.0230	2.1080	0.2808
2.0080	1.5100	0.2886
2.0200	3.1280	0.2735
2.0210	3.0440	0.2766
1.8110	4.4170	0.2553
1.8610	3.6860	0.2551
1.8480	2.5090	0.2642
1.9130	1.5800	0.2742
2.0270	2.8430	0.2706
2.0320	2.3910	0.2686
1.9910	0.5864	0.2571
1.9650	2.3790	0.2604
2.0260	1.6660	0.2740
2.0110	0.7672	0.2823
1.9220	2.1250	0.2886
1.9870	1.7700	0.2824
1.8660	2.0070	0.2785
1.8980	2.7520	0.2853
1.9230	2.0550	0.2425
1.8590	1.5870	0.2539
1.8120	1.8510	0.2631
1.9720	0.6842	0.2430
1.9030	1.9740	0.2600
2.0310	0.0716	0.2636
2.0080	1.7430	0.2477
2.0420	2.9170	0.2637
2.0560	0.8705	0.2498
2.0840	2.0890	0.2395
1.9830	2.6840	0.2293
2.1410	3.1320	0.2347
1.9230	1.7000	0.2298
1.9800	0.6215	0.2296
2.1390	1.7970	0.2238
2.1440	1.2850	0.2235
2.0910	3.1620	0.2339
2.2270	1.2790	0.2170
2.0710	3.9460	0.2176
1.8520	4.7510	0.2188
1.9700	0.6940	0.2735
1.9530	2.4620	0.2682
2.0530	0.8737	0.2736
2.0580	1.0470	0.2668
2.0280	1.7670	0.2708
1.9320	3.4770	0.2615
1.9210	2.9600	0.2559
2.1120	2.1180	0.2569
2.0190	1.4770	0.2622
2.0710	0.2408	0.2586
1.9580	1.7400	0.2784
1.9320	3.0470	0.2742
1.9630	3.1960	0.2654
2.0470	3.2730	0.2537
1.9990	2.1450	0.2565
1.8980	0.5492	0.2484
2.0450	1.4940	0.2593
2.0390	1.4820	0.2518
2.0750	1.8920	0.2431
1.8940	0.9854	0.2382
2.0190	2.6290	0.2376
1.8590	1.8070	0.2281
1.9640	1.4230	0.2828
1.9430	2.1350	0.2666
1.9600	1.5300	0.2907
2.0020	1.0190	0.2828
2.0750	1.1310	0.2711
1.8560	0.6890	0.0696
1.9230	3.1940	0.1842
1.1900	1.3320	-0.0398
1.5760	2.6840	0.0039
1.8360	2.8190	0.0876
1.9490	1.5540	0.1444
2.0810	0.7436	0.1792
2.0860	1.5460	0.2564
2.1310	2.0830	0.2584
1.9520	2.6950	0.2358
2.1400	2.0210	0.2142
2.2230	0.4731	0.2287
2.1640	0.7127	0.2544
2.1580	1.1840	0.2402
2.1420	0.9536	0.2482
2.0150	0.1678	0.2665
1.9890	2.0860	0.2776
1.0770	1.4750	-0.0742
1.4140	0.3214	0.0004
1.2860	5.8610	-0.0404
1.8360	1.2750	0.0585
1.7050	0.9611	0.0183
1.9140	1.1330	0.0992
2.1670	0.2683	0.1821
1.7320	2.8320	0.1010
1.8660	4.8530	0.2023
1.8930	0.8745	0.1424
1.7840	1.6320	0.1856
1.8380	4.5420	0.2211
1.8940	0.5259	0.2333
1.9420	2.3650	0.2348
2.1750	1.6960	0.2118
2.1930	0.7062	0.2280
2.0460	0.9395	0.1844
2.0440	2.1080	0.2276
2.0160	4.0280	0.2399
2.1550	2.7160	0.2541
2.1200	3.1630	0.2543
2.1010	2.0730	0.2700
0.9624	0.5850	-0.0818
0.7477	0.1021	-0.0454
0.9067	1.5410	-0.0693
1.0340	2.8640	-0.0603
0.9960	1.3490	-0.0378
0.6312	0.4373	0.0116
0.6205	0.2320	-0.0174
1.0770	0.0512	0.0508
0.6296	0.4584	0.0167
0.7227	0.3689	0.0086
0.8370	0.1648	-0.0226
1.2800	3.1790	0.0062
0.6854	0.1651	-0.0294
0.7374	0.2528	-0.0077
0.8801	0.1063	0.0261
1.3940	0.0301	0.0788
1.1950	0.7924	0.0676
1.5480	0.1058	0.1258
