1.8330	1.2040	-0.0392
2.3370	2.7770	0.1110
2.2490	1.9170	0.0757
2.3970	0.8507	0.0959
2.4190	4.2050	0.0308
2.5050	0.0343	0.0211
2.4400	0.6991	0.1025
2.4870	1.2150	0.0925
2.6580	1.4620	0.0905
2.5230	4.2730	0.0771
1.6920	1.4230	-0.1073
2.4480	0.1740	0.0718
2.1940	3.0460	0.0649
2.5640	4.7300	0.0854
2.4450	6.0750	0.1054
2.3260	0.2261	0.0469
2.0930	1.9840	0.0321
2.2500	1.4240	0.0300
2.3100	0.0904	0.0670
2.1960	1.5040	0.0227
1.6700	0.5890	-0.1272
2.5730	3.4080	0.0050
2.4100	1.4700	0.0249
2.4150	0.6759	0.0858
2.5030	0.9002	0.0581
2.6380	0.4805	0.0951
2.5830	1.8950	0.0855
2.5610	1.9140	0.0987
2.5140	2.5040	0.0940
3.2010	1.1500	0.0840
3.1720	0.7648	0.0786
2.5570	2.9310	0.0631
2.3140	3.0780	0.0926
2.5130	1.1300	0.0912
1.4330	0.0659	-0.0550
2.3270	3.4700	0.0826
2.5700	0.3459	0.0846
2.6130	2.0910	0.0848
2.7230	3.1160	0.1137
2.3580	3.4480	0.1069
2.3350	3.0300	0.0742
1.7170	0.1700	-0.0249
2.3160	1.9210	0.0580
2.3870	1.1840	0.0805
2.4640	5.3700	0.0660
2.2550	4.2090	0.0696
2.5850	0.4286	0.0756
2.4030	4.7760	0.0750
2.5160	0.8317	0.0873
2.4410	2.7350	0.0862
2.5510	3.7460	0.0904
2.1820	2.0780	0.0664
2.2040	0.3302	0.0581
2.4530	0.4247	0.0392
2.2790	3.1900	0.0691
2.1860	1.8430	0.0555
2.1010	3.5770	0.0505
2.1850	1.6700	0.0613
2.1340	3.5690	0.0208
2.4780	4.0490	0.0711
2.5210	1.6780	0.0278
2.0980	0.7495	0.0549
2.1210	3.6740	-0.0246
1.9390	2.7010	0.0102
2.4190	3.0060	-0.0371
2.1780	4.4960	0.0044
1.9280	2.4600	0.0218
2.1400	1.5560	0.0092
1.4520	0.0630	-0.1213
2.0740	0.3488	0.0155
1.8620	1.9870	0.0106
1.6920	0.7451	-0.1334
2.4090	1.7400	0.0195
2.2440	2.8340	0.0357
2.4110	0.0812	0.0001
2.2540	3.6290	-0.0071
2.2940	1.7550	-0.0036
2.4790	0.1790	0.0141
2.2480	0.6358	0.0103
2.4060	1.6980	0.0276
2.4750	1.0100	0.0507
2.5310	0.6432	0.0217
2.4370	3.0720	0.0597
2.2370	1.4270	0.0836
2.4230	0.6804	0.0875
2.4890	0.4196	0.0578
2.2790	0.5374	0.0748
2.3040	1.9430	0.0809
2.6150	0.0702	0.0762
2.6060	1.0410	0.0655
2.8910	3.2600	0.0963
2.3650	3.3770	0.0508
2.4810	0.1663	0.0605
2.4800	2.0160	0.0678
2.5090	0.0960	0.0832
2.5720	3.2270	0.0976
2.5310	0.2897	0.1023
2.5430	1.9130	0.0761
2.5190	4.5390	0.1091
2.4660	1.3130	0.1106
2.4990	3.9230	0.1169
2.4220	5.2000	0.1144
2.6240	4.3680	0.1062
2.7090	0.8907	0.0555
2.9180	1.0070	0.0743
2.6060	0.2356	0.0907
2.5270	3.1160	0.0890
2.4610	6.0800	0.0628
2.4140	2.8070	0.0677
2.7600	3.5840	0.0848
2.4800	2.6300	0.0718
2.3660	1.6090	0.0273
2.6200	3.2320	0.1062
2.5040	0.8381	0.0875
2.6410	1.9550	0.0912
2.4790	1.9130	0.0396
2.6360	1.9190	0.0985
2.5280	2.0340	0.0853
2.3700	1.4330	0.0650
1.8450	0.1952	0.0248
2.0210	1.5860	0.0348
1.3550	0.0221	-0.0806
2.4190	4.7940	0.0941
2.3730	4.4350	0.1051
2.1600	0.7461	0.0445
2.4740	2.0400	0.0844
1.8830	0.4317	0.0135
2.8090	2.0530	0.0831
2.3500	4.9310	0.1207
2.7570	3.6140	0.0898
2.6810	5.0900	0.0775
2.4110	3.6190	0.0853
2.4830	4.6160	0.0550
2.5490	5.6430	0.1424
2.3270	1.0350	0.0682
2.3630	4.8830	0.0501
2.7720	3.0600	0.0685
2.6740	0.4109	0.0859
2.7190	4.4370	0.0500
2.5790	2.4910	0.1051
2.5550	3.0740	0.1084
2.5300	2.4830	0.0919
2.6910	0.9046	0.1038
2.6090	2.5160	0.1092
2.7340	3.3200	0.0772
2.6900	2.2560	0.1017
2.6270	1.8040	0.1107
2.5890	1.0160	0.1187
2.7100	3.3500	0.1067
2.5940	0.4487	0.0959
2.0040	0.7022	0.0611
2.3710	1.0840	0.0830
2.3830	1.0580	0.1017
2.4830	2.2300	0.0701
1.6140	0.9734	-0.0702
2.0970	1.7560	0.0721
2.3700	2.1120	0.1190
2.5490	3.8490	0.0839
2.4140	2.7480	0.0612
1.3730	0.5798	-0.1514
1.2750	0.0406	-0.1326
1.3680	0.3368	-0.0904
2.3000	4.5240	0.0646
2.4310	3.6030	0.0581
2.3150	3.9990	0.0657
2.2740	1.1920	0.0594
2.2780	2.3130	0.0705
2.3670	2.5420	0.0636
2.4460	2.2320	0.0723
2.4500	0.7975	0.0911
2.4930	5.0500	0.0858
2.2230	0.9685	0.0686
2.3430	4.0610	0.0714
2.3100	2.3010	0.0744
2.3400	2.0590	0.0687
2.4980	0.0233	0.0732
2.3980	0.5736	0.0698
2.4510	1.9980	0.0717
2.6160	4.2300	0.0786
2.4460	0.9351	0.0731
2.5110	2.8570	0.0971
2.5280	3.2380	0.1100
2.4230	2.2300	0.0828
2.4880	3.9880	0.0830
2.4190	3.4870	0.0737
2.5320	2.2660	0.0947
2.5060	2.1970	0.1071
2.4590	2.5970	0.0818
2.4400	3.6060	0.0758
2.4890	2.9680	0.0841
2.4030	1.0710	0.0961
2.4820	4.2550	0.0911
2.2160	1.5460	0.0733
2.2330	3.0880	0.0597
2.1930	4.5460	0.0580
2.1580	5.0380	0.0557
2.1930	2.5020	0.0595
2.2410	0.8064	0.0565
2.1790	1.5050	0.0579
2.5050	1.9900	0.0448
2.3930	2.6900	0.0566
2.2740	0.7315	0.0495
2.4980	2.4680	0.0308
2.5120	4.3130	0.0441
2.4480	1.7200	0.0545
2.2220	2.5550	0.0610
2.1160	2.2190	0.0468
2.1360	1.2690	0.0481
2.1760	0.5585	0.0586
2.1270	3.1820	0.0577
2.1460	0.7930	0.0590
2.1650	0.3662	0.0546
2.0920	2.7170	0.0410
2.1480	1.9410	0.0613
2.0820	2.6920	0.0437
2.1040	2.5040	0.0566
2.2070	2.7980	0.0670
2.3200	1.9430	0.0660
2.3210	2.9130	0.0651
2.5030	2.7170	0.0733
2.0780	3.4070	0.0264
2.1840	1.1270	0.0473
2.3140	2.8890	0.0491
2.2620	2.4760	0.0326
2.4000	2.5910	0.0703
2.1170	1.6650	0.0560
2.0920	0.2711	0.0165
2.5030	0.7910	0.0282
2.4790	1.8880	0.0521
2.2080	3.4580	0.0575
2.4280	1.3770	0.0321
2.1130	1.1040	0.0511
2.1040	4.7110	-0.0091
2.1340	4.2710	0.0090
2.1020	4.6510	0.0040
2.0960	0.9019	0.0388
2.1070	1.9490	0.0288
2.1590	4.3260	-0.0621
2.2160	2.5350	0.0359
2.0470	2.0760	0.0203
2.1160	0.7289	0.0136
1.9930	0.4130	-0.0736
1.7660	0.8265	-0.0930
1.7860	3.2650	-0.1058
2.4500	1.5180	0.0100
2.2980	0.4246	0.0101
2.1230	3.2930	0.0120
2.0040	0.2669	0.0228
2.0470	3.6110	0.0125
2.1270	3.2830	0.0150
1.9630	0.8150	0.0190
2.2780	0.3592	0.0368
2.1370	0.6061	0.0006
2.1560	2.3670	0.0282
1.9970	1.0280	-0.0161
1.6150	0.5573	-0.0820
1.9930	0.5787	-0.0551
1.9460	0.4050	-0.0684
1.3970	0.0108	-0.1355
1.8880	0.7165	-0.0616
1.8800	2.9720	0.0247
1.9480	0.5696	0.0236
1.9650	0.2939	0.0268
1.9460	1.6150	0.0060
1.8490	1.0650	-0.0399
1.8830	1.0570	0.0151
1.6400	0.5786	-0.1300
1.8110	0.2528	-0.0340
1.8250	1.7040	-0.0417
1.6730	0.7620	-0.1343
2.1910	0.1726	0.0309
1.9360	0.5257	0.0115
2.3400	1.2070	0.0193
2.4400	0.4115	0.0306
2.4380	1.0880	0.0341
2.4190	0.2969	0.0228
2.4340	1.8310	0.0430
2.1960	2.1630	-0.0020
2.2430	0.1872	0.0068
2.4730	1.5090	0.0110
2.3500	2.3820	-0.0009
2.2990	2.2420	-0.0067
2.4390	0.1725	-0.0005
2.3490	0.3768	-0.0060
2.3440	3.9020	0.0038
2.3550	3.0920	0.0064
2.3210	2.4660	0.0065
2.2940	3.5970	-0.0095
2.3970	2.1940	-0.0049
2.2420	3.3530	0.0017
2.3410	2.9810	0.0133
2.5610	2.5020	0.0088
2.3810	2.6100	-0.0015
2.2790	0.4747	0.0082
2.3560	0.5028	0.0228
2.3180	2.7860	0.0183
2.4880	0.6428	0.0297
2.4680	2.4100	0.0381
2.5770	1.5730	0.0116
2.5120	0.0719	0.0182
2.4210	0.4862	0.0376
2.4500	4.4640	0.0601
2.4290	2.6200	0.0640
2.4650	2.5060	0.0077
2.5130	0.8249	0.0080
2.4520	1.2240	0.0147
2.4610	2.3790	0.0250
2.5470	3.0690	0.0425
2.5260	0.2224	0.0554
2.4550	1.9150	0.0763
2.4380	2.8090	0.0182
2.5830	0.0959	0.0436
2.3780	0.1688	0.0505
2.3010	1.5180	0.0765
2.3450	4.1890	0.0881
2.2520	1.7750	0.0601
2.1960	0.3910	0.0765
2.1820	0.3837	0.0795
2.4850	1.6230	0.0541
2.4790	2.8940	0.0424
2.3640	2.7950	0.0888
2.4350	0.6951	0.0655
2.4970	2.9340	0.0685
2.2970	1.4620	0.0868
2.4020	2.9470	0.0794
2.2200	3.2530	0.0868
2.3140	3.4360	0.0939
2.2590	1.2220	0.0777
2.1740	3.5010	0.0824
2.2740	2.2440	0.0806
2.3740	3.2940	0.0723
2.4740	3.5360	0.0787
2.3980	3.9840	0.0951
2.7420	3.7310	0.0932
2.2900	1.3690	0.0964
2.4680	2.5360	0.0795
2.6310	0.7226	0.0694
2.7600	2.0570	0.0817
2.7850	1.5520	0.0984
2.5450	0.4614	0.0561
2.8060	1.0380	0.0741
2.9390	4.4880	0.0798
2.5630	1.2030	0.0686
2.7350	3.1530	0.0797
2.4460	3.9450	0.0542
2.4740	4.7610	0.0619
2.3430	5.2240	0.0493
2.3620	5.0120	0.0503
2.4490	1.2020	0.0524
2.4700	3.0480	0.0664
2.5310	0.2820	0.0777
2.4130	1.3060	0.0730
2.3810	2.3120	0.0585
2.3520	1.8640	0.0702
2.5100	4.7670	0.0702
2.4910	3.0990	0.0926
2.4270	3.7430	0.0604
2.5750	3.1790	0.0779
2.3660	0.6587	0.0529
2.4180	2.5940	0.0765
2.4450	1.8870	0.1008
2.7220	8.0260	0.0918
2.6440	2.1910	0.0913
2.5600	1.8130	0.0908
2.6060	0.2894	0.0845
2.4520	3.6570	0.0934
2.4580	1.9660	0.0725
2.5160	3.1240	0.0739
2.5220	4.7290	0.0949
2.4630	2.1570	0.0908
2.4310	2.8990	0.0870
2.4230	5.3000	0.0973
2.4520	1.6000	0.0864
2.5740	2.0220	0.0986
2.6770	1.5240	0.0966
2.4050	1.7310	0.1021
2.5080	1.3040	0.1002
2.5110	2.4400	0.1076
2.5680	1.1510	0.1082
2.5120	0.0268	0.1153
2.6140	1.7580	0.1152
2.6300	1.3900	0.1105
2.6200	2.5620	0.1062
2.5110	2.7670	0.1209
2.3970	3.0600	0.1113
2.6440	1.9130	0.1145
2.7430	3.7880	0.1039
2.4110	0.4514	0.1022
2.4120	1.6960	0.1144
2.4920	5.4250	0.1164
2.4190	2.2450	0.1067
2.4990	2.8170	0.1097
2.6960	3.8930	0.0777
2.6170	2.6200	0.0840
2.4000	3.6760	0.0829
2.6530	0.9751	0.0682
2.8590	2.8440	0.0695
2.8170	0.3534	0.0629
3.1450	1.6890	0.0806
2.8070	4.0280	0.0962
2.5370	0.3106	0.0899
2.5070	0.1591	0.1006
2.6510	2.8090	0.0959
2.6930	0.7591	0.0887
2.8220	3.8330	0.0821
3.1190	2.0620	0.0851
2.6610	0.7395	0.0538
2.7460	1.7540	0.0611
2.4350	2.0330	0.0787
2.5040	1.5400	0.0736
2.5880	0.3231	0.0654
2.6250	3.6620	0.0640
2.9090	1.3110	0.0799
2.5220	2.6820	0.0713
2.4100	1.2370	0.0582
2.5900	0.7481	0.0713
2.5540	2.0870	0.0830
2.6970	0.4798	0.0873
2.4650	5.0730	0.0433
2.3780	1.6540	0.0256
2.5670	1.0710	0.0878
2.4840	4.0940	0.0614
2.4270	1.2060	0.0483
2.4820	3.5460	0.0616
2.4320	0.9589	0.0410
2.7370	2.3010	0.1058
2.7970	1.6980	0.1021
2.9560	1.2050	0.0901
3.0060	2.6720	0.0842
2.8690	2.1050	0.0870
2.6870	0.1348	0.0805
2.5840	2.3700	0.0729
2.7510	1.7770	0.0997
2.5540	3.5590	0.0918
2.7070	3.3670	0.0864
2.5410	2.2640	0.0853
2.4940	2.8630	0.0792
2.6650	0.3073	0.0875
2.6690	1.5750	0.0899
2.6860	0.3793	0.0942
2.3000	2.4840	0.0193
2.5270	2.8740	0.0519
2.4300	1.6860	0.0280
2.4250	3.4150	0.0188
2.4350	2.4510	0.0302
2.5680	1.0050	0.0864
2.5010	2.2170	0.0709
2.6470	1.9670	0.0944
2.6820	1.7870	0.0974
2.5990	1.8580	0.0993
2.4730	2.6960	0.0992
2.3610	2.2240	0.0936
2.4580	0.8654	0.0517
2.4370	0.0003	0.0439
2.4890	0.4429	0.0643
2.5100	1.4320	0.0849
2.2350	3.2920	0.0752
2.2770	0.5428	0.0410
2.0640	0.6224	0.0749
2.0680	3.1770	0.0559
2.0070	1.4170	0.0377
1.8340	0.7606	-0.0167
1.7130	1.1870	-0.0348
1.5700	0.5356	-0.0743
2.1760	1.2890	0.0846
1.8950	1.4950	0.0256
1.6690	0.9244	-0.0297
1.6380	0.5981	-0.0245
1.3320	0.0749	-0.0703
2.4300	3.5650	0.1014
2.3400	3.3660	0.1082
2.5120	1.6460	0.0891
2.4700	1.9720	0.0942
2.4030	5.3860	0.1066
2.4810	1.3200	0.0945
2.4360	1.5180	0.0981
2.0740	1.2100	0.0317
1.7290	0.5601	-0.0141
2.2350	0.8933	0.0858
2.3570	1.7610	0.0790
2.3920	1.7690	0.0735
2.0040	0.8781	0.0198
1.5520	0.2941	-0.0343
2.5260	3.8550	0.0906
2.3290	1.1940	0.0749
2.2110	0.8720	0.0542
2.3630	2.1330	0.0831
2.2680	2.9530	0.0664
2.4310	2.0500	0.0929
2.3260	3.9870	0.1362
2.7110	0.1849	0.0887
2.7040	2.0270	0.0851
2.5210	0.9219	0.1004
2.5530	2.4310	0.0990
2.3630	4.1790	0.0917
2.5300	1.9180	0.0910
2.6350	0.3920	0.0945
2.4200	3.7780	0.0827
2.5420	2.3660	0.0823
2.9050	2.1750	0.0858
2.8400	3.3440	0.0797
2.5280	2.9100	0.0906
2.8970	2.2160	0.0867
3.0330	0.1057	0.0819
3.0750	0.1560	0.0781
2.5320	0.9316	0.0895
2.3500	2.3310	0.0798
2.6080	4.6690	0.0819
2.4790	0.6701	0.0949
2.4420	3.2140	0.0936
2.4460	2.4460	0.1045
2.4760	0.4844	0.1480
2.3630	3.5270	0.0527
2.3740	1.4070	0.0659
2.4660	1.5720	0.0777
2.5740	1.8330	0.0691
2.5420	3.2680	0.1145
2.3600	3.7980	0.0609
2.3300	1.5390	0.0550
2.4100	0.2358	0.0865
2.3960	1.3230	0.0717
2.3170	0.2006	0.0529
2.3460	2.0020	0.0682
2.4600	3.6500	0.0624
2.6690	2.7930	0.0612
2.6510	1.0780	0.0684
2.5530	0.3597	0.0478
2.7560	3.5150	0.0643
2.7150	4.0340	0.0728
2.6950	0.5391	0.0654
2.7140	1.8980	0.0751
2.7490	0.9163	0.0852
2.6550	5.1660	0.0724
2.6560	4.7130	0.0676
2.5210	2.7090	0.0880
2.5330	2.6830	0.0686
2.5820	3.1570	0.0985
2.5290	0.6646	0.1063
2.6030	2.6280	0.0961
2.6800	2.4990	0.0980
2.5820	2.6920	0.1040
2.5450	1.4380	0.1076
2.5460	3.2580	0.1134
2.3530	2.9030	0.0840
2.3820	3.1330	0.0787
2.3820	1.5410	0.0918
2.4420	3.5810	0.1042
2.6270	2.9420	0.0967
2.5740	2.6760	0.1051
2.7280	2.7110	0.1110
2.5570	0.2886	0.0973
2.7010	2.8920	0.0990
2.7620	1.0520	0.0969
2.7960	3.8160	0.1086
2.7750	0.4805	0.1113
2.7290	2.9670	0.1047
2.5330	2.9070	0.1113
2.4170	4.4360	0.1074
2.6090	3.8120	0.0740
2.6820	2.9150	0.0757
2.5640	2.2930	0.0969
2.4560	2.1560	0.1163
2.7280	0.3446	0.0913
2.7620	2.6270	0.0841
2.7570	2.2040	0.0947
2.4490	3.5490	0.1050
2.6290	2.5250	0.1104
2.4970	0.8811	0.1115
2.6010	2.1090	0.1054
2.5990	2.6960	0.1126
2.5800	1.7390	0.1165
2.6480	3.0200	0.1210
2.7140	0.1996	0.1057
2.6280	3.5570	0.0933
2.5320	3.1910	0.1116
2.6470	2.1950	0.1177
2.7340	3.5880	0.1148
2.5440	1.7540	0.0968
2.7110	3.2000	0.1099
2.4540	4.2770	0.1065
2.5620	4.2220	0.0768
2.4380	3.3980	0.0752
2.4940	4.3450	0.0845
2.6670	2.2350	0.0904
2.4090	0.2156	0.0990
2.7030	1.6260	0.0554
2.4480	3.4890	0.0848
1.6370	1.0500	-0.0176
2.2190	0.7346	0.0240
2.0370	1.9570	0.0608
2.2190	1.4480	0.0830
2.2560	0.5904	0.0881
2.3400	2.8220	0.1008
2.3480	0.9896	0.1071
2.4370	2.0820	0.0880
2.4120	1.8660	0.0969
2.4960	1.7590	0.0900
2.4310	3.3150	0.1083
2.4510	0.4001	0.0689
2.5530	1.2300	0.0914
2.6440	1.0780	0.1005
2.5490	3.8290	0.0793
1.5780	0.5608	-0.0804
1.8540	0.4369	0.0334
1.6570	2.4250	-0.0678
2.1180	0.3651	0.0481
2.0290	1.2620	0.0330
1.9950	3.3930	0.0825
2.1110	4.5050	0.0648
1.9470	1.5320	0.0571
2.5180	1.4860	0.1227
2.2280	0.7850	0.0760
2.3470	0.9853	0.1218
2.5880	5.0330	0.1662
2.5920	1.7220	0.1366
2.5880	0.7890	0.1037
2.2480	1.3270	0.0502
2.3420	1.6270	0.0704
2.2920	1.3920	0.0645
2.4420	4.7520	0.0623
2.6130	1.3290	0.0771
2.4370	0.4325	0.0619
2.5770	4.0090	0.0625
2.5600	0.2032	0.0613
1.5640	0.7311	-0.1316
1.4420	0.3327	-0.1638
1.4890	0.9248	-0.1618
1.4710	2.6500	-0.1213
1.4420	1.4850	-0.1075
1.2920	0.1358	-0.1421
1.3350	0.0112	-0.1569
1.3260	0.1136	-0.1158
1.2570	0.1658	-0.1083
1.2980	0.0682	-0.0967
1.3510	0.3897	-0.1339
1.5180	2.3250	-0.0687
1.3130	0.1756	-0.1486
1.3080	0.0896	-0.1197
1.3470	0.0701	-0.0774
1.5990	1.8740	-0.0002
1.4930	0.9700	-0.0212
1.9560	0.2238	0.0494
1.8080	1.4090	-0.0086
2.2740	2.8920	0.1164
2.3180	1.2610	0.0644
2.1060	1.5040	0.0840
2.2270	1.6450	0.0266
2.4790	0.1843	0.0205
2.4590	2.7320	0.0496
2.5160	2.0970	0.0741
2.5580	2.0860	0.0899
2.6000	3.7660	0.0810
1.3100	0.3698	-0.0667
2.1540	2.6910	0.0293
2.0480	1.6580	0.0459
2.2620	4.9060	0.0642
2.2520	5.3090	0.0914
2.1590	1.7040	0.0445
2.0350	1.8930	0.0134
2.5400	2.6150	0.0040
2.3240	2.2830	0.0197
2.6080	0.3965	0.0244
1.6530	0.6214	-0.0722
2.4660	1.4070	-0.0043
2.4140	0.2497	0.0258
2.4790	3.5130	0.0624
2.3830	0.4811	0.0663
2.6490	2.6190	0.0722
2.5550	1.4600	0.0756
2.7550	2.3120	0.0953
2.6050	1.1050	0.0704
2.6220	1.2240	0.0681
2.8580	0.0393	0.0781
2.5720	3.4910	0.0718
2.6420	1.4480	0.0880
2.2530	2.3670	0.0902
1.1300	0.5248	-0.0088
2.2660	5.4750	0.0706
2.4230	3.7250	0.0698
2.4420	0.9200	0.0824
2.5680	0.5392	0.0987
2.0550	0.7077	0.0586
1.9560	1.1290	0.0695
1.7160	2.2950	-0.0188
2.2190	2.6830	0.0554
2.1600	0.3185	0.0633
2.3790	4.4680	0.0629
2.0750	2.4480	0.0327
2.2080	2.7250	0.0495
2.2550	1.7400	0.0474
2.2460	4.8030	0.0581
2.1030	2.2620	0.0570
2.1580	3.9500	0.0780
2.2370	5.2300	0.0534
2.1840	0.9113	0.0493
2.5170	0.7252	0.0439
2.5210	0.5104	0.0601
2.2660	3.5760	0.0466
1.9950	2.6850	0.0274
2.0780	1.8690	0.0224
2.1530	2.4550	-0.0091
2.2460	3.2010	0.0168
2.4940	1.3160	0.0108
2.3010	0.4675	0.0423
2.0020	2.1220	-0.0642
2.0740	1.7650	-0.0033
1.7980	1.8180	-0.0696
2.3280	3.5180	-0.0028
2.5860	2.1240	0.0058
2.3790	2.0790	0.0558
1.3300	0.5827	-0.0665
2.4500	1.9020	0.0455
2.5400	1.0470	0.0150
1.3600	1.6850	-0.0960
2.5230	0.7949	0.0180
2.4490	0.0047	0.0402
2.3650	3.6600	0.0102
2.4570	4.3250	-0.0045
2.4200	4.5420	-0.0014
2.5320	3.0680	0.0061
2.1620	2.6180	0.0223
2.6100	0.8215	0.0339
2.4580	2.5250	0.0482
2.5120	1.3410	0.0364
2.2450	3.5420	0.0549
2.2420	1.2930	0.0597
2.5880	1.0120	0.0657
2.3030	1.9290	0.0651
2.3540	2.7050	0.0653
2.4080	0.2981	0.0714
2.3030	1.6170	0.0703
2.5350	1.7820	0.0683
2.4300	3.4620	0.0809
2.5410	2.8360	0.0581
2.7090	3.3910	0.0648
2.4490	1.8510	0.0677
2.2920	3.9130	0.1001
2.1170	3.9950	0.0859
2.6010	2.0580	0.0756
2.5680	0.2429	0.0677
2.5340	2.3040	0.1033
2.7250	0.4505	0.0818
3.0150	2.9130	0.0918
2.7280	4.4390	0.0824
2.7450	2.4270	0.0804
2.5370	2.1050	0.0586
2.4190	2.3230	0.0773
2.5250	0.1245	0.0516
2.6320	3.3270	0.0714
2.4900	5.1830	0.0633
2.3070	2.4900	0.0753
2.8420	0.5759	0.0822
2.5150	1.5730	0.0804
2.2830	0.9980	0.0574
2.4090	0.7037	0.0888
2.5170	0.7623	0.0781
2.7420	0.0752	0.0811
2.5030	1.1770	0.0550
2.4060	0.5461	0.0881
2.8780	0.6035	0.0803
2.4450	0.6600	0.0593
1.9350	0.3885	0.0564
2.0890	0.7964	0.0509
1.2890	0.7506	-0.0337
2.3050	4.8420	0.0960
2.2880	1.9050	0.1138
2.0570	0.3552	0.0600
2.3700	1.6970	0.0790
1.8390	0.5098	0.0228
2.4990	0.1169	0.0815
2.2340	5.5660	0.1150
2.4700	0.8400	0.0792
2.5130	1.0710	0.0515
2.4090	1.7600	0.0358
2.1390	3.4760	0.0640
2.1920	5.3920	0.1040
2.4390	3.4700	0.0494
2.3400	1.9170	0.0397
2.4540	0.7903	0.0593
2.6690	4.0170	0.0873
2.2790	5.1110	0.0459
2.5040	0.0360	0.1065
2.5570	3.5410	0.1035
2.8740	1.1500	0.0916
2.4810	1.9260	0.0849
2.4190	1.5510	0.0786
2.4810	1.1640	0.0543
2.5260	1.3420	0.0713
2.3430	2.4260	0.0755
2.5280	1.6210	0.0742
2.7390	1.5050	0.0690
2.1730	0.2767	0.0618
1.7880	1.0970	0.0684
1.9070	2.2120	0.0737
1.9680	0.1911	0.0683
2.1060	0.2827	0.0715
1.4730	1.3270	-0.0339
2.0480	2.1410	0.0828
2.1570	0.9155	0.0734
2.3310	3.7570	0.0685
2.3060	1.7010	0.0362
0.8655	0.5244	-0.1013
0.6941	0.1093	-0.0778
1.1290	0.8786	-0.0438
2.3250	4.2620	0.0553
2.2960	3.7870	0.0583
2.3570	2.7990	0.0648
2.0250	2.1270	0.0535
2.0900	1.8280	0.0543
2.0970	1.4240	0.0586
2.1900	2.1260	0.0665
2.2300	2.2840	0.0783
2.2970	4.3210	0.0729
2.1090	3.1710	0.0380
2.1620	4.2150	0.0377
2.2020	3.5690	0.0482
2.1110	1.9140	0.0285
2.1810	4.9110	0.0427
2.1410	2.3830	0.0336
2.2180	2.1230	0.0425
2.3230	1.5100	0.0568
2.2390	1.4640	0.0487
2.3060	2.1900	0.0735
2.2880	0.2178	0.0837
2.2610	2.3920	0.0592
2.2670	4.7480	0.0573
2.1820	1.5240	0.0520
2.1970	4.5260	0.0713
2.2360	0.2718	0.0922
2.1430	3.9340	0.0650
2.1150	1.0220	0.0533
2.0750	1.9770	0.0619
2.0960	2.3840	0.0677
2.0710	0.2222	0.0730
2.2850	2.9640	0.0615
2.2650	2.6770	0.0551
2.1950	4.7860	0.0488
2.2320	5.4590	0.0530
2.2440	1.5230	0.0552
2.1580	0.0522	0.0490
2.0070	1.9300	0.0475
2.3540	1.1600	0.0473
2.4170	2.4720	0.0515
2.2190	0.6134	0.0442
2.4810	0.4781	0.0362
2.4730	1.4860	0.0434
2.5190	0.3375	0.0502
2.3880	3.8980	0.0529
2.2780	0.6217	0.0442
2.1310	0.6653	0.0385
2.0370	0.7473	0.0459
2.0010	2.8570	0.0365
2.2430	0.5058	0.0510
2.0880	0.0403	0.0422
2.0030	2.5980	0.0183
2.0250	3.2120	0.0308
2.0000	3.2860	0.0065
1.9960	3.4990	0.0172
2.0430	3.0380	0.0290
2.1230	1.3390	0.0262
2.1390	0.0183	0.0209
2.1940	2.3800	0.0276
2.0640	2.5020	-0.0074
2.0950	3.3050	0.0077
2.1980	2.9850	0.0125
2.2810	0.3698	0.0056
2.3040	3.5310	0.0352
2.5330	2.0390	0.0485
2.0790	2.2950	0.0224
2.4830	0.8614	0.0171
2.4650	1.1870	0.0424
2.5280	3.4520	0.0371
2.5400	1.0350	0.0065
2.5140	2.0840	0.0328
2.1280	1.6380	-0.0307
2.1590	0.2992	-0.0294
2.0740	0.7694	-0.0373
2.0630	2.7360	0.0078
2.4150	1.7930	0.0049
1.8900	0.4570	-0.0826
2.1390	4.1260	-0.0034
2.3910	2.0830	0.0082
2.0540	0.1435	-0.0136
1.6960	2.3640	-0.0869
1.5400	0.5961	-0.0925
1.4010	2.1730	-0.0838
2.4110	2.1530	0.0064
2.3810	1.5850	0.0019
2.5310	5.1050	0.0022
2.6280	0.1282	0.0137
2.5050	2.8700	0.0021
2.4080	4.3540	0.0020
2.5020	2.2720	0.0037
2.4850	2.2560	0.0353
2.4020	1.1270	0.0559
2.5950	0.0552	0.0302
1.9770	0.9230	0.0278
1.8250	1.6310	-0.0387
2.0850	0.2264	0.0165
2.2260	1.7910	0.0046
1.3410	0.6010	-0.0777
2.2020	0.3320	-0.0050
2.5940	2.3560	0.0128
2.5190	0.9180	0.0088
2.6330	0.8919	0.0197
2.5190	0.0652	0.0233
2.0960	0.3142	-0.0234
2.3720	3.1260	-0.0042
1.5170	0.8751	-0.0740
2.1020	0.7468	-0.0374
1.9630	2.4090	-0.0563
1.2720	2.1730	-0.1001
2.4000	0.1622	0.0524
1.9380	0.5126	0.0321
2.5600	2.2090	0.0180
2.4960	2.3840	0.0354
2.5140	1.9760	0.0322
2.4770	2.4910	0.0165
2.5210	1.1630	0.0359
2.3960	3.2520	-0.0008
2.5660	2.2470	0.0065
2.4260	2.0840	0.0160
2.3300	3.5310	0.0013
2.3310	0.1034	-0.0022
2.3630	2.1060	0.0025
2.4270	1.4730	-0.0079
2.4760	1.5320	0.0030
2.3870	3.0840	0.0045
2.5280	2.8290	0.0037
2.4750	3.3500	-0.0034
2.5060	0.9666	-0.0036
2.2380	3.3590	0.0062
2.2840	3.2420	0.0214
2.5860	1.5740	0.0012
2.4760	3.1350	-0.0016
2.2040	0.7714	0.0099
2.2200	2.4590	0.0165
2.2060	0.3428	0.0232
2.4510	2.8160	0.0207
2.2450	2.6760	0.0348
2.5360	2.2660	0.0130
2.6590	2.8060	0.0147
2.8440	0.1945	0.0420
2.5800	3.4240	0.0499
2.8430	1.6950	0.0542
2.4530	1.5780	0.0242
2.4260	1.0790	0.0174
2.4880	3.1030	0.0307
2.5230	3.1010	0.0413
2.2390	4.1010	0.0461
2.5140	2.9860	0.0500
2.4020	1.4330	0.0606
2.5020	2.6760	0.0334
2.4310	0.4994	0.0502
2.1420	1.7020	0.0452
2.1800	2.3560	0.0541
2.2850	4.5870	0.0601
2.1410	0.1055	0.0524
2.1870	1.2000	0.0524
2.2840	0.1323	0.0628
2.3060	2.7380	0.0537
2.2760	1.3620	0.0467
2.4920	3.5130	0.0666
2.7730	0.2011	0.0637
2.4720	3.3790	0.0710
2.5300	2.5310	0.0646
2.4050	1.5640	0.0738
2.3640	2.9600	0.0679
2.3760	1.4370	0.0754
2.3310	0.1444	0.0655
2.3510	3.5980	0.0597
2.4230	0.5879	0.0616
2.4050	4.3810	0.0647
2.3070	3.6030	0.0644
2.4800	3.2770	0.0673
2.5860	3.3390	0.0671
2.4130	4.6070	0.0753
2.3630	2.1000	0.0705
2.2590	1.3620	0.0678
2.3480	1.2820	0.0740
2.6180	2.6850	0.0749
2.3770	2.0380	0.0639
2.3380	4.5260	0.0722
2.4060	5.0130	0.0762
2.6040	1.6390	0.0716
2.5400	0.4453	0.0805
2.6500	3.6410	0.0720
2.6020	2.8430	0.0869
2.4690	0.3156	0.0565
2.5720	4.6340	0.0642
2.6300	3.7900	0.0606
2.5100	0.0208	0.0757
2.7060	1.9200	0.0644
2.4050	0.1878	0.0651
2.4260	3.2170	0.0678
2.3860	2.0020	0.0644
2.4140	2.0100	0.0682
2.3320	4.1850	0.0807
2.4060	1.2830	0.0794
2.4250	1.5620	0.0877
2.4850	0.7680	0.0607
2.3290	0.3910	0.0813
2.2550	5.2660	0.0997
2.2920	2.1870	0.0967
2.4080	3.4560	0.0869
2.2520	1.8630	0.0950
2.1860	2.7380	0.0760
2.0970	0.6885	0.0786
2.6660	0.6455	0.0718
2.5490	0.6980	0.0886
2.6060	2.2350	0.0661
2.7530	2.6250	0.0624
2.6380	2.0100	0.0722
2.5950	1.9080	0.0668
2.4520	2.5610	0.0587
2.2700	0.7966	0.0813
2.4930	0.2827	0.0803
2.2400	4.9330	0.0837
2.2140	2.8550	0.0924
2.6270	2.7940	0.0901
2.6850	2.8610	0.1001
2.8990	1.9930	0.0939
2.8200	2.6820	0.0824
2.8660	3.9820	0.0808
2.7510	2.7430	0.0812
2.8520	2.9740	0.0880
3.0530	2.4570	0.0915
3.0070	3.2910	0.0914
2.7930	1.9030	0.0810
2.8910	1.5020	0.0888
2.9670	0.5555	0.0833
2.7800	4.0920	0.0731
2.5330	0.9818	0.0628
2.5670	2.6550	0.0616
2.4670	1.6750	0.0785
2.5530	3.5540	0.0841
2.4710	3.0490	0.0536
2.5140	4.3730	0.0634
2.6880	3.2270	0.0769
2.8080	0.4696	0.0757
2.4870	1.3150	0.0766
2.7030	1.0730	0.0784
2.6110	2.7750	0.0707
2.4850	0.6286	0.0446
2.5980	2.0660	0.0637
2.6740	1.0770	0.0684
2.5890	3.1800	0.0650
2.6530	4.0090	0.0652
2.5520	2.5190	0.0637
2.7400	1.7070	0.0705
2.5090	2.3870	0.0621
2.5220	0.9402	0.0619
2.5070	1.1400	0.0681
2.6550	3.1940	0.0698
2.8590	2.6560	0.0769
2.4310	2.1070	0.0690
2.3740	1.5100	0.0604
2.5580	2.7330	0.0716
2.4330	1.3530	0.0768
2.6600	1.2710	0.0855
2.2800	2.4320	0.0609
2.2310	0.5414	0.0410
2.5640	1.4790	0.0836
2.3440	0.4777	0.0737
2.4060	0.3728	0.0761
2.5120	1.2980	0.0768
2.4530	3.0440	0.0660
2.4850	2.9600	0.0884
2.5150	1.3800	0.0887
2.4720	1.2380	0.0940
2.3630	2.3220	0.0890
2.4130	1.2580	0.0819
2.4800	3.8360	0.0791
2.5520	2.5550	0.0746
2.5240	2.9780	0.0891
2.4510	1.4110	0.0868
2.5960	2.9440	0.0773
2.6620	0.2817	0.0799
2.7440	2.8780	0.0774
2.7940	1.9780	0.0809
2.7690	2.7380	0.0854
2.6460	1.8950	0.0880
2.2220	1.6600	0.0413
2.5730	2.0760	0.0649
2.3700	4.1140	0.0562
2.2850	3.7490	0.0404
2.4080	1.6380	0.0408
2.8600	0.5634	0.0823
2.7270	0.6023	0.0757
2.4040	0.3553	0.0899
2.6550	2.0110	0.0872
2.6970	2.9910	0.0853
2.4480	3.3610	0.0902
2.7850	2.3560	0.0797
2.5110	1.5360	0.0582
2.4590	1.5010	0.0443
2.6680	2.2820	0.0673
2.7330	0.0922	0.0724
2.7170	2.6340	0.0727
2.4100	0.2541	0.0405
2.2620	0.4541	0.0723
2.2450	2.8250	0.0664
2.1030	1.2780	0.0560
1.8810	0.4178	0.0283
1.7830	1.5030	0.0068
1.6890	1.7360	-0.0287
2.3310	1.9870	0.0700
1.9090	0.2460	0.0413
1.6480	1.3050	0.0061
1.6680	1.6390	0.0153
1.0230	0.3779	-0.0226
2.3290	4.2710	0.0927
2.3850	3.2710	0.1079
2.3840	0.2360	0.0884
2.3290	2.7100	0.0918
2.2910	3.8190	0.1103
2.2790	1.8330	0.0956
2.2700	1.9460	0.1069
2.1080	1.7970	0.0657
1.7740	2.2550	0.0219
2.2740	0.2732	0.0979
2.2390	1.3410	0.0867
2.2100	0.5908	0.0860
1.8970	0.6193	0.0401
1.3850	0.8884	-0.0023
2.2900	3.0330	0.0814
2.2000	1.4280	0.0796
2.2290	1.6470	0.0585
2.3500	2.1790	0.0948
2.2850	1.5210	0.0781
2.4090	1.1960	0.1066
2.2540	3.5570	0.1200
2.3700	2.5140	0.0832
2.4720	4.8810	0.0862
2.4730	2.9910	0.0988
2.5090	2.7740	0.0914
2.2110	6.6210	0.0874
2.3060	1.9540	0.0863
2.3370	0.0960	0.0848
2.3050	4.0280	0.0860
2.3510	2.7310	0.0763
2.5820	2.3220	0.0725
2.4920	5.2490	0.0739
2.4710	4.6790	0.0651
2.4990	2.2190	0.0847
2.5460	1.7880	0.0725
2.5850	0.4589	0.0677
2.4810	1.6740	0.0487
2.3400	3.4770	0.0489
2.4990	3.7410	0.0476
2.4760	2.5390	0.0378
2.4960	5.9150	0.0383
2.1270	0.2717	0.0964
2.1900	3.0800	0.1172
2.1160	1.8500	0.0611
2.0690	2.9440	0.0837
2.1200	2.8900	0.0799
2.3350	3.4200	0.0732
2.2630	2.8090	0.0950
2.3350	2.5670	0.0350
2.2400	3.7870	0.0404
2.4310	1.8460	0.0504
2.3690	3.7510	0.0446
2.3240	1.5710	0.0442
2.4160	2.8290	0.0639
2.4450	2.0430	0.0551
2.3170	0.6490	0.0609
2.4540	4.2500	0.0708
2.2200	3.6300	0.0411
2.3800	2.0740	0.0521
2.5630	4.0110	0.0655
2.4550	2.2450	0.0617
2.4040	0.8555	0.0633
2.6380	2.9770	0.0799
2.6310	1.3100	0.0791
2.5480	0.6286	0.0649
2.6390	3.9140	0.0826
2.4800	0.9355	0.0659
2.5790	0.1491	0.1024
2.6230	2.4700	0.0941
2.6330	2.3770	0.0919
2.5970	1.0680	0.1028
2.4640	1.8550	0.1088
2.3640	1.9730	0.1042
2.5370	3.3070	0.1107
2.6280	2.3100	0.0711
2.5700	2.6470	0.0864
2.5020	0.0202	0.0627
2.7770	0.8225	0.0828
2.8530	3.8720	0.0858
2.4260	2.7290	0.0899
2.4780	3.1520	0.0867
2.7270	0.0327	0.0976
2.7350	3.4390	0.0850
2.6190	3.0680	0.0884
2.5170	4.0930	0.0870
2.4990	0.5276	0.0762
2.5900	3.4800	0.0946
2.5090	3.9260	0.0986
2.2170	5.1440	0.0859
2.2280	2.6640	0.0392
2.3500	3.7890	0.0514
2.1740	0.5519	0.0711
2.2830	2.0220	0.0705
2.3850	3.8980	0.0701
2.5720	3.3510	0.0614
2.5790	3.9570	0.0671
2.1460	0.5242	0.0682
2.4610	1.7350	0.0741
2.2850	1.6020	0.0615
2.3740	3.3920	0.0823
2.7050	1.1880	0.0879
2.6540	3.0820	0.0928
2.5900	0.8202	0.0980
2.6980	2.3900	0.0721
2.4480	0.7903	0.0682
2.4780	2.6600	0.0654
2.5860	1.5660	0.0756
2.6550	1.8830	0.0770
2.2310	1.8390	0.0670
2.4310	1.2800	0.0660
2.1890	3.6020	0.0739
2.3390	2.2250	0.0451
2.4270	2.3230	0.0530
2.3780	3.5390	0.0527
2.5070	2.4140	0.0622
2.0250	1.7680	0.0653
1.9110	1.4300	0.0318
2.3780	2.9130	0.0629
1.4760	0.5625	-0.0037
1.7720	1.5570	0.0104
1.8340	1.5210	0.0566
1.9950	0.4982	0.0772
1.9300	0.3703	0.0701
1.9920	2.3930	0.0630
1.9930	2.7350	0.0663
2.1170	2.1830	0.0662
1.9460	0.3641	0.0718
1.9680	1.6750	0.0716
2.0580	3.5200	0.0670
2.0340	0.3175	0.0658
2.0970	1.8610	0.0725
2.2380	0.5318	0.0759
2.2960	4.1230	0.0697
1.3240	0.8630	-0.0395
1.7460	2.2330	0.0517
1.5490	3.0660	-0.0332
2.0390	0.5541	0.0440
1.9590	1.9810	0.0466
2.0410	3.8720	0.0862
1.9990	4.1680	0.0670
2.0670	2.8710	0.0219
2.1940	3.0670	0.0808
2.1310	1.5350	0.0682
2.2460	1.8730	0.0974
2.1690	3.3330	0.1030
2.2660	2.2270	0.1050
2.4610	1.8360	0.0872
2.1370	0.2533	0.0565
1.9960	1.3460	0.0523
2.1030	2.5660	0.0700
2.3910	4.0340	0.0580
2.5290	2.5580	0.0658
2.1020	3.5900	0.0656
2.2970	7.4150	0.0420
2.1180	5.0100	0.0521
1.1450	0.7925	-0.0714
0.9898	0.4705	-0.1116
1.0550	1.3990	-0.1092
1.1940	2.7880	-0.0659
1.1140	1.3960	-0.0667
0.7725	0.0779	-0.0884
0.7859	0.1571	-0.1043
1.1750	0.4632	-0.0626
0.7295	0.0571	-0.0597
0.8086	0.1910	-0.0423
0.8684	0.5397	-0.0768
1.3950	1.7000	-0.0485
0.7505	0.2478	-0.0935
0.7894	0.3394	-0.0604
1.0630	0.5253	-0.0272
1.7010	1.5720	0.0065
1.4920	1.2940	-0.0107
2.0980	0.7629	0.0462
