1.6820	0.8789	0.0573
2.1930	2.2380	0.1502
2.1330	3.0590	0.1240
2.2670	2.8160	0.1880
2.2460	2.8230	0.1781
2.3310	0.5150	0.1905
2.2270	2.5860	0.1733
2.1500	3.5890	0.1450
2.1990	0.0279	0.1245
2.1780	3.3820	0.1112
1.3910	2.4210	-0.1163
2.1010	1.9340	0.2140
2.1170	2.6430	0.1178
2.1230	4.0370	0.1964
2.2050	4.5600	0.1515
2.1500	0.7965	0.1668
1.9370	0.9586	0.0940
1.8970	1.4370	0.1450
2.0000	2.3840	0.1483
2.1400	0.3718	0.1885
1.5200	0.1298	-0.0669
2.3090	1.1340	0.1917
2.1570	0.7081	0.2067
2.1870	2.8280	0.1738
2.2640	0.8787	0.1360
2.3400	2.1790	0.1903
2.1580	2.9890	0.1558
2.3600	3.7050	0.2188
2.4370	0.5575	0.1471
2.2620	2.9570	0.1264
2.3080	1.7150	0.1037
2.3010	0.0529	0.1950
2.1380	2.1530	0.1606
2.1320	1.5320	0.1702
1.2730	0.2183	-0.0240
2.1860	5.7960	0.1378
2.1490	2.9010	0.1702
2.2900	3.8630	0.1687
2.2440	2.0870	0.2508
2.2030	2.1450	0.2451
2.0080	3.7200	0.1224
1.4670	0.3809	-0.0563
2.1640	0.7889	0.0919
2.2150	0.4718	0.1245
2.2640	4.6600	0.1043
2.0440	3.8650	0.1524
2.1260	0.2849	0.2032
2.1200	3.9170	0.1313
2.1810	2.5390	0.1536
2.2110	2.6420	0.1792
2.2450	1.6090	0.1758
2.1260	4.7300	0.1451
2.0130	0.0947	0.1232
2.2700	2.4700	0.1895
2.0710	2.0760	0.1697
2.0250	3.9860	0.1507
2.0080	3.6400	0.1181
2.0050	3.2350	0.1871
1.9830	3.9470	0.1162
2.1370	2.5940	0.2194
2.3200	1.1430	0.1869
1.9150	1.6980	0.0552
1.9570	3.6300	-0.0392
1.6780	2.0370	0.0324
2.0010	4.1330	-0.0541
2.1710	1.1700	0.1934
1.9490	3.0460	0.1763
1.7900	0.1166	0.1264
1.3360	0.0193	-0.0527
1.7920	2.0750	0.0803
1.7760	2.6830	0.1037
1.4880	1.0500	-0.0994
2.1920	1.3320	0.1988
1.9580	3.4970	0.1640
2.2210	2.9710	0.1948
2.1680	3.6410	0.2068
2.1360	3.0670	0.2045
2.2720	0.8102	0.1783
2.1590	1.1120	0.2012
2.2030	1.9950	0.1717
2.2650	2.2920	0.1670
2.1440	1.7950	0.1879
2.1600	3.6240	0.1621
2.1700	1.3630	0.1459
2.2210	1.4430	0.1722
2.2620	1.7270	0.1817
2.1280	0.6251	0.1294
2.2280	1.8250	0.1608
2.2970	1.7030	0.1870
2.3010	1.3440	0.1243
2.4400	0.9523	0.1581
2.1570	0.1505	0.1039
2.1850	0.7362	0.1151
2.2810	0.2677	0.1093
2.0770	0.3790	0.1588
2.3420	3.3790	0.1972
2.3230	2.9810	0.1896
2.1410	3.0500	0.0891
2.2960	2.3850	0.2047
2.5160	2.8980	0.1937
2.4570	1.1490	0.1941
2.2510	2.8810	0.2146
2.2260	4.3320	0.1722
2.1200	0.2649	0.0690
2.2830	3.6050	0.0975
2.2000	1.0990	0.1398
2.4050	0.7961	0.1278
2.1550	7.2450	0.0719
2.1240	2.9630	0.1021
2.2580	3.0170	0.1084
2.2670	0.1591	0.1712
2.2370	2.5790	0.1884
2.3800	0.5486	0.1233
2.3620	2.0200	0.1378
2.3190	0.3817	0.1656
2.2070	1.0950	0.2130
2.2490	1.4020	0.1697
2.2720	1.5180	0.2056
2.0690	0.4398	0.1869
1.7760	0.3132	0.1138
1.9080	1.2020	0.0814
1.2450	0.2432	-0.0585
2.1590	4.0910	0.1457
2.1240	2.8940	0.1573
1.9030	0.5701	0.0935
2.0200	0.0077	0.1519
1.6480	1.0310	0.0506
2.1820	1.3420	0.1654
2.2190	3.6240	0.1521
2.1920	2.0790	0.1560
2.1850	3.2350	0.1426
2.1730	2.3400	0.1551
2.2690	2.2760	0.1505
2.1690	3.0720	0.1364
2.2130	0.9141	0.1976
2.2390	3.7220	0.1580
2.2360	0.2961	0.1541
2.1940	3.4470	0.1520
2.3740	4.3170	0.1613
2.2920	1.2300	0.2013
2.2960	2.8460	0.1931
2.2570	0.3118	0.2181
2.3240	1.3790	0.2507
2.2750	1.6900	0.2253
2.1840	0.8639	0.2500
2.2640	0.7775	0.2449
2.1410	3.3930	0.2349
2.2150	0.3001	0.2588
2.2960	3.2290	0.2344
2.1920	2.4820	0.2357
1.7910	0.6684	0.0363
2.1810	0.0957	0.1358
2.1280	1.9570	0.2098
2.1720	2.8450	0.1745
1.3750	1.1880	-0.1025
1.9060	1.0990	0.0669
2.0610	2.3030	0.1231
2.0420	3.1490	0.1389
2.1220	2.2560	0.1365
1.1850	0.1334	-0.1191
1.1190	0.4046	-0.1025
1.1930	0.0556	-0.0573
2.1790	4.7150	0.1040
2.2370	2.8720	0.0984
2.1860	5.0110	0.1151
2.1540	1.8320	0.1007
2.1740	2.1080	0.1165
2.2100	2.6260	0.0995
2.2500	2.3220	0.1107
2.2230	0.0377	0.1420
2.2820	3.0260	0.1208
2.0790	2.8370	0.1332
2.0920	3.4950	0.1380
2.1410	2.5080	0.1296
2.0650	1.0150	0.1813
2.1140	1.5220	0.2067
2.0850	0.1449	0.1741
2.1030	0.7024	0.1537
2.1180	2.6330	0.1977
2.1180	0.7197	0.1445
2.1990	2.1900	0.1422
2.1920	1.8430	0.1707
2.1910	1.8440	0.1323
2.1670	2.6900	0.1400
2.1320	1.3790	0.1465
2.1990	2.2670	0.1656
2.1660	1.6300	0.1835
2.1650	3.4880	0.1996
2.1770	3.3430	0.1571
2.2410	3.1440	0.1664
2.2510	0.2415	0.1861
2.2920	3.4780	0.1789
2.1180	3.3430	0.1320
2.1180	2.6080	0.1156
2.1800	5.5030	0.1588
2.1270	3.8830	0.1568
2.0800	2.1250	0.1404
2.0840	0.2088	0.0980
2.0650	2.2610	0.0985
2.1410	3.2870	0.1793
2.1030	2.7710	0.1718
2.1020	1.0760	0.1636
2.3190	1.9650	0.1892
2.3140	3.5230	0.1877
2.2280	1.0700	0.1876
2.0170	0.7241	0.1565
1.8820	2.2340	0.0842
1.8810	2.3030	0.0964
1.9790	1.2730	0.1005
2.0590	2.8780	0.1131
2.0300	0.7041	0.1379
1.9200	0.9453	0.0972
1.9610	2.0870	0.1131
2.0240	3.2780	0.1448
1.9830	4.1280	0.1498
1.9970	3.0800	0.1590
2.0180	3.5390	0.1720
2.0550	0.6877	0.2053
2.0500	1.2380	0.1996
2.1260	3.2690	0.2202
1.9760	3.9930	0.1171
1.9960	2.7620	0.1477
2.0380	0.2534	0.1701
2.0010	0.0089	0.1323
2.1140	0.6206	0.1990
1.8610	2.9410	0.1003
1.9360	1.1460	0.0551
2.3360	1.1010	0.1927
2.2300	1.2710	0.1787
1.9460	0.8065	0.1589
2.1310	1.4200	0.1762
1.8520	2.4890	0.1361
1.9750	4.6110	0.0314
1.9660	3.8700	0.0331
1.9700	4.1510	0.0427
1.9320	1.6770	0.0060
1.8510	3.4240	0.0721
1.9450	4.0070	-0.0753
1.9320	3.5120	0.0240
1.8510	1.6650	0.0876
1.8990	0.5771	0.0080
1.7320	0.7611	-0.0732
1.4790	1.8880	-0.0783
1.4710	3.3800	-0.1131
2.2960	0.3515	0.1898
2.2370	1.5010	0.1886
2.1220	3.6980	0.1938
2.0550	0.3202	0.1819
2.0770	4.4210	0.1891
2.0930	2.9370	0.1843
1.9030	1.1910	0.1616
1.9540	2.4080	0.1549
1.7860	0.0574	0.0957
2.0110	1.0780	0.1503
1.6970	0.7726	0.0876
1.5050	0.6642	-0.0021
1.6550	1.2350	0.0633
1.6540	0.6526	0.0299
1.2680	0.1831	-0.0706
1.6260	0.3933	0.0240
1.8400	2.9450	0.1481
1.8350	1.8620	0.1308
1.9240	0.1098	0.1547
1.8140	1.6890	0.1110
1.6840	0.1295	0.0337
1.7310	0.2076	0.0764
1.4600	0.5251	-0.0794
1.6450	1.2210	0.0107
1.6270	1.7880	-0.0122
1.4250	1.8160	-0.1143
1.8470	0.0159	0.1446
1.7460	1.0410	0.1238
2.1990	0.2695	0.1931
1.9960	2.9340	0.1680
2.0450	0.4560	0.1781
2.1580	0.7836	0.2063
2.1300	1.7180	0.1976
2.1700	3.2960	0.1994
2.1730	2.2390	0.1953
2.2880	1.4340	0.1926
2.2270	2.5960	0.1940
2.2290	1.9930	0.1986
2.2770	1.9550	0.1925
2.2140	2.4900	0.2049
2.1630	3.0860	0.2072
2.1540	2.9010	0.2061
2.1790	1.9190	0.2085
2.1560	3.9160	0.2083
2.2010	2.4960	0.2056
2.1260	2.9740	0.2022
2.1570	2.8000	0.2070
2.2730	0.7945	0.1799
2.2000	2.7890	0.2036
2.1970	2.0940	0.1976
2.2420	0.8116	0.1784
2.2260	1.9840	0.1919
2.2700	1.2400	0.1678
2.2550	3.1920	0.1696
2.3160	0.9081	0.1751
2.2930	1.6490	0.1691
2.2360	1.9740	0.1665
2.1830	0.7247	0.1731
2.2000	0.5438	0.1683
2.2050	3.4370	0.1944
2.2580	0.5767	0.1862
2.2410	0.6977	0.1939
2.1790	2.1430	0.1877
2.1390	2.4460	0.1769
2.1520	0.8026	0.1728
2.1760	2.7080	0.1683
2.1920	1.5000	0.1737
2.1360	1.9670	0.1713
2.1600	0.4667	0.1606
2.1850	1.5020	0.1523
2.1930	3.0060	0.1584
2.1860	0.7876	0.1532
2.1550	1.9340	0.1438
2.1030	0.1570	0.1329
2.2580	2.7420	0.1717
2.2550	3.4050	0.1771
2.1920	0.1496	0.1720
2.2460	2.2310	0.1682
2.2650	0.1250	0.1766
2.2110	0.2510	0.1895
2.2810	2.6370	0.1927
2.1680	1.4560	0.1527
2.2030	2.8250	0.1706
2.1300	1.5870	0.1267
2.1130	1.9210	0.1360
2.1840	1.8770	0.1417
2.1640	2.3930	0.1328
2.2280	2.8680	0.1515
2.2330	2.3830	0.1810
2.3520	0.4899	0.1911
2.2110	2.0600	0.1749
2.2730	1.1920	0.1677
2.2630	4.1360	0.1737
2.3880	0.5592	0.1716
2.4820	2.3800	0.1779
2.3400	2.0800	0.1343
2.3580	0.8771	0.1643
2.3750	3.2680	0.1421
2.2240	0.4221	0.1220
2.2630	2.9150	0.1233
2.2040	3.7690	0.1119
2.1840	4.1450	0.1047
2.3010	0.9755	0.1033
2.2170	3.9240	0.1062
2.1460	0.0564	0.1077
2.0950	3.1410	0.1355
2.1890	0.5506	0.1498
2.2670	1.2410	0.1175
2.2790	0.8172	0.1183
2.2240	3.3630	0.1157
2.2920	2.9900	0.1140
2.2560	1.7210	0.1481
2.1260	2.9870	0.1305
2.0740	1.3460	0.1524
2.2300	2.4280	0.1035
2.1740	0.0408	0.1391
2.1520	1.2150	0.1766
2.1590	3.0710	0.1808
2.2360	0.9343	0.1800
2.1500	2.7290	0.1898
2.2790	0.4321	0.1921
2.3030	3.5320	0.1867
2.1970	0.5081	0.1069
2.1570	4.3010	0.0981
2.2420	3.7130	0.1896
2.2170	1.4930	0.1679
2.2210	4.1300	0.1188
2.3960	3.8540	0.1485
2.2020	2.4460	0.1104
2.4510	0.9729	0.1945
2.4130	2.0430	0.1903
2.2660	1.9980	0.1906
2.3650	0.6158	0.1950
2.4130	1.1390	0.2001
2.4350	2.5350	0.2102
2.5380	1.3610	0.1970
2.4900	1.1690	0.1974
2.4870	2.5670	0.1722
2.4640	0.1318	0.2005
2.5560	3.7210	0.1911
2.3480	1.5040	0.2042
2.2980	0.5195	0.1792
2.3460	2.8250	0.1599
2.2860	0.8011	0.2258
2.2840	3.5640	0.2060
2.2450	3.8210	0.1939
2.2330	1.0090	0.1935
2.2120	0.5477	0.1701
2.1280	4.0890	0.0884
2.1770	2.3990	0.1091
2.2720	2.8920	0.1190
2.1250	1.2120	0.0714
2.1270	2.5650	0.0802
2.1640	0.6180	0.0722
2.3260	4.2490	0.0979
2.3340	2.7490	0.1457
2.4250	0.3460	0.1341
2.1960	1.3370	0.1550
2.2190	3.2440	0.1490
2.2340	0.1063	0.1290
2.2660	1.0600	0.1292
2.3310	3.2770	0.1249
2.1260	1.0560	0.0632
2.2290	0.8459	0.0750
2.2360	0.5377	0.1052
2.2410	1.9280	0.0930
2.2230	3.8360	0.1068
2.2180	1.5530	0.0798
2.2960	3.0040	0.1059
2.1710	1.0620	0.1228
2.1140	0.4473	0.0743
2.1800	1.2080	0.0896
2.1650	1.2840	0.1093
2.2460	0.9047	0.1078
2.2510	3.7300	0.1779
2.2300	0.6987	0.1837
2.3250	0.4819	0.1865
2.2490	2.5650	0.1921
2.2450	1.1060	0.1862
2.3090	1.8130	0.1760
2.3010	1.2540	0.1976
2.4920	2.0990	0.1389
2.4120	2.3490	0.1550
2.3860	4.4710	0.1265
2.3830	2.6380	0.1277
2.3530	3.1140	0.1304
2.2660	2.5990	0.1523
2.3040	1.5680	0.1685
2.3090	2.0480	0.1407
2.3710	1.8340	0.1210
2.3670	0.3057	0.1167
2.3460	3.2800	0.1490
2.3300	2.9270	0.1861
2.3470	1.1070	0.1149
2.3120	1.3350	0.1391
2.2150	0.1116	0.1400
2.2020	0.6033	0.1952
2.2480	3.1120	0.2065
2.2350	3.4770	0.2093
2.2110	1.7600	0.2098
2.1760	1.0100	0.2109
2.3340	1.0280	0.1968
2.2660	1.7320	0.2049
2.1950	0.4371	0.1474
2.2940	0.4323	0.1710
2.3270	0.8523	0.1957
2.2710	1.2490	0.1849
2.1550	2.8390	0.1932
2.1760	0.2252	0.2083
2.1540	1.5470	0.2017
2.2110	0.6353	0.2098
2.2250	1.6480	0.1990
2.0560	3.6110	0.1727
1.9840	2.2780	0.1738
1.9510	0.9561	0.1399
1.9100	3.1790	0.1537
1.8280	1.1530	0.1411
1.7010	0.5023	0.0812
1.7010	1.0320	0.0371
1.4710	0.5166	-0.0089
2.0220	1.5290	0.1260
1.8540	1.4840	0.0884
1.6300	0.4930	0.0035
1.5570	0.3796	0.0122
1.1920	0.3542	-0.0497
2.1820	2.7530	0.1560
2.1360	0.0308	0.1494
2.1560	1.9890	0.1295
2.1680	0.5703	0.1436
2.1610	4.5360	0.1629
2.1750	2.0350	0.1724
2.1560	0.1649	0.1744
1.9040	0.1714	0.0906
1.6010	0.5389	0.0361
2.0230	0.5431	0.1283
2.0960	0.1319	0.1405
2.0530	1.6330	0.1443
1.7040	0.7255	0.0688
1.3840	0.0012	0.0065
2.0760	4.5460	0.1690
1.9350	0.1768	0.1319
1.8760	0.4297	0.1160
2.1010	2.3810	0.1393
2.0040	2.7440	0.1129
2.1480	2.6810	0.1521
2.2320	4.1520	0.1538
2.1430	2.3330	0.1740
2.1260	0.9839	0.1656
2.1900	2.7720	0.1537
2.2070	3.2500	0.1446
2.1970	0.1079	0.1302
2.1850	0.8721	0.1613
2.1680	0.1856	0.1695
2.1390	3.6930	0.1223
2.1830	0.6799	0.1444
2.2110	2.1280	0.1440
2.2000	1.8920	0.1483
2.2050	4.2890	0.1387
2.1810	0.2837	0.1632
2.2050	1.7120	0.1515
2.2270	2.5110	0.1395
2.1740	2.2110	0.1373
2.1690	1.1450	0.1465
2.1900	3.2940	0.1366
2.1750	1.4440	0.1428
2.2220	0.3233	0.1658
2.1820	0.3157	0.1153
2.2270	4.2140	0.1624
2.2080	2.2800	0.1444
2.2330	3.2660	0.1239
2.1710	1.4170	0.1241
2.2900	0.2291	0.1506
2.1640	4.4250	0.1672
2.2210	2.6520	0.1663
2.2090	2.7870	0.1603
2.2370	2.1160	0.1870
2.2420	2.6060	0.1900
2.1900	0.7792	0.1728
2.1710	1.4260	0.1857
2.1700	3.6300	0.1584
2.2570	4.4330	0.1474
2.3260	0.5598	0.1578
2.2430	0.7043	0.1534
2.1860	4.5830	0.1449
2.1460	1.4690	0.1576
2.3160	0.8110	0.1627
2.4120	3.3320	0.1683
2.1750	3.1420	0.1610
2.2130	1.1000	0.1569
2.2210	4.0520	0.1570
2.1550	4.6690	0.1485
2.1950	4.0860	0.1468
2.2640	2.1910	0.1711
2.1840	3.6550	0.1567
2.1780	1.3630	0.1705
2.2360	3.2030	0.1742
2.2770	1.4980	0.2135
2.3150	1.4870	0.2433
2.2750	2.4800	0.2460
2.2070	1.4370	0.2031
2.1720	2.8510	0.1886
2.2270	1.4860	0.2050
2.2400	2.8350	0.2176
2.2910	0.3268	0.2294
2.3190	2.5020	0.2419
2.2880	2.5280	0.2511
2.2500	1.0440	0.2113
2.3290	2.3360	0.2357
2.3880	0.2999	0.2348
2.2500	3.9090	0.2414
2.2190	4.8240	0.2399
2.3540	0.5396	0.2329
2.2660	0.9872	0.2246
2.2390	3.4100	0.2031
2.1670	2.8740	0.2289
2.1650	3.0490	0.2237
2.3050	2.3740	0.2545
2.2740	3.0240	0.2521
2.2150	0.8664	0.2509
2.1940	2.4610	0.2189
2.1870	2.5790	0.2260
2.1200	2.4260	0.2597
2.1800	1.3520	0.2560
2.2120	2.8840	0.2625
2.1610	0.2832	0.1637
2.2380	1.8480	0.1943
2.2320	2.9660	0.2457
2.2140	0.1717	0.2543
2.3170	0.0613	0.2430
2.2380	2.2500	0.2353
2.2540	0.0452	0.2543
2.2250	4.4110	0.2429
2.2160	3.9590	0.2364
2.2430	1.2210	0.2284
2.2850	3.5870	0.2309
2.2350	3.2610	0.2216
2.1690	2.4750	0.2427
2.1140	1.4760	0.2081
2.1680	2.5160	0.2339
2.1700	0.2553	0.2507
2.2890	0.3028	0.2426
2.0250	3.5050	0.0679
2.0880	0.8334	0.1551
1.3510	2.9510	-0.0814
1.9450	2.1170	-0.0069
1.9590	1.8730	0.0921
1.9560	1.4940	0.1145
1.9750	0.9917	0.1543
2.2630	1.5260	0.2277
2.1670	2.9250	0.2400
2.2210	2.2140	0.2091
2.0900	1.0060	0.1820
2.0910	1.2240	0.1695
2.1040	2.9210	0.2359
2.1210	0.2947	0.1341
2.0980	1.7660	0.1883
2.1190	3.3820	0.2006
2.1470	1.6010	0.1648
1.3250	1.8030	-0.1115
1.5090	0.1449	-0.0244
1.4510	1.5850	-0.0877
1.7170	0.7525	0.0016
1.7250	0.3559	-0.0055
1.9000	4.2730	0.0669
1.9600	4.7900	0.0958
1.6590	2.4650	0.0424
2.0860	2.7720	0.1368
1.8040	0.9703	0.0650
2.1680	2.3280	0.1455
2.1980	5.5510	0.1579
2.1600	3.2040	0.1703
2.1080	1.4050	0.1655
1.9770	1.6070	0.1072
2.0680	0.8729	0.1140
1.9160	2.0610	0.0933
2.0040	1.9810	0.1401
2.1220	0.9418	0.1571
2.2200	0.8785	0.1416
2.2830	0.9331	0.1539
2.3130	1.2740	0.1600
1.3070	1.2650	-0.1180
1.2710	0.1860	-0.1181
1.2650	0.1291	-0.1234
1.2690	1.9080	-0.1112
1.2440	0.8158	-0.1052
1.1600	0.3699	-0.1008
1.1910	0.2533	-0.1102
1.1940	0.3284	-0.0798
1.1150	0.4443	-0.0855
1.1300	0.3757	-0.0708
1.1680	0.1236	-0.1045
1.3190	1.1850	-0.0732
1.1480	0.4441	-0.1140
1.1350	0.3147	-0.0887
1.1740	0.2544	-0.0450
1.4630	1.0420	0.0179
1.3180	0.2627	0.0016
1.7560	0.4426	0.0737
1.9510	0.6295	0.0865
2.0610	1.5030	0.1695
2.0760	2.6030	0.1467
2.0950	1.7780	0.2138
2.1050	1.9020	0.1870
2.1780	1.2980	0.2056
2.2120	0.6962	0.1811
2.3960	2.3580	0.1459
2.2470	2.1820	0.1230
2.1690	1.2960	0.1458
1.3220	2.3290	-0.0909
2.1810	3.2250	0.2581
2.1150	2.5670	0.1512
2.0090	3.3860	0.2299
2.2600	5.1440	0.1633
2.1110	0.8235	0.1847
2.0340	0.9094	0.1094
2.0260	0.3683	0.1413
2.0990	0.7893	0.2036
2.2200	0.5375	0.2056
1.4790	2.4530	-0.0295
2.2480	1.7600	0.2103
2.2990	1.5290	0.1995
2.1310	2.1460	0.1750
2.3910	0.7404	0.1516
2.1950	2.4670	0.1865
2.0660	0.2765	0.1788
2.5590	1.9990	0.2356
2.1910	3.5790	0.1819
2.4330	2.8450	0.1820
2.3700	3.0300	0.1104
2.2880	1.9180	0.2202
2.5250	3.1120	0.1875
2.2050	1.1370	0.1748
0.9699	0.0316	0.0195
1.9840	3.8970	0.1661
2.4820	0.6200	0.1667
2.3740	2.1150	0.1778
2.2460	0.0380	0.2372
2.1440	2.7950	0.2464
1.8410	4.3450	0.1583
1.5230	2.0950	-0.0236
2.0450	1.4440	0.1179
2.2520	0.3715	0.1547
2.1200	5.0270	0.1305
2.1400	2.3700	0.1877
2.1690	0.7013	0.2549
2.2050	3.5360	0.1758
2.2530	4.4750	0.1938
2.0190	1.8650	0.2041
2.2860	2.8720	0.2082
2.0580	5.5340	0.1658
2.0110	0.7769	0.1332
2.2130	1.0280	0.2025
2.1990	0.2908	0.1812
2.0390	4.3890	0.1640
2.0620	1.8060	0.1461
2.1210	1.7600	0.2249
2.1050	3.8380	0.1489
2.1730	1.4590	0.2811
2.2000	1.0430	0.1954
1.9240	1.8920	0.0918
1.9110	1.8870	-0.0143
1.7220	1.3940	0.0350
1.8260	1.4670	-0.0267
2.0920	0.9117	0.2115
2.0450	2.8790	0.1855
2.0690	0.4716	0.1563
1.6250	0.4551	0.0221
1.9120	2.9030	0.1337
1.7980	1.1880	0.1079
1.2750	1.6400	-0.0616
2.3110	2.1830	0.2076
2.2730	2.5580	0.1633
2.1310	2.6650	0.2128
2.1980	2.5040	0.2192
2.2860	3.0680	0.2126
2.2040	2.5770	0.1957
2.2500	0.3729	0.2047
2.2000	2.3720	0.1815
2.0790	1.3860	0.1727
2.1680	2.7270	0.1994
2.1130	2.5250	0.1769
2.1260	1.8520	0.1636
2.1540	2.4610	0.1720
2.1320	5.7050	0.1771
2.1610	1.0000	0.1478
2.0280	1.0040	0.1606
2.2250	0.0633	0.1714
2.3670	2.9220	0.1714
2.6260	1.4920	0.1741
2.3540	2.5570	0.1417
2.0120	2.8310	0.1313
2.2540	2.5390	0.1406
2.1500	1.6140	0.1946
2.2790	2.7950	0.2100
2.2110	3.4630	0.1784
2.0330	0.7799	0.1125
2.3150	0.8276	0.2241
2.2780	1.2030	0.2017
2.2240	3.2680	0.2046
2.1840	4.0170	0.2169
2.2610	0.9433	0.1721
2.0920	4.0040	0.0885
2.1970	1.0610	0.1285
2.3260	0.0531	0.1691
2.3630	1.7910	0.1770
2.1040	4.1240	0.0847
2.2230	0.8668	0.1258
2.3670	3.5520	0.1061
2.1610	0.1061	0.1983
2.1490	0.9269	0.1900
2.4690	4.4590	0.1460
2.3710	0.4629	0.1838
2.5120	1.9420	0.1767
2.2590	2.1680	0.2073
2.3410	0.4267	0.1571
2.4100	1.0180	0.2254
2.3410	1.1490	0.2029
1.8050	0.4947	0.1007
1.8180	0.3534	0.0781
1.2320	0.2974	-0.0132
2.2380	3.8920	0.1702
2.1620	1.0140	0.1806
1.8340	1.1010	0.1142
2.0010	0.8906	0.1513
1.5650	2.0430	0.0779
2.1770	3.2150	0.1824
2.0520	4.1110	0.1633
2.3710	0.3165	0.1886
2.2700	3.2210	0.1747
2.1810	3.0280	0.1828
2.3520	4.0270	0.1239
2.1760	5.7570	0.1893
2.2060	0.1601	0.1940
2.6210	1.7190	0.1643
2.5370	0.6746	0.1406
2.4640	3.4020	0.1476
2.6000	4.9310	0.1563
2.2870	1.4590	0.1815
2.3160	2.2930	0.1792
2.2090	2.7020	0.2080
2.4510	1.4110	0.2398
2.2630	3.0820	0.2411
2.3880	1.1390	0.2904
2.5850	0.2823	0.2668
2.3340	1.5070	0.2382
2.2540	3.2890	0.2477
2.3930	2.6400	0.2555
2.3410	2.8480	0.2855
1.8720	0.2272	0.0719
2.0510	1.4040	0.1663
1.9480	1.1780	0.2265
2.3090	3.7380	0.1881
1.4350	0.5541	-0.0840
1.7880	1.1230	0.1162
2.0220	1.7180	0.1551
2.0850	1.9970	0.1627
2.2060	0.5824	0.1478
0.8124	0.2200	-0.0957
0.6313	0.2297	-0.0623
1.0500	0.7958	-0.0058
2.0430	5.2470	0.1315
2.0770	3.6610	0.1226
2.0850	3.6640	0.1356
2.0660	1.6790	0.1298
2.1720	1.3430	0.1526
2.0810	1.4630	0.1268
2.1210	1.7730	0.1295
2.2910	1.2150	0.1618
2.1830	4.6340	0.1384
2.1470	3.7210	0.1699
2.1750	2.3650	0.1822
2.2370	3.6050	0.1692
2.1630	2.1090	0.2343
2.2000	3.7880	0.2554
2.1570	2.6400	0.2268
2.1220	1.3580	0.2126
2.0840	0.4688	0.2419
2.0870	1.6650	0.1950
2.3540	1.5330	0.1759
2.3150	0.6609	0.1937
2.3200	1.5520	0.1684
2.2480	4.1960	0.1838
2.0550	0.8816	0.1882
2.2360	3.1550	0.1960
2.1850	2.7270	0.1970
1.9820	5.3040	0.2115
2.0670	1.0190	0.1894
2.1680	1.7680	0.2003
2.0830	2.0210	0.2053
2.1600	0.3742	0.2075
2.0560	3.8050	0.1546
2.0210	3.8480	0.1384
2.0680	4.6690	0.1772
2.0480	5.0150	0.1641
2.0240	1.8870	0.1505
2.0330	0.4473	0.1224
2.0550	1.6790	0.1232
2.1720	3.3790	0.1957
2.1760	2.6210	0.1869
2.0840	0.3463	0.1765
2.2070	0.6661	0.2049
2.2520	2.5510	0.1968
2.2290	0.0381	0.1967
2.0960	2.1790	0.1725
1.9890	2.0290	0.1312
1.9980	0.7794	0.1168
2.0400	0.9415	0.1220
2.0750	2.4610	0.1452
2.0150	1.6730	0.1446
2.0160	0.7048	0.1221
2.0500	2.2050	0.1371
2.0950	3.9950	0.1746
2.0700	4.0440	0.1916
2.0760	3.7950	0.1931
2.1200	2.7120	0.2006
2.1500	1.4760	0.2393
2.1400	1.1200	0.2282
2.1750	2.6320	0.2790
2.0880	3.2850	0.1528
2.1070	3.2290	0.1985
2.1290	2.6570	0.1975
2.1010	3.6250	0.1599
2.1380	0.5597	0.2409
2.1090	1.9940	0.1462
1.9910	2.3520	0.0761
2.1910	1.1140	0.2015
2.2670	2.9300	0.1913
2.2240	2.0040	0.1709
2.2100	0.6208	0.1774
1.9420	1.5780	0.1273
2.0230	0.0811	0.0525
2.0010	3.4710	0.0657
2.0240	1.2380	0.0600
1.9420	2.7340	0.0297
1.8790	1.2550	0.0629
1.8000	0.3879	-0.0479
1.9810	3.7300	0.0841
1.8590	2.4050	0.0914
1.7060	1.9890	-0.0062
1.5660	1.6890	-0.0753
1.4170	1.4420	-0.0631
1.4110	2.9180	-0.0890
2.1270	2.6280	0.2065
2.1190	2.6420	0.2019
2.1630	3.6920	0.2126
2.1490	0.0084	0.2001
2.1050	4.2580	0.2044
2.0900	3.4340	0.1945
2.0350	1.1420	0.1661
2.1460	1.7160	0.1912
1.9930	1.2750	0.1448
2.1220	1.4150	0.1853
2.0470	1.7180	0.1140
1.9160	0.8104	0.0619
1.9460	2.0740	0.0927
1.8420	1.2520	0.0726
1.4760	0.9034	-0.0182
1.7120	0.9658	0.0621
1.9430	1.8090	0.1550
1.9540	1.7070	0.1301
2.0240	1.3190	0.1716
1.8530	0.6791	0.1185
1.6140	1.8420	0.0379
1.7570	3.9410	0.0817
1.3410	0.4329	-0.0331
1.5760	0.8578	0.0262
1.5830	2.8030	0.0023
1.2900	1.2610	-0.0872
2.1700	0.2979	0.1595
2.0790	1.7820	0.1257
2.2900	0.3025	0.2082
2.2040	1.2380	0.1973
2.2520	2.0630	0.1934
2.3090	1.3510	0.2019
2.2930	0.1686	0.1893
2.1400	3.3420	0.2165
2.2670	2.4820	0.2166
2.1340	2.6940	0.2104
2.1070	1.5240	0.2121
2.1390	1.8770	0.2178
2.1820	0.7968	0.2118
2.2060	2.0070	0.2164
2.3200	1.5320	0.2087
2.3290	4.1150	0.2051
2.3070	0.6405	0.2171
2.2490	4.6870	0.2162
2.2400	2.8240	0.2169
2.3160	2.3000	0.2106
2.2930	2.6270	0.2037
2.2470	1.4400	0.2051
2.2400	2.5530	0.2154
2.2030	2.4110	0.2061
2.0860	1.0550	0.1839
2.1130	2.5780	0.1970
2.0990	1.5510	0.1809
2.0970	2.6900	0.1765
2.2600	2.6690	0.1926
2.2140	0.8450	0.1866
2.1320	2.5150	0.1739
2.1430	1.7520	0.1769
2.1160	0.1889	0.1720
2.1630	2.9650	0.2091
2.2290	0.5981	0.2067
2.1490	2.8010	0.2097
2.1600	2.4730	0.2020
2.1360	3.3800	0.1960
2.1450	0.4461	0.1786
2.1330	0.8067	0.1739
2.2090	1.7940	0.1893
2.1310	2.8070	0.1876
2.1130	0.6108	0.1844
2.1220	2.8270	0.1717
2.1190	2.9510	0.1697
2.0970	0.0896	0.1776
2.1060	1.5570	0.1676
2.0920	0.8764	0.1561
2.1190	4.5070	0.1760
2.1180	3.6200	0.1732
2.1270	2.4140	0.1706
2.1100	2.3250	0.1732
2.1500	4.5820	0.1762
2.2010	0.1752	0.1781
2.1940	0.9100	0.1791
2.0850	2.7760	0.1594
2.1050	1.2790	0.1687
2.0950	1.5240	0.1470
2.1370	2.7280	0.1543
2.1270	1.1760	0.1516
2.2820	3.2190	0.1455
2.1560	1.4090	0.1586
2.1630	1.8370	0.1709
2.2380	2.2020	0.1799
2.1030	1.7020	0.1637
2.0590	6.3500	0.1628
2.2500	0.4018	0.1667
2.4100	1.0490	0.1799
2.3940	1.2160	0.1787
2.4930	0.5630	0.1608
2.3300	5.3340	0.1707
2.6060	0.7013	0.1808
2.2490	0.8888	0.1590
2.3270	4.2860	0.1607
2.2830	3.0460	0.1553
2.0970	3.8380	0.1338
2.4020	0.5662	0.1393
2.3530	1.9030	0.1458
2.2660	3.6380	0.1510
2.1870	3.7640	0.1675
2.0120	2.5680	0.1743
2.2110	0.1605	0.1356
2.3510	3.6020	0.1439
2.1370	3.0190	0.1339
2.1890	2.6990	0.1372
2.2280	1.0720	0.1630
2.2310	0.1288	0.1746
2.0750	0.3465	0.1831
2.3150	1.8060	0.1398
2.2370	0.1482	0.1622
2.2020	5.3640	0.1832
2.1620	0.6943	0.2006
2.2410	2.7120	0.1974
2.1490	1.6100	0.2110
2.2960	3.5230	0.2127
2.1350	0.8817	0.2147
2.0040	0.9226	0.1207
2.0560	3.8770	0.1275
2.1470	3.2000	0.1869
2.0210	0.0676	0.1550
2.0660	5.3850	0.1225
2.1470	1.3940	0.1840
2.1120	3.6360	0.1236
2.1980	3.1090	0.2041
2.3360	0.0326	0.1908
2.0870	4.2520	0.2229
2.0940	1.7430	0.2168
2.3100	1.5960	0.2127
2.5450	1.5470	0.2288
2.4440	2.5140	0.2119
2.1790	0.4728	0.1996
2.1390	2.6390	0.1893
2.2870	2.5340	0.1953
2.2630	2.8250	0.2081
2.3160	3.2980	0.2221
2.2160	0.2593	0.1855
2.2270	1.3260	0.1886
2.3190	2.3900	0.2384
2.2390	1.2860	0.2196
2.1920	5.1040	0.1942
2.1810	0.3760	0.1900
2.2230	1.9530	0.1794
2.0870	3.8920	0.1171
2.1660	0.0991	0.1373
2.2110	2.2790	0.1269
2.0940	3.8690	0.1071
2.0970	4.2780	0.1103
2.1510	4.0640	0.0941
2.2440	2.8610	0.1160
2.3330	2.0650	0.1780
2.3070	2.0330	0.1798
2.2520	0.0395	0.1738
2.3040	1.4250	0.1663
2.3660	2.2260	0.1779
2.3710	4.0610	0.1784
2.4080	0.1988	0.1766
2.0860	1.0210	0.0910
2.2200	2.5440	0.0891
2.2460	0.1409	0.1343
2.2320	1.6370	0.1303
2.2960	4.0090	0.1381
2.2030	3.5770	0.0792
2.3860	2.9260	0.1089
2.3590	1.4090	0.1550
2.1090	1.6620	0.0801
2.1460	3.2590	0.0855
2.1550	1.3760	0.1051
2.2800	0.6767	0.1075
2.1230	2.3590	0.1832
2.1130	2.8810	0.1845
2.1700	0.6359	0.1908
2.1630	1.4820	0.1832
2.1640	2.4770	0.1993
2.2150	2.4610	0.2077
2.1810	3.4360	0.2041
2.5930	2.3770	0.1535
2.2860	1.2660	0.1801
2.4180	1.1870	0.1603
2.5180	0.0602	0.1560
2.5000	3.2270	0.1518
2.2650	2.6310	0.2027
2.2930	2.6830	0.2144
2.2380	1.7860	0.1812
2.4090	0.7758	0.1566
2.6670	2.6960	0.1340
2.4870	2.4830	0.1848
2.3130	3.7240	0.2154
2.5830	1.6480	0.1266
2.5120	3.1570	0.1335
2.4110	1.7020	0.1469
2.1840	1.5250	0.1959
2.2590	2.9320	0.2146
2.1860	2.8530	0.2002
2.2320	3.5270	0.2019
2.2910	1.4230	0.2012
2.3750	0.8136	0.2134
2.3190	2.3380	0.2235
2.2210	0.4334	0.1442
2.5250	1.7880	0.1725
2.5590	0.6918	0.2018
2.5090	3.9240	0.1884
2.5120	2.6390	0.2141
2.3150	1.0220	0.2089
2.3240	0.0463	0.1953
2.3100	1.9310	0.2193
2.3950	0.5987	0.2197
2.4600	3.1320	0.2052
2.3230	2.3670	0.1797
2.2030	0.1756	0.1660
2.2780	1.5890	0.1794
2.2370	0.3044	0.1438
1.9990	0.3844	0.1004
1.5880	0.3704	0.0377
1.8460	0.2451	0.0086
2.2710	0.0821	0.1356
1.8400	0.9828	0.0956
1.5210	1.0550	0.0302
1.4220	0.8003	0.0418
0.9065	0.0149	-0.0008
2.2680	3.0330	0.1529
2.3970	0.2072	0.1648
2.1790	0.4544	0.1266
2.2100	3.2330	0.1416
2.2270	3.6590	0.1848
2.2790	0.3965	0.1932
2.1870	1.4430	0.1840
1.7950	0.0540	0.1017
1.4740	1.1630	0.0634
2.0840	0.4764	0.1327
2.0600	1.0900	0.1399
2.0710	0.2573	0.1543
1.6820	1.2180	0.0968
1.2100	0.5100	0.0413
2.1170	2.8780	0.1673
1.9720	0.7444	0.1472
1.8640	0.7604	0.1239
1.9990	1.6810	0.1604
1.9210	1.3910	0.1401
2.0860	1.1830	0.1725
2.0780	2.7410	0.1652
2.2170	0.9895	0.1779
2.1150	2.9370	0.1706
2.0790	0.2356	0.1834
2.0770	2.6690	0.1832
2.0080	4.2170	0.1558
2.3310	0.6022	0.1921
2.2820	0.7604	0.1887
2.2540	2.1760	0.1531
2.3580	1.1950	0.1753
2.4140	0.8586	0.1817
2.2260	3.3350	0.1859
2.0700	2.8470	0.1764
2.2970	0.3086	0.1843
2.3610	1.1810	0.1803
2.3870	3.0320	0.1789
2.1310	1.0300	0.1774
2.0840	0.6587	0.1748
2.3010	2.6940	0.1696
2.2290	2.9940	0.1787
2.2100	3.6420	0.1823
2.1170	0.0404	0.1433
2.0970	2.9050	0.1729
2.1810	1.8720	0.1277
2.0870	2.8390	0.1242
2.2200	0.8045	0.1292
2.4370	3.6660	0.1484
2.2400	3.7540	0.1836
2.4210	4.1450	0.1768
2.3040	4.0500	0.1590
2.1810	1.2610	0.1866
2.2560	3.0050	0.1862
2.5020	0.2835	0.1844
2.3390	2.9460	0.1852
2.6610	3.7580	0.1690
2.6010	2.0630	0.1395
2.4510	3.9150	0.1612
2.5260	2.4010	0.1363
2.7300	2.7150	0.1418
2.5610	2.9850	0.1497
2.5330	1.1660	0.1589
2.5090	0.4810	0.1691
2.4680	3.1040	0.1568
2.5190	1.7530	0.1477
2.5600	2.4640	0.1544
2.4070	4.4340	0.1400
2.4570	2.6530	0.1580
2.3910	3.2640	0.1470
2.3630	4.1380	0.1392
2.3710	2.0390	0.1732
2.4150	1.2870	0.1548
2.3140	0.7407	0.1782
2.2510	1.8400	0.2223
2.2740	0.5882	0.2292
2.1740	0.4298	0.1896
2.3250	2.4270	0.1878
2.1520	2.8550	0.1946
2.1920	1.3980	0.2150
2.3550	1.9070	0.2362
2.2910	1.3130	0.2209
2.3250	2.6590	0.2359
2.2750	0.7229	0.2039
2.2860	1.6630	0.2225
2.5100	2.4990	0.2548
2.3990	1.8380	0.2490
2.2870	1.9900	0.2442
2.5860	1.1560	0.2497
2.4040	2.4260	0.2351
2.0530	4.4980	0.2174
2.2350	2.4530	0.2835
2.3020	3.1120	0.2688
2.4190	0.9671	0.2838
2.4150	0.4645	0.2648
2.5750	1.7660	0.2840
2.2590	3.2920	0.2616
2.2710	2.9530	0.2514
2.2870	0.5211	0.2429
2.3260	2.9150	0.2441
2.2500	0.0368	0.2456
2.3620	0.9367	0.1682
2.3310	1.8110	0.2042
2.3150	3.0280	0.2364
2.2360	1.3950	0.2413
2.5230	0.6997	0.2602
2.1980	0.2794	0.2446
2.4350	2.5290	0.2532
2.3090	0.5248	0.2497
2.2550	3.4080	0.2492
2.1210	0.1276	0.2393
2.2520	1.9490	0.2482
2.0310	3.0940	0.2316
2.2780	0.3161	0.2944
2.2480	2.2860	0.2741
2.2670	1.4570	0.2941
2.4800	0.3538	0.2888
2.2040	1.2270	0.2661
2.1980	0.8900	0.1234
2.2140	2.4810	0.1911
1.4970	0.3643	-0.0306
1.9440	1.4790	0.0381
1.9130	1.8220	0.1340
1.6930	0.1673	0.1413
1.7510	0.9921	0.1679
2.1310	2.4340	0.2374
2.1040	2.0190	0.2429
2.2410	2.4610	0.2405
1.8810	1.3400	0.2024
1.9450	0.1465	0.1982
2.1230	2.0810	0.2335
2.0450	1.6000	0.1636
2.1050	1.7590	0.2134
2.3050	0.9373	0.2181
2.4080	0.6371	0.1767
1.3110	0.0291	-0.0834
1.6830	0.6593	0.0138
1.3990	2.5970	-0.0777
1.7620	0.6375	0.0420
1.7390	0.9274	0.0281
1.7060	3.9690	0.1111
1.7780	4.1020	0.1327
1.9570	2.7960	0.0753
2.1030	3.6740	0.1675
1.9140	1.2690	0.0960
2.0530	1.0490	0.1625
2.1180	6.0910	0.1988
2.1870	4.3590	0.1994
2.1850	2.5680	0.1762
1.9660	2.3610	0.1380
2.0000	1.3480	0.1460
1.9510	0.4067	0.1289
2.0950	2.9560	0.1467
2.2710	3.6130	0.1562
2.2680	3.6840	0.1620
2.4980	5.0100	0.1483
2.4700	2.5440	0.1757
1.1560	1.2730	-0.1008
0.9347	0.1428	-0.0914
1.0820	1.1020	-0.0979
1.1210	2.3090	-0.0989
1.0000	1.0410	-0.0782
0.8004	0.2291	-0.0691
0.7508	0.1579	-0.0844
1.4050	0.4694	-0.0396
0.6711	0.2832	-0.0399
0.6977	0.2111	-0.0235
0.7793	0.1794	-0.0649
1.3030	0.2047	-0.0337
0.6931	0.0934	-0.0807
0.6757	0.0875	-0.0418
0.8676	0.1120	0.0029
1.5130	1.8890	0.0685
1.2740	1.2870	0.0448
1.8040	0.2595	0.1072
