1.7020	1.0620	0.0457
2.1130	0.2403	0.0593
2.0850	3.7000	0.0548
2.1550	3.0520	0.0800
1.9880	1.2980	0.0425
2.0750	1.0630	0.0601
2.1960	2.9960	0.0528
1.7080	0.1019	0.0390
2.0730	0.2883	0.0427
1.9710	3.7390	0.0118
1.3900	3.1280	-0.0304
2.1570	1.4300	0.1000
2.0470	1.4800	0.0462
2.1290	3.5280	0.0784
2.0880	4.7250	0.0521
2.0220	1.6020	0.0610
2.0910	1.2870	0.0717
1.8070	3.4160	0.0150
2.1930	3.5950	0.1186
1.8900	0.7370	0.0535
1.4620	0.3140	-0.0045
2.1700	0.2655	0.0522
1.9890	2.3090	0.0612
2.1440	1.0080	0.0593
2.2800	1.4040	0.0416
2.0950	0.2211	0.0433
2.1990	3.4820	0.0694
2.0870	0.0621	0.0659
2.1290	0.3207	0.0444
2.0910	0.2605	0.0534
2.3440	0.9262	0.0184
1.9410	2.0990	0.0605
2.0630	4.2340	0.0633
2.0050	1.2390	0.0499
1.2780	0.7029	-0.0038
2.2510	3.5610	0.0447
1.8470	2.8230	0.0496
2.1140	1.9890	0.0504
2.2380	3.1880	0.0882
1.9000	1.0030	0.0934
1.6730	0.6937	0.0402
1.7480	0.8600	0.0002
2.0850	0.1679	0.0561
2.0220	0.7705	0.0354
2.0600	4.4610	0.0466
2.0830	4.0720	0.0542
2.1830	0.0276	0.0926
2.1310	4.0460	0.0445
2.1660	3.5470	0.0566
2.1220	3.0870	0.0804
2.1690	2.7360	0.0683
2.1040	3.8300	0.0621
2.1470	1.0750	0.0688
2.1250	1.7190	0.0625
2.0730	0.4362	0.0493
2.0790	4.0700	0.0624
2.0800	2.6160	0.0481
2.0660	3.7570	0.0750
2.0690	5.0990	0.1003
2.2810	2.9700	0.1272
2.0880	0.7745	0.0645
2.0990	0.3442	-0.0160
2.1090	4.2680	0.0129
1.5580	1.9380	-0.0269
2.1200	3.2750	0.0217
1.9210	3.6420	0.0511
1.7630	5.7050	0.0507
1.7610	2.0120	0.0702
1.3810	0.7829	0.0110
1.6780	0.9891	0.0547
1.6840	2.8890	0.0277
1.3950	1.1070	-0.0543
2.0360	1.7240	0.0752
1.8630	0.3473	0.0628
2.0330	1.7750	0.0605
2.0760	4.6470	0.0679
2.1110	3.9300	0.0732
2.1160	0.1970	0.0529
1.9820	3.1250	0.0547
2.1470	1.7020	0.0558
2.1300	2.7110	0.0508
1.9880	2.7750	0.0670
1.9600	3.0970	0.0608
2.0290	3.3810	0.0437
2.1070	1.3140	0.0666
2.0020	1.6330	0.0602
2.0570	1.7650	0.0491
2.0210	3.1480	0.0350
2.1570	3.3790	0.0331
2.1760	2.3680	0.0357
2.1800	2.7760	0.0232
2.2130	3.1100	0.0486
1.9800	3.6560	0.0235
2.1160	1.9380	0.0508
2.1860	0.2601	0.0829
2.2360	2.1820	0.0924
2.0590	2.6310	0.0428
1.9850	2.7570	0.0200
2.1430	5.6130	0.0780
2.1590	1.8330	0.0620
2.2250	1.3680	0.0476
2.1240	1.3880	0.0564
2.3390	0.2787	0.0662
2.0450	1.5930	0.0087
2.1390	5.0320	0.0062
2.7300	3.1020	0.0556
2.1850	1.4500	0.0383
2.0650	1.5750	0.0244
2.0180	2.8600	0.0376
2.1180	0.9107	0.0568
1.8910	1.5790	0.0460
1.8850	1.2730	0.0423
2.1400	3.9280	-0.0030
2.0290	1.0810	0.0570
2.0790	0.7924	0.0676
1.9660	2.4320	0.0599
2.0620	3.5230	0.0517
2.0590	0.8943	0.0678
1.9760	0.4133	0.0650
1.8130	1.2090	0.0673
1.8530	1.0510	0.0423
1.3190	0.6151	0.0113
1.9990	4.3350	0.0453
1.9290	3.2870	0.0515
1.8080	1.9230	0.0406
1.9720	0.3206	0.0460
1.7640	2.0630	0.0309
2.0330	1.9570	0.0535
2.2700	3.7560	0.0444
2.0380	2.9180	0.0505
2.1020	2.4970	0.0598
2.1720	2.5930	0.0491
2.4920	3.3410	0.0251
2.4650	4.6550	0.1004
1.9640	2.6390	0.0582
1.9430	3.4830	0.0502
2.1850	0.3021	0.0366
2.0010	2.3690	0.0323
1.5580	6.4630	0.0350
2.0910	2.8630	0.0553
2.1580	2.3530	0.0532
1.9920	0.7109	0.0689
2.1190	2.0480	0.0794
2.2600	1.5570	0.0825
2.3080	0.7721	0.1281
2.3280	1.9000	0.1158
1.8000	2.0730	0.0711
2.1220	1.0570	0.0810
2.3110	2.4800	0.0951
2.2220	2.6790	0.1248
1.7690	0.5656	0.0306
1.9940	2.4510	0.0685
1.6990	2.4740	0.0690
1.5640	0.8844	0.0503
1.5260	1.3700	0.0140
1.9090	0.0509	0.0233
2.2020	1.5740	0.1022
2.2770	4.5200	0.0901
1.7010	0.2065	0.0531
1.1970	1.4580	-0.0640
1.1280	0.6558	-0.0485
1.3070	1.0490	-0.0095
2.0940	4.3320	0.0525
2.0660	1.8690	0.0481
2.0820	3.4540	0.0551
2.0380	0.3947	0.0431
2.0220	1.4890	0.0397
2.0030	1.6130	0.0367
1.9950	2.1950	0.0321
2.0570	1.4450	0.0381
2.0220	4.9970	0.0417
2.0820	2.5300	0.0495
2.1110	4.3870	0.0477
2.0800	2.5960	0.0493
2.0930	0.1790	0.0712
2.1650	1.7920	0.0996
2.1000	0.6070	0.0644
2.1130	0.0998	0.0534
2.1630	3.2210	0.0841
2.1220	2.6790	0.0527
2.1220	0.6944	0.0428
2.1450	0.3131	0.0578
2.0900	2.2300	0.0436
2.1550	3.7740	0.0486
2.1180	3.3360	0.0549
2.1680	3.3540	0.0609
2.1750	0.4956	0.0703
2.1010	2.9460	0.0759
2.0990	2.4870	0.0562
2.0900	2.9710	0.0681
2.1530	0.1140	0.0880
2.1390	4.7680	0.0778
2.0920	5.4630	0.0636
2.1190	1.5400	0.0626
2.0720	5.6000	0.0635
2.0930	3.1570	0.0681
2.1400	0.6257	0.0704
2.1220	1.4110	0.0643
2.0740	1.1650	0.0515
2.0440	2.5280	0.0616
2.0920	4.0120	0.0607
2.0610	0.8247	0.0619
2.1000	1.3290	0.0643
2.1350	0.4163	0.0742
2.1400	1.7640	0.0663
2.0720	1.5030	0.0567
2.0850	1.3440	0.0198
2.0830	2.7880	0.0373
2.1100	1.2460	0.0633
2.0670	1.0030	0.0467
2.1200	1.1610	0.0665
2.1100	1.4700	0.0551
2.0900	1.9750	0.0512
2.0790	3.4090	0.0488
2.0750	3.5470	0.0697
2.0780	3.4100	0.0541
2.0710	3.1990	0.0573
2.0900	0.3183	0.0775
2.0960	0.9201	0.1015
2.2250	3.5450	0.1075
2.0770	3.6020	0.0881
2.0710	2.8540	0.0971
2.1120	1.8760	0.1174
2.1020	0.4274	0.1136
2.2940	2.7560	0.1345
2.0770	2.0490	0.0029
2.0930	0.2679	0.0628
2.0620	0.5108	0.0693
2.1090	1.0920	0.0537
2.0370	1.9490	0.0230
1.9910	0.3573	0.0526
2.0550	2.3670	-0.0026
2.0730	5.1380	0.0809
2.0800	4.5550	0.0857
2.0840	4.3420	0.0853
2.1050	0.7064	-0.0104
2.0710	1.8990	-0.0282
2.1260	4.2090	0.0275
2.1310	2.5530	0.0891
1.8570	1.8810	0.0143
2.1380	2.3480	-0.0417
2.0380	2.2070	-0.0493
1.4260	3.4630	-0.0547
1.8080	1.5900	-0.0038
2.0370	1.2010	0.0555
1.9620	1.5580	0.0530
1.8740	3.2740	0.0488
1.7870	1.4210	0.0430
1.8220	3.8460	0.0477
1.9050	2.4270	0.0501
1.8790	1.7780	0.0530
1.8300	1.9200	0.0563
1.7480	0.6712	0.0628
1.7720	0.8674	0.0523
1.7450	1.9160	0.0598
1.5350	1.5120	0.0298
1.7020	1.4510	0.0512
1.6300	0.2500	0.0431
1.3170	0.6230	-0.0030
1.5930	1.3690	0.0338
1.7360	3.9540	0.0424
1.8620	0.9907	0.0262
1.7100	1.1370	0.0443
1.6600	0.2641	0.0504
1.5480	0.3496	0.0235
1.8140	3.5320	0.0094
1.3860	2.3960	-0.0279
1.5280	0.6808	-0.0002
1.5360	0.0368	-0.0294
1.3670	0.5359	-0.0682
1.8290	0.0126	0.0755
1.7480	0.5972	0.0691
1.9780	0.2102	0.0745
1.9100	2.2600	0.0735
1.9360	0.6565	0.0690
2.0260	2.1660	0.0700
1.9370	2.0640	0.0607
2.0000	4.2160	0.0625
1.9780	1.7130	0.0573
2.0480	1.1680	0.0545
2.0090	2.5870	0.0585
2.0700	1.7590	0.0641
2.1020	0.7325	0.0600
2.1230	1.8540	0.0662
2.0850	2.9430	0.0751
2.0450	3.3070	0.0716
2.0640	2.7150	0.0684
2.1110	4.4110	0.0747
2.1460	1.3990	0.0721
2.0420	3.8860	0.0674
1.9880	2.7560	0.0570
2.1750	0.1412	0.0545
2.1230	2.2530	0.0643
2.0520	1.1710	0.0544
2.0220	1.0680	0.0431
1.9840	2.3540	0.0408
2.0870	2.2020	0.0453
2.0100	1.5820	0.0612
2.1890	1.4870	0.0513
2.1530	1.6740	0.0471
2.1610	0.0632	0.0522
2.1650	2.9130	0.0666
2.1540	1.7350	0.0552
2.0490	3.6030	0.0629
2.1190	0.6606	0.0603
2.0590	0.5018	0.0618
2.0420	2.8660	0.0657
1.9710	3.5140	0.0659
2.0450	1.9090	0.0713
2.0410	2.1530	0.0643
2.1090	0.7269	0.0618
1.9580	3.3830	0.0650
1.9850	0.4747	0.0589
2.0160	1.9300	0.0525
2.0220	2.5980	0.0539
2.0430	1.6570	0.0572
2.0450	0.8757	0.0515
2.0770	3.0420	0.0563
2.0070	0.7252	0.0606
1.9930	1.2870	0.0590
2.1730	3.7870	0.0674
2.1520	0.5312	0.0626
2.0410	0.0324	0.0653
1.9900	2.0390	0.0514
1.9970	0.2478	0.0617
2.0290	2.4900	0.0430
2.0380	3.0470	0.0514
2.0710	2.1730	0.0552
2.0550	0.2245	0.0434
2.0400	0.0715	0.0387
2.0740	4.3700	0.0423
2.1050	3.5960	0.0373
2.0900	4.0150	0.0376
2.3240	3.2380	0.0239
2.0120	1.3370	0.0555
2.0870	1.9320	0.0317
2.2030	2.0990	0.0435
2.1780	2.9040	0.0327
2.0670	1.5490	0.0226
2.2820	1.3400	0.0435
2.2240	0.1255	0.0422
2.1540	1.1320	0.0200
2.0360	0.8846	0.0173
2.0600	3.0630	0.0124
2.1210	0.6958	0.0243
1.9540	5.0300	0.0164
2.2980	4.8410	0.0452
2.3000	6.2210	0.0482
2.1160	3.8860	0.0442
2.1330	4.8360	0.0705
2.0990	4.0040	0.0609
2.0910	1.7910	0.0493
2.1690	4.0850	0.0434
2.0750	1.9550	0.0518
2.0660	2.0180	0.0577
2.0840	2.4780	0.0613
2.1370	3.3480	0.0749
2.1960	2.8080	0.0879
2.1950	3.9690	0.0442
2.1400	0.5465	0.0716
2.1480	0.6783	0.0692
2.2440	3.0010	0.0971
2.2580	2.8470	0.0898
2.2270	1.8690	0.0816
2.2230	1.2250	0.0789
2.1860	2.5210	0.0834
1.9710	1.0070	0.0240
1.9530	2.3110	0.0090
2.1520	3.0630	0.0503
2.0180	1.2200	0.0398
1.9990	4.8750	0.0360
2.0500	8.0170	0.0416
1.9910	1.4650	0.0297
2.2110	2.7560	0.0834
2.2520	1.4180	0.0660
2.1750	1.9220	0.0791
2.1660	0.6813	0.0821
2.1410	3.5500	0.0776
2.1670	1.3190	0.0746
2.1600	2.3670	0.0623
2.0700	1.8590	0.0374
2.0960	0.4372	0.0420
2.1690	1.9800	0.0469
2.1440	2.3040	0.0495
2.1130	2.2170	0.0563
2.2880	4.5530	0.0580
2.1910	3.2550	0.0549
2.0700	0.8898	0.0625
2.2570	2.1140	0.0609
2.2810	1.2940	0.0664
2.2000	2.7640	0.0577
2.3540	4.0400	0.0592
2.0750	1.4830	0.0150
1.9750	3.3970	0.0053
2.0600	3.4500	0.0245
2.0220	0.8326	0.0142
2.1740	0.2209	0.0200
2.3050	4.1300	0.0141
2.2370	3.2090	0.0179
2.2500	3.1830	0.0536
2.1690	2.2970	0.0388
2.4720	4.4210	0.0435
2.5050	2.5450	0.0641
2.4860	1.9720	0.0511
2.1770	2.6370	0.0523
2.2130	3.1150	0.0462
2.0750	0.4706	0.0152
2.3190	0.3766	0.0198
2.0520	0.8851	0.0194
2.0250	1.5100	0.0324
2.0070	3.3320	0.0435
2.2140	1.9580	0.0352
2.2140	3.2580	0.0335
1.9790	3.2010	0.0503
2.0400	0.4688	0.0308
2.1070	0.9462	0.0403
2.0690	2.4320	0.0373
2.0740	2.2780	0.0562
1.9720	0.9307	0.0418
1.9330	1.9230	0.0406
2.0360	1.3760	0.0580
1.9650	1.4830	0.0581
1.8770	0.7599	0.0442
1.8290	0.0253	0.0528
1.8320	0.1950	0.0512
2.0240	1.4100	0.0068
2.0680	2.7970	0.0304
2.0190	0.9855	0.0092
2.0780	2.3950	0.0167
2.1560	0.8406	0.0187
1.9600	2.9000	0.0483
1.9530	1.2520	0.0607
2.0950	3.2370	0.0422
2.0670	2.2990	0.0319
2.0930	1.8550	0.0409
2.0530	3.6850	0.0622
2.0670	1.9670	0.0673
2.0580	3.5710	0.0568
2.0760	1.9340	0.0623
2.0720	2.1230	0.0625
1.9260	1.3370	0.0434
1.9440	3.2640	0.0641
1.9150	3.6000	0.0528
1.9500	2.7990	0.0532
1.9570	2.9220	0.0556
2.1040	0.5465	0.0719
1.9820	2.0030	0.0696
2.0700	0.7249	0.0399
2.0760	0.0330	0.0575
2.1090	1.6600	0.0670
2.0870	0.1596	0.0554
2.0660	3.1350	0.0676
1.9650	0.9516	0.0623
1.9470	2.5270	0.0585
1.9810	2.4810	0.0693
2.0440	1.3880	0.0709
2.0050	2.1410	0.0689
1.9040	0.1976	0.0618
1.9370	0.9085	0.0732
1.9060	2.0000	0.0681
1.7890	0.2978	0.0718
1.7170	2.1280	0.0605
1.7340	1.6380	0.0581
1.5380	1.2230	0.0367
1.9880	1.3670	0.0638
1.8850	0.5501	0.0569
1.6820	0.4435	0.0271
1.5050	1.0570	0.0145
1.2090	0.4847	-0.0081
1.9980	0.9283	0.0287
1.9800	0.5403	0.0478
2.0460	2.3360	0.0410
2.0140	0.0983	0.0325
1.9760	3.3240	0.0476
1.9840	0.3669	0.0551
1.9490	0.5520	0.0636
1.7770	1.7740	0.0467
1.5820	1.5520	0.0208
1.8320	1.5270	0.0410
1.8870	1.0960	0.0604
1.9170	1.6500	0.0459
1.6940	0.8508	0.0274
1.4240	0.9166	0.0116
1.9990	4.3020	0.0566
1.8860	0.6201	0.0457
1.8900	0.4035	0.0447
2.0700	3.6710	0.0449
2.0060	1.5780	0.0552
2.0930	3.6190	0.0553
2.1990	1.0100	0.0540
2.0370	3.5000	0.0569
2.0050	2.0020	0.0484
2.1060	0.3049	0.0561
2.1230	1.9900	0.0585
2.2550	3.8820	0.0434
2.0020	1.9100	0.0519
2.0350	0.1892	0.0504
2.0100	3.2800	0.0397
2.0030	2.2650	0.0483
2.0160	3.0160	0.0528
2.0580	1.8110	0.0572
2.1230	0.0523	0.0612
2.0370	1.8160	0.0573
2.0240	0.9419	0.0573
2.0360	2.9030	0.0535
2.1480	1.7990	0.0560
2.2050	1.1040	0.0482
2.2740	0.0508	0.0587
2.2700	4.9160	0.0490
2.1960	3.3730	0.0491
2.4750	1.3360	0.0501
2.2120	0.8074	0.0756
2.4490	2.7370	0.0325
2.4810	0.5399	0.0247
2.5450	2.2340	0.0298
2.4310	1.3110	0.0279
2.4650	2.1810	0.0770
1.9970	3.3800	0.0531
2.1980	2.7840	0.0408
2.0850	0.2592	0.0598
2.0440	0.8491	0.0575
1.9170	1.2430	0.0572
1.9220	1.6060	0.0567
1.8280	2.4770	0.0512
2.3450	0.5789	0.0341
2.4110	4.7420	0.0341
2.2460	3.6000	0.0311
1.9270	2.5230	0.0429
1.8650	3.0820	0.0355
2.0380	1.6860	0.0365
1.8660	2.4850	0.0393
1.9240	0.9871	0.0312
1.8610	0.5053	0.0323
1.6700	2.7880	0.0287
1.8970	3.0860	0.0340
1.5750	5.3890	0.0271
2.1800	0.7604	0.0473
2.0050	6.0940	0.0355
1.8760	1.5290	0.0444
2.0060	2.0950	0.0412
2.1600	1.5270	0.0472
2.1410	1.3900	0.0686
2.2070	0.6536	0.0797
1.9960	3.4510	0.0583
1.9230	0.6301	0.0567
2.0500	2.1610	0.0607
2.0130	5.0310	0.0674
2.0290	1.2930	0.0675
2.1100	3.7100	0.0703
2.1880	2.3410	0.0849
1.9650	0.4079	0.0641
2.0310	2.7720	0.0745
2.1230	1.7710	0.0765
2.2290	4.6680	0.0854
2.2440	4.5780	0.0936
2.2350	0.6520	0.0792
2.1740	0.6743	0.0798
2.2250	6.0940	0.0864
2.2930	2.6250	0.1188
2.2740	2.2230	0.1172
2.2550	2.0900	0.1215
2.1240	2.7060	0.1095
2.3210	1.2810	0.1231
2.2560	3.1530	0.1113
2.2480	3.0290	0.1060
1.7390	3.1790	0.0822
1.8980	2.7960	0.0789
2.0020	0.4593	0.0777
1.8830	2.2310	0.0442
2.0070	2.6590	0.0482
2.1560	2.5930	0.0820
2.2300	0.0255	0.0898
2.3240	0.8963	0.1039
2.2230	1.8840	0.0991
2.1580	2.5880	0.0967
2.2260	0.0725	0.0873
2.2550	1.4120	0.0885
2.2000	0.5079	0.0934
2.2910	2.5460	0.0883
2.2080	4.4740	0.0860
2.3030	2.9810	0.1331
2.3070	0.5792	0.1352
2.2900	2.5810	0.1369
2.2930	0.5437	0.1272
2.0370	2.7320	0.1128
2.2210	3.0570	0.0639
2.2970	1.2990	0.1051
1.5380	1.5760	0.0404
2.0320	3.6790	0.0379
1.8340	1.2210	0.0336
1.7010	0.9364	0.0363
1.6750	1.1730	0.0532
1.9330	2.0750	0.0929
1.7960	2.8690	0.0865
2.0420	2.8160	0.1014
1.6460	1.4560	0.0800
1.5920	2.1100	0.0552
1.6640	3.9810	0.0679
1.6020	3.3180	0.0496
1.6330	2.2310	0.0614
1.6830	0.4022	0.0540
1.6690	0.6637	0.0441
1.4100	0.3828	-0.0022
1.6770	4.1790	0.0330
1.6800	0.0821	-0.0112
1.8760	0.7444	0.0116
1.7680	0.2309	0.0224
1.7410	3.6080	0.0227
1.8430	4.7370	0.0268
1.9990	0.2822	0.0621
2.3550	0.4882	0.1097
2.0440	0.1129	0.0564
2.1290	1.3090	0.0869
2.3180	3.3430	0.1227
2.5040	2.5180	0.1093
2.2460	4.9620	0.0798
1.9070	0.4795	0.0391
1.7750	1.1320	0.0442
2.0710	0.3883	0.0482
1.8990	2.9660	0.0649
1.9020	3.5970	0.0565
1.5740	1.8800	0.0512
1.6330	1.8220	0.0520
1.5690	3.6020	0.0461
1.3050	0.0199	-0.0670
1.2770	1.9360	-0.0650
1.2710	1.8890	-0.0728
1.3110	2.0680	-0.0486
1.3500	1.9480	-0.0465
1.1900	0.5360	-0.0250
1.2170	0.8321	-0.0471
1.2460	0.4592	0.0070
1.1260	0.5086	-0.0280
1.1620	0.6310	-0.0278
1.2190	1.0710	-0.0455
1.4970	2.0090	0.0012
1.1540	1.5650	-0.0594
1.1790	0.8263	-0.0368
1.2400	0.7946	-0.0093
1.7670	1.7170	0.0477
1.5100	1.4820	0.0224
1.9590	2.9870	0.0570
1.5610	0.0228	0.0115
2.0430	0.9558	0.0450
1.9300	3.8170	0.0523
1.9080	2.6230	0.0693
1.8700	1.8280	0.0514
1.8220	0.7265	0.0779
1.9600	0.1915	0.0663
1.9780	2.8630	0.0627
2.4350	1.8300	0.0460
1.9560	2.7030	0.0144
1.1290	0.7445	-0.0824
1.5110	1.3240	0.0625
2.0670	2.3660	0.0569
1.6320	2.2560	0.0773
1.9050	6.4590	0.0635
1.9610	3.0100	0.0568
1.8920	2.3890	0.0284
1.7890	2.2260	0.0533
1.6600	2.5780	0.0691
2.0450	0.9996	0.0907
1.2110	0.8708	-0.0508
2.0490	0.7359	0.0817
2.0210	2.5940	0.0722
2.0430	2.1130	0.0580
2.0530	1.1420	0.0283
1.7840	3.0510	0.0301
2.0330	1.6700	0.0556
2.2550	2.4250	0.0817
2.0050	3.3160	0.0299
1.8740	3.1950	0.0586
2.1460	1.2880	0.0026
1.9280	2.7660	0.0603
2.2810	2.3640	0.0708
1.9970	0.4754	0.0640
0.9954	0.4112	0.0139
1.9120	1.8640	0.0694
1.8050	0.4160	0.0623
2.3540	2.3390	0.1155
2.0980	1.2050	0.0826
2.0950	3.7730	0.1111
1.6690	2.8730	0.0685
1.6860	0.2285	0.0380
1.9840	2.4320	0.0610
2.1070	2.8030	0.0582
1.8610	4.5580	0.0490
1.5580	1.9520	0.0337
1.5640	0.4305	0.0792
1.7580	3.3940	0.0368
2.0300	3.6810	0.0452
1.8160	3.2610	0.0634
2.1880	3.0600	0.0659
1.9960	1.2240	0.0521
1.9550	0.0479	0.0580
1.9120	0.2936	0.0698
1.9650	2.1320	0.0587
1.9750	4.1900	0.0548
1.9590	2.7280	0.0434
1.5460	1.9200	0.0471
1.7040	4.3490	0.0468
1.5210	0.6327	0.0720
1.8230	0.6091	0.0687
1.8270	1.4040	0.0391
1.8340	2.2180	-0.0439
1.5070	0.2171	-0.0260
1.6060	0.9894	-0.0633
1.9060	2.8880	0.0911
1.9690	3.3800	0.0816
1.9570	0.7321	0.0713
1.2320	0.7239	-0.0327
1.8780	1.7000	0.0682
1.7090	1.7520	0.0356
1.0080	1.4980	-0.0782
2.0540	2.8330	0.0893
1.9920	3.4130	0.0685
1.9030	1.7090	0.0922
1.9980	2.6490	0.0984
2.0090	3.3890	0.0901
2.1230	0.3125	0.0694
1.9290	0.5153	0.0578
2.0820	2.6880	0.0613
2.0130	1.7590	0.0634
1.9930	2.1320	0.0709
1.9490	2.7920	0.0616
1.9200	1.9860	0.0447
1.9970	3.4700	0.0353
1.7810	0.9574	0.0487
1.9270	0.5317	0.0288
1.9290	0.9840	0.0204
1.9230	2.0290	0.0356
1.8940	2.8170	0.0342
1.8720	3.6640	0.0251
1.8930	2.1500	0.0333
1.9250	3.6100	0.0174
1.7930	1.7380	0.0365
1.8470	2.8700	0.0629
2.0490	1.7860	0.0690
2.0290	0.0539	0.0555
1.9740	2.1550	0.0026
2.0120	3.1820	0.0840
2.0770	0.4558	0.0570
2.0230	0.7994	0.0583
1.9570	3.2580	0.0840
1.9900	3.9430	0.0496
1.8940	5.7200	0.0002
2.1350	0.3549	0.0011
2.0200	1.7480	0.0507
1.9010	1.7920	0.0396
2.2550	4.9830	0.0129
1.9250	0.9713	0.0455
2.3600	2.1840	0.0200
1.7760	0.8395	0.0456
1.8620	1.1100	0.0499
1.9560	0.1793	0.0215
1.9790	1.1460	0.0299
2.2130	1.3010	0.0459
2.0360	2.1300	0.0592
2.3250	0.6085	0.0563
2.2290	0.2955	0.0726
2.0570	1.5440	0.0629
1.6890	0.6401	0.0450
1.8100	0.0000	0.0438
1.1060	0.6244	-0.0228
2.0060	3.4830	0.0603
2.0520	1.5030	0.0832
1.7430	0.2480	0.0591
1.9980	0.5525	0.0542
1.6830	3.7400	0.0461
1.9220	3.4530	0.0577
1.9060	3.4440	0.0479
1.9040	0.0734	0.0634
1.9370	3.8000	0.0556
2.1080	3.3450	0.0683
1.9700	1.4190	0.0758
2.4480	6.1890	0.1412
1.7860	0.9895	0.0788
1.8660	5.3810	0.0812
2.0220	1.5130	0.0693
1.9240	2.2030	0.0593
1.6620	5.5690	0.0377
2.1900	3.0230	0.0684
2.0210	2.3390	0.0748
2.0120	2.0720	0.1066
2.3140	1.8430	0.0957
1.9700	1.3590	0.0867
1.8130	2.1300	0.0854
1.8700	2.0940	0.1073
2.0760	0.8957	0.1064
2.0370	0.0298	0.0979
1.9250	2.6360	0.0894
2.0320	1.5900	0.0995
1.4790	0.5335	-0.0081
1.8870	2.5170	0.0470
2.0640	2.1060	0.0985
1.8420	0.9489	0.0816
1.2220	1.2150	-0.0570
1.7890	0.3105	0.0466
2.2180	0.7811	0.0711
2.2350	2.7400	0.0577
1.7120	0.5697	0.0505
0.6897	0.3335	-0.0631
0.6062	0.0465	-0.0424
1.1700	0.9565	0.0243
1.9390	6.3950	0.0546
1.9280	4.5970	0.0516
1.9160	5.3800	0.0455
2.0900	2.4300	0.0606
2.1050	1.4010	0.0588
2.0640	2.8180	0.0590
1.9970	3.5640	0.0540
2.0340	2.5070	0.0588
1.8830	6.4970	0.0552
1.7990	3.3290	0.0419
1.6440	3.2110	0.0331
1.9110	2.0970	0.0477
1.4950	2.0720	0.0404
1.5660	1.7840	0.0648
1.5120	2.7930	0.0474
1.5560	2.4750	0.0464
1.5680	3.0820	0.0817
1.6320	2.0700	0.0456
2.0900	1.6190	0.0554
2.1260	0.7789	0.0532
2.0230	0.8899	0.0533
1.9060	3.5940	0.0418
1.7520	0.6343	0.0425
2.1460	2.9990	0.0471
2.1690	1.7190	0.0580
1.6990	5.0230	0.0670
1.8630	1.0220	0.0456
1.9940	2.4920	0.0560
1.8850	2.4730	0.0599
1.9590	0.7687	0.0597
1.9440	4.2350	0.0599
1.9560	5.5850	0.0648
2.1390	9.3680	0.0509
1.9870	2.8220	0.0590
1.9590	0.7170	0.0557
2.0110	0.5005	0.0591
2.0610	2.4730	0.0633
1.9920	3.4850	0.0659
1.9960	3.3590	0.0640
1.9890	0.9008	0.0587
1.8490	1.8400	0.0751
1.8930	1.3860	0.0686
1.9540	0.1052	0.0656
1.9780	1.7520	0.0537
1.8960	2.5630	0.0414
1.9210	1.6630	0.0407
2.0060	1.6260	0.0588
2.0360	3.2260	0.0520
1.9700	2.1530	0.0561
1.9560	1.5240	0.0465
1.9180	3.1120	0.0374
1.7400	3.0910	0.0401
1.7350	3.5810	0.0423
1.7460	2.3320	0.0424
1.5460	2.1470	0.0385
1.5010	2.2430	0.0500
1.5070	1.8960	0.0602
1.5120	0.2401	0.0678
1.7900	2.7260	0.0408
1.5900	3.9880	0.0544
1.5340	0.3743	0.0642
1.6730	2.1410	0.0568
1.5400	1.1560	0.0833
1.9230	3.1420	0.0486
1.8860	3.8730	0.0161
1.8190	0.8600	0.0733
1.8900	1.8450	0.0627
1.8960	1.1340	0.0580
1.8330	1.2270	0.0636
1.7890	0.8504	0.0413
1.8710	0.7155	0.0035
1.8620	3.2810	0.0099
1.8690	1.0080	-0.0056
1.8470	2.4640	0.0043
1.7460	1.7610	0.0185
1.7250	0.5780	-0.0531
1.8220	2.7910	0.0080
1.7090	1.9050	0.0366
1.5930	1.0230	-0.0316
1.4120	2.0640	-0.0766
1.2240	0.3722	-0.0793
1.2270	2.0500	-0.0863
1.8200	2.6020	0.0844
1.8510	1.1210	0.0818
2.0040	4.2800	0.0945
2.0080	0.7434	0.0860
1.9830	4.1160	0.0895
1.9010	2.7450	0.0797
1.9140	2.7080	0.0662
2.0550	1.3100	0.0832
1.9250	1.1930	0.0705
2.0130	1.5390	0.0878
1.6940	0.2046	0.0386
1.5420	0.3213	-0.0127
1.7490	0.8322	0.0356
1.7400	0.8691	0.0300
1.0830	0.3960	-0.0465
1.5590	0.5636	0.0138
1.9230	2.6980	0.0649
1.8580	0.3162	0.0605
1.9430	1.5760	0.0760
1.7730	0.6560	0.0500
1.4510	0.3293	0.0011
1.6670	3.3860	0.0132
1.0880	0.9830	-0.0665
1.3440	0.1945	-0.0196
1.2640	0.7896	-0.0591
1.0730	1.9300	-0.0911
1.9760	0.6872	0.0727
1.6960	0.8873	0.0380
2.0640	0.3294	0.0895
2.0510	0.7571	0.0850
2.0380	2.2690	0.0762
2.0330	1.0870	0.0769
2.0230	0.2797	0.0696
1.9680	3.3700	0.0951
2.0390	3.5840	0.0969
1.8300	1.5720	0.0858
1.8910	1.6800	0.0914
1.9510	0.3248	0.0930
1.9780	1.6830	0.0912
1.9980	2.2150	0.0924
2.0360	2.7690	0.0885
2.0060	3.7130	0.0795
2.0470	3.1460	0.0959
2.0160	3.3500	0.0943
2.0200	2.4050	0.0859
1.9840	3.1050	0.0777
1.9900	3.4840	0.0641
2.0930	3.7230	0.0744
2.0490	2.6900	0.0832
1.9950	3.3470	0.0695
1.9230	1.3570	0.0640
1.8980	0.9940	0.0521
2.1430	0.7606	0.0627
1.8740	2.4570	0.0610
2.1000	3.1110	0.0695
2.1450	2.0870	0.0628
2.1730	0.8615	0.0612
2.0440	2.9150	0.0623
2.1240	2.1480	0.0572
1.9500	3.2750	0.0872
2.0470	1.4010	0.0808
1.8640	3.2710	0.0859
1.9350	3.3480	0.0742
1.9560	3.1740	0.0627
2.0110	1.5570	0.0665
2.0020	2.9470	0.0615
2.0380	1.4510	0.0647
1.9820	1.0020	0.0675
1.9420	2.5390	0.0544
1.9600	1.5380	0.0552
1.9800	3.4250	0.0529
2.0820	5.0020	0.0485
2.0070	2.8860	0.0500
1.9260	0.0142	0.0468
1.8440	0.6890	0.0625
1.8260	1.1780	0.0551
2.0840	3.7430	0.0476
2.0120	2.0480	0.0602
1.8060	1.2570	0.0471
1.9380	5.7710	0.0339
1.6820	4.6730	0.0398
1.9310	2.9620	0.0306
2.0420	0.0522	0.0410
1.9240	3.4920	0.0355
1.9200	2.5940	0.0311
1.9700	2.3440	0.0202
2.0140	3.9990	0.0214
1.9740	3.2830	0.0301
1.9620	3.2790	0.0233
1.9000	1.8780	0.0299
1.9860	2.5090	0.0268
1.9260	0.2896	0.0242
2.0110	0.1152	0.0328
1.8800	2.1410	0.0343
1.8690	0.8220	0.0253
1.9810	2.9910	0.0359
1.9070	4.1930	0.0353
1.8630	6.5000	0.0314
1.9200	1.2090	0.0265
1.9040	1.7310	0.0210
1.9230	2.2790	0.0208
1.9570	2.5580	0.0119
1.9990	2.2340	0.0344
1.9500	2.7940	0.0356
1.9260	1.4130	0.0309
1.9150	2.0560	0.0485
1.9390	1.4140	0.0544
1.8370	0.9210	0.0337
1.9350	3.3930	0.0251
1.8670	0.3743	0.0435
1.7970	1.1790	0.0472
1.8170	4.2910	0.0516
1.8230	0.4967	0.0455
1.9130	0.9731	0.0535
1.8270	2.5880	0.0271
1.7890	3.1010	0.0464
1.8660	3.2710	0.0700
1.9600	3.0710	0.0706
2.0940	2.4590	0.0559
1.9750	2.7010	0.0654
2.1600	3.4100	0.0649
1.9330	1.4020	0.0843
1.9030	4.2100	0.0131
1.9690	0.8248	0.0070
1.9940	1.2270	0.0549
1.8900	3.0890	0.0391
1.9370	2.4300	0.0026
2.0160	1.6070	0.0325
1.9900	2.6110	0.0151
2.0290	3.3080	0.0627
2.1090	0.7052	0.0580
1.8690	4.0320	0.0883
1.8940	0.5076	0.0786
2.0200	2.9200	0.0719
2.2260	2.5700	0.0829
2.1820	0.8041	0.0645
2.0440	2.2180	0.0505
2.0280	1.6560	0.0411
2.0860	3.4160	0.0538
2.0950	2.4200	0.0597
2.1160	3.4770	0.0757
1.9950	0.4813	0.0561
1.9950	2.3370	0.0394
2.1050	0.6020	0.0868
1.9930	3.0030	0.0757
1.9700	5.3720	0.0669
1.9470	2.1420	0.0722
1.9730	1.9340	0.0650
2.0400	2.3720	0.0026
1.9860	2.0880	0.0149
1.9260	2.9410	0.0186
1.9240	2.2830	0.0011
1.9060	6.0160	-0.0006
1.8450	6.0960	0.0040
2.1420	2.5480	0.0031
1.9360	0.0875	0.0362
1.9250	2.2730	0.0367
1.9880	1.9780	0.0549
1.9940	0.9729	0.0526
1.9650	0.7050	0.0422
1.9750	2.6080	0.0473
1.9170	1.9990	0.0453
1.9560	2.3750	0.0117
2.2010	4.6230	0.0081
1.9090	1.8990	0.0287
1.9470	1.6520	0.0427
1.8650	2.9100	0.0552
2.4110	4.1540	0.0186
2.2300	4.9470	0.0123
1.8130	0.7355	0.0653
2.0870	2.0840	0.0414
2.4140	1.7280	0.0299
2.3050	1.1510	0.0469
2.4500	1.1270	0.0328
1.8290	0.1132	0.0481
1.8660	0.0843	0.0447
1.7440	0.8538	0.0365
1.7320	0.8381	0.0454
1.7920	2.0370	0.0518
1.8200	2.2280	0.0571
1.8870	3.5300	0.0588
1.9350	2.6720	0.0150
1.8450	1.1370	0.0194
1.9480	0.1011	0.0142
2.1500	5.1900	0.0067
2.1030	3.8920	0.0096
1.8260	1.7810	0.0430
1.8700	2.4560	0.0442
1.8290	1.8030	0.0294
1.9610	1.4380	0.0165
2.0770	3.6200	0.0059
2.0490	3.1630	0.0345
2.0270	4.2970	0.0504
2.1150	2.7020	0.0138
2.2630	3.4130	0.0309
2.4330	0.4145	0.0483
1.8960	2.6570	0.0487
1.9830	3.5650	0.0624
1.9310	4.0030	0.0554
1.9560	3.8630	0.0547
2.0220	1.3880	0.0599
2.2000	0.2370	0.0625
2.0790	3.8500	0.0676
2.3470	0.5496	0.0520
2.3870	2.1280	0.0533
2.3540	0.0290	0.0659
2.3120	2.8280	0.0624
2.3150	1.8390	0.0715
2.0610	2.0490	0.0615
2.0290	0.0163	0.0635
2.0640	1.0500	0.0677
2.1330	1.4830	0.0670
2.2130	0.3483	0.0635
2.0050	2.7160	0.0576
1.8860	2.1680	0.0530
1.9220	3.0290	0.0591
1.8830	0.1282	0.0580
1.6750	0.7443	0.0227
1.5470	1.2090	0.0045
1.5420	0.5920	-0.0169
2.0350	0.0063	0.0528
1.6990	0.2188	0.0336
1.4370	1.5450	0.0065
1.4610	1.1560	0.0183
0.8975	0.2377	-0.0029
2.2130	4.0940	0.0597
2.1940	4.0700	0.0757
2.2350	0.4585	0.0497
2.1880	1.6760	0.0554
2.0260	2.9850	0.0721
1.9320	0.9048	0.0679
1.9570	1.7660	0.0740
1.8200	1.4050	0.0470
1.5330	1.6200	0.0350
2.0250	0.9305	0.0715
1.9420	1.6730	0.0633
1.9380	0.1006	0.0583
1.6790	1.1790	0.0468
1.2310	0.8602	0.0287
2.0100	1.7840	0.0638
1.9080	0.2577	0.0592
1.8670	1.6060	0.0512
1.9950	0.9600	0.0494
1.9270	0.0617	0.0510
1.9600	0.0053	0.0514
2.0090	1.0650	0.0400
1.9620	1.5140	0.0639
1.9630	2.3080	0.0592
1.9460	0.6412	0.0503
1.9510	1.9500	0.0499
1.9010	7.5420	0.0537
1.8840	0.8911	0.0675
1.9700	0.6656	0.0652
1.9720	1.9850	0.0553
1.8210	3.5780	0.0625
1.8540	1.8240	0.0617
1.9110	3.7650	0.0579
1.9860	1.9770	0.0536
1.9370	0.1437	0.0609
1.8980	1.7770	0.0570
1.9210	2.6500	0.0550
2.3200	3.7090	0.0571
2.0290	1.9380	0.0688
2.0400	3.1580	0.0527
2.2970	1.6090	0.0581
1.9380	2.7490	0.0674
2.0230	3.4740	0.0551
2.2440	2.9640	0.0808
1.9050	2.6250	0.0715
1.9120	1.0750	0.0603
2.2150	2.2870	0.0811
2.2330	4.1260	0.0943
2.5330	0.8770	0.1431
1.8370	3.4290	0.0696
1.9000	3.1350	0.0787
1.9100	1.5940	0.0780
1.8330	3.1490	0.0699
1.7720	2.5420	0.0759
1.7210	1.4200	0.0759
1.8050	0.8334	0.0760
2.0230	0.8645	0.0760
2.2410	3.4850	0.0724
1.9260	3.5070	0.0782
1.9630	2.1270	0.0688
1.9820	5.5260	0.0658
1.8810	5.1760	0.0484
1.7210	2.0010	0.0490
1.9430	4.3790	0.0603
1.9080	2.1910	0.0566
1.8130	7.5530	0.0411
2.0030	6.8150	0.0585
1.8500	0.2733	0.0517
2.0270	3.0920	0.0683
2.0140	3.3790	0.0707
1.9930	2.1040	0.0661
2.0540	2.2040	0.0643
2.1280	3.1460	0.0714
2.1700	0.8028	0.0702
2.0450	1.1670	0.0781
1.8470	0.7953	0.0991
1.8650	1.3180	0.0693
1.8860	0.9590	0.0834
2.0070	4.0830	0.1128
2.2090	0.6942	0.1062
2.2230	3.9120	0.0773
2.1860	0.4806	0.0858
2.0090	0.4765	0.0769
2.1640	0.2164	0.1011
2.3310	2.1970	0.0996
2.1690	0.6248	0.0945
2.1000	0.0107	0.0848
2.2920	0.0682	0.0968
2.1110	1.4010	0.0899
1.8430	4.7170	0.0726
1.5840	2.4230	0.0733
1.7080	3.6130	0.0819
2.0070	2.2340	0.1064
1.9660	0.3408	0.1142
1.8980	1.6180	0.1011
1.7260	3.5450	0.0957
1.7400	3.8290	0.0970
2.0690	4.8240	0.1146
2.0710	2.5290	0.1079
2.0450	2.5390	0.1114
2.0170	2.0180	0.0830
2.0740	2.1240	0.0864
2.0570	2.3130	0.0886
2.0520	2.5770	0.0894
1.8690	1.9980	0.0961
1.7250	1.7660	0.0944
1.9460	0.0222	0.1075
1.9920	1.6120	0.0948
2.0420	2.4380	0.0882
1.7610	0.6875	0.0878
1.9420	4.1650	0.0881
1.7920	3.5790	0.0811
1.5950	3.0090	0.0779
1.7420	2.2190	0.0848
1.6070	3.4560	0.0935
1.9560	1.4480	0.0999
2.1550	1.2380	0.1048
1.7250	0.6617	-0.0032
1.8130	1.0580	0.0660
1.2140	0.7291	-0.0609
1.4700	1.0090	-0.0432
1.6400	1.0920	0.0069
1.7020	1.8710	0.0398
1.7590	1.6160	0.0551
2.1670	1.4510	0.1011
2.2020	2.4960	0.1089
2.0280	2.4670	0.0832
2.0160	2.4290	0.0797
1.8460	2.5990	0.0800
2.0690	1.5370	0.1117
1.7630	1.8050	0.0752
1.9500	1.6850	0.0975
2.0270	2.1740	0.1037
1.9390	2.0110	0.0728
1.1100	1.5340	-0.0836
1.3870	0.5541	-0.0358
1.3770	1.6480	-0.0319
1.7860	1.5720	0.0222
1.5730	1.0880	-0.0037
1.6920	1.6340	0.0254
1.6870	4.1830	0.0566
2.0910	0.3500	0.0466
2.5010	3.0240	0.0722
2.0090	0.7835	0.0443
2.1030	0.3106	0.0587
2.4080	5.2920	0.1328
2.6030	5.7500	0.1399
2.4360	0.0147	0.1018
1.7590	0.7821	0.0494
1.6840	0.9046	0.0564
1.8930	0.8116	0.0432
1.9840	1.2950	0.0522
2.0530	3.3590	0.0594
1.6490	2.3190	0.0534
1.4260	7.1500	0.0313
1.6010	4.6920	0.0451
0.9736	2.3730	-0.0925
0.7531	0.3348	-0.0828
0.8386	1.0560	-0.0881
0.9508	1.4290	-0.0735
0.9633	0.8297	-0.0282
0.6538	0.0610	-0.0617
0.6417	0.0084	-0.0740
1.0430	0.4350	-0.0451
0.6291	0.1071	-0.0323
0.7176	0.0840	-0.0102
0.8579	0.5302	-0.0133
1.4760	2.2190	0.0366
0.6342	0.1155	-0.0533
0.7193	0.3336	-0.0135
0.9483	0.4369	0.0135
1.6610	2.3340	0.0549
1.4120	1.5590	0.0384
1.9740	0.3011	0.0574
