1.7280	1.0960	0.0595
2.2000	2.1710	0.1926
2.3580	2.0510	0.1647
2.3270	1.9490	0.2142
2.2660	0.7944	0.1845
2.4850	0.5885	0.2425
2.4340	1.2110	0.1886
2.2170	0.5240	0.2519
2.3510	0.1809	0.1433
2.4660	1.3720	0.1616
1.7100	0.2249	-0.0819
2.3780	0.1917	0.1688
2.2020	2.8520	0.1348
2.3980	4.9340	0.1794
2.3010	4.1400	0.1971
2.2130	0.7061	0.1837
2.0990	0.9807	0.0670
2.2440	2.8260	0.1581
2.5650	2.2090	0.0807
2.4310	1.7810	0.2090
1.6070	0.5217	-0.0961
2.4140	0.1891	0.2157
2.2140	0.3694	0.1840
2.4800	0.5335	0.1914
2.3950	0.4234	0.1663
2.5970	2.1230	0.2011
2.2240	3.8360	0.2067
2.6450	2.6910	0.2180
2.5370	2.1340	0.2071
2.5010	0.3826	0.1907
2.6770	2.2940	0.1152
2.2920	3.2370	0.2072
2.2250	1.0620	0.1568
2.1510	0.7142	0.1962
1.3100	0.3290	0.0317
2.3520	2.0960	0.1979
2.3620	1.7720	0.2457
2.3290	2.1940	0.1924
2.4630	0.0447	0.2325
2.3210	1.2160	0.1863
2.1640	2.7480	0.1762
2.0220	1.5560	0.0692
2.1850	0.7342	0.1340
2.2400	0.9266	0.1557
2.2360	4.0980	0.1514
2.2510	2.9410	0.1431
2.3400	1.2320	0.1860
2.3260	2.8570	0.1540
2.3510	3.0980	0.1832
2.4030	0.4246	0.2105
2.3090	3.2480	0.2149
2.3600	3.0430	0.1707
2.2340	0.1573	0.1474
2.4770	1.0340	0.2262
2.3740	3.1050	0.2130
2.2060	3.0200	0.1777
2.1660	2.3750	0.1123
2.2130	1.2640	0.1275
2.1740	3.9390	0.0632
2.4760	1.0310	0.1643
2.4880	1.0560	0.2222
2.0640	1.3160	0.1125
2.1360	3.5590	-0.0382
1.9250	0.0590	0.0109
2.3150	2.6830	-0.0511
2.3370	0.8503	0.2324
2.2400	2.6190	0.1896
1.9940	0.9987	0.1290
1.3710	0.0646	-0.0492
1.9830	0.4197	0.0825
2.1100	2.6080	0.0774
1.6680	1.6540	-0.1181
2.3180	0.8799	0.1970
2.0070	2.8650	0.1439
2.3810	2.9620	0.2308
2.3850	3.8520	0.2317
2.3120	3.3320	0.2026
2.2560	3.2890	0.1907
2.2320	2.7150	0.1843
2.5660	0.8489	0.2049
2.3600	1.5720	0.1817
2.4360	1.9260	0.2214
2.2700	2.8690	0.1818
2.3280	3.0760	0.1724
2.5150	0.6345	0.1780
2.3300	0.8907	0.1845
2.3390	1.5970	0.1678
2.4220	0.7664	0.1866
2.5600	2.9480	0.1970
2.6010	1.7670	0.1816
3.2710	0.5426	0.1966
2.2640	0.5177	0.1767
2.3100	1.5860	0.1773
2.3200	0.2170	0.1650
2.1750	1.5590	0.2139
2.3150	3.2950	0.2115
2.4460	0.0199	0.2056
2.4210	1.6320	0.1423
2.3440	4.8910	0.2205
2.4360	0.1376	0.2106
2.5200	2.5820	0.2064
2.4770	0.0836	0.2101
2.4240	2.4490	0.2142
2.4060	2.5440	0.1066
2.8190	0.4626	0.1238
2.4640	0.0515	0.1992
2.5940	1.5280	0.1786
2.2540	4.5280	0.1126
2.1520	3.4820	0.1395
2.4060	3.0670	0.1318
2.2600	2.0650	0.2068
2.2340	1.8930	0.1863
2.6560	2.7410	0.1984
2.4320	1.6520	0.1973
2.3470	1.8540	0.1972
2.1770	2.6130	0.1914
2.3630	1.1740	0.1715
2.4220	1.7070	0.2100
2.2080	0.3234	0.1750
1.6710	0.4436	0.1115
1.8770	0.5185	0.0917
1.2390	0.3746	-0.0130
2.1990	4.0630	0.1721
2.1380	3.2580	0.1636
1.8830	1.2130	0.1297
2.0150	0.9199	0.1687
1.8240	1.1920	0.1262
2.2830	1.5760	0.1906
2.3220	6.0410	0.2079
2.2880	2.4150	0.2062
2.5020	1.9080	0.1883
2.4680	2.1020	0.1824
2.5530	1.6330	0.1602
2.3630	4.2590	0.2040
2.4410	1.7360	0.2264
2.4600	2.8000	0.2207
2.5680	1.1040	0.2122
2.3510	2.7420	0.2428
2.3570	4.7540	0.2064
2.2670	1.9420	0.2392
2.3010	1.2260	0.2439
2.4900	1.3310	0.2310
2.3650	1.0260	0.2345
2.4880	3.6760	0.2347
2.4860	1.4890	0.2032
2.4800	3.0900	0.1996
2.2740	2.3080	0.2233
2.3690	0.6523	0.2155
2.4790	0.0013	0.2326
2.6350	0.8254	0.1859
2.1560	1.2870	0.0687
2.6370	0.1121	0.1409
2.1630	1.8740	0.1992
2.1880	2.5790	0.2271
1.7920	1.0220	-0.0412
2.2120	3.1350	0.1046
2.2110	2.5040	0.1891
2.2420	1.8070	0.1701
2.1300	1.6110	0.1823
1.4070	0.4311	-0.0944
1.2280	0.3018	-0.0680
1.4850	0.1380	0.0421
2.2970	5.0820	0.1528
2.1980	2.8590	0.1386
2.3060	2.5820	0.1575
2.1650	1.9640	0.1328
2.2100	2.8450	0.1447
2.1810	2.5630	0.1389
2.2270	3.7300	0.1465
2.2980	0.3063	0.1737
2.3230	5.3920	0.1675
2.2260	1.8960	0.1391
2.2970	1.8160	0.1503
2.2540	1.9220	0.1497
2.3180	1.1470	0.1570
2.3650	0.1599	0.1788
2.3190	1.2830	0.1613
2.3360	1.2040	0.1565
2.3590	5.1180	0.1788
2.3650	1.4050	0.1552
2.3350	0.6650	0.1741
2.3350	2.7520	0.1958
2.2930	2.4700	0.1606
2.3610	2.0960	0.1601
2.3880	0.7410	0.1610
2.3160	1.0440	0.1934
2.2750	2.2280	0.2144
2.4300	1.1810	0.1889
2.3830	2.8590	0.1847
2.3620	3.1120	0.2062
2.3540	1.0080	0.2117
2.3330	3.2710	0.2139
2.3690	1.7180	0.1655
2.3080	3.7990	0.1517
2.2470	3.5420	0.1744
2.2410	4.7220	0.1718
2.3000	1.8660	0.1596
2.2230	0.9751	0.1369
2.1740	1.4390	0.1265
2.2890	3.4020	0.2009
2.3110	3.1990	0.1994
2.2170	0.3429	0.1828
2.5100	0.9426	0.2428
2.5430	1.4780	0.2429
2.5020	1.0660	0.2308
2.2630	2.1590	0.1898
2.0890	1.8940	0.1463
2.1200	1.0820	0.1286
2.1820	0.8889	0.1288
2.1920	2.6970	0.1242
2.2160	0.9019	0.1558
2.1630	0.1810	0.1264
2.1270	1.9130	0.0975
2.1850	2.4790	0.1337
2.1230	4.3110	0.1017
2.1470	3.9490	0.1244
2.2270	2.6440	0.1390
2.3140	1.7030	0.1569
2.3250	2.3790	0.1489
2.3940	2.6080	0.1846
2.1100	3.7120	0.0624
2.2180	2.1500	0.0952
2.3400	0.6917	0.1220
2.3300	0.4855	0.0713
2.5870	1.9330	0.1313
2.1030	1.2840	0.1488
2.0820	0.3553	0.0529
2.4800	1.2790	0.2370
2.5390	1.2200	0.2259
2.3180	2.5570	0.1950
2.4170	0.8990	0.1949
2.1370	2.0530	0.1403
2.1430	5.0240	-0.0074
2.2030	4.1170	-0.0018
2.1340	4.4000	0.0129
2.0620	0.0767	0.0275
2.0970	1.6170	0.0797
2.2160	4.2710	-0.0827
2.3700	2.2900	0.0271
2.1630	0.7827	0.0915
2.0080	0.7677	-0.0142
1.8000	0.9718	-0.0872
1.7650	1.1690	-0.0962
1.7190	2.8830	-0.0805
2.4270	0.9856	0.2332
2.3660	1.6300	0.2218
2.3480	1.6940	0.2309
2.3620	0.6184	0.2002
2.2930	4.2920	0.2217
2.2670	2.9210	0.2152
2.1270	0.2827	0.1798
2.1500	2.5800	0.1588
2.0000	0.8689	0.1031
2.2110	0.1459	0.1417
1.8660	1.4110	0.0965
1.5460	0.5371	0.0113
1.8560	0.9661	0.0684
1.8030	0.5889	0.0210
1.2970	0.2025	-0.0884
1.7490	0.4026	-0.0017
2.1600	2.8880	0.1430
2.0980	0.3954	0.1344
2.2510	1.1760	0.1408
2.0720	0.0324	0.0775
1.8200	0.3727	0.0111
2.0570	2.1690	0.0689
1.5740	0.9885	-0.1148
1.8960	0.1405	-0.0246
1.8780	1.5980	-0.0698
1.7110	1.1250	-0.1098
1.9830	1.1770	0.1408
1.8150	0.5195	0.1233
2.3960	0.2380	0.2042
2.1580	3.0580	0.1649
2.1470	0.6886	0.1664
2.2450	0.9616	0.1927
2.1910	1.2340	0.1729
2.3640	2.9200	0.2373
2.4040	2.8430	0.2299
2.4420	1.1950	0.2374
2.3790	1.5070	0.2420
2.3910	2.2880	0.2389
2.3990	1.1630	0.2252
2.4050	0.0952	0.2311
2.3180	3.1460	0.2040
2.2520	2.7040	0.1930
2.3700	2.2430	0.2170
2.3650	3.9430	0.2203
2.3600	2.2790	0.2110
2.2480	2.6620	0.1916
2.2160	2.8030	0.1824
2.3660	2.0600	0.2007
2.2900	0.2351	0.2001
2.2510	1.8220	0.1882
2.2470	1.8330	0.1850
2.2460	0.9942	0.1843
2.2690	1.6690	0.1818
2.2840	2.1220	0.1841
2.4690	0.5556	0.2140
2.3320	0.5341	0.1898
2.5420	1.6200	0.1953
2.5720	0.4682	0.1948
2.5990	0.5455	0.1893
2.3930	3.4840	0.2272
2.4490	2.1470	0.2177
2.4270	0.8944	0.2353
2.3920	2.5730	0.2231
2.2740	3.8810	0.1983
2.4850	2.3320	0.1984
2.3930	2.0630	0.1876
2.5020	2.2510	0.2156
2.3800	0.4845	0.1990
2.2210	0.0160	0.1797
2.2830	1.3540	0.1760
2.3380	1.6950	0.1815
2.2610	1.9240	0.1722
2.3400	1.9930	0.1714
2.3800	0.9031	0.1710
2.2950	1.7180	0.1857
2.2890	0.6497	0.1826
2.5270	2.2880	0.1864
2.4930	0.8134	0.1833
2.3220	1.9970	0.1848
2.5660	1.3480	0.1959
2.5090	1.7610	0.1903
2.3350	3.7570	0.1807
2.3980	2.3680	0.1866
2.3610	0.7700	0.1664
2.3570	1.9300	0.1735
2.3710	1.8940	0.1793
2.3190	3.3870	0.1684
2.4360	2.6280	0.1915
2.5700	0.5087	0.1964
2.6590	2.8370	0.2088
2.4700	1.0930	0.1858
2.4900	3.1610	0.1951
2.4970	2.9230	0.1738
2.9040	0.4097	0.2047
2.8680	0.0548	0.2051
2.6130	1.5060	0.1727
2.7300	0.1938	0.1874
2.9410	4.9810	0.1937
2.5580	0.4839	0.1791
2.7430	2.4750	0.1727
2.3630	3.7720	0.1761
2.3610	3.8200	0.1565
2.4190	3.2180	0.1653
2.4020	2.9340	0.1797
2.2140	2.8830	0.1791
2.1710	4.3760	0.1931
2.2270	1.6860	0.2044
2.2610	1.5120	0.1629
2.3080	1.7770	0.1599
2.2850	1.6820	0.1574
2.2790	3.8700	0.1568
2.3580	4.4050	0.1804
2.2090	1.4960	0.2023
2.1800	2.1540	0.2119
2.3180	2.5100	0.1687
2.2530	1.6720	0.1983
2.2290	0.1530	0.2192
2.2310	3.3520	0.2200
2.2840	0.7937	0.2124
2.2310	4.3570	0.2186
2.3020	1.7270	0.2125
2.3190	3.2090	0.2123
2.3810	1.3090	0.1597
2.3920	2.9250	0.1428
2.2850	3.0450	0.2062
2.3630	0.2246	0.2019
2.4430	3.4320	0.1973
2.4730	2.4220	0.2054
2.4960	2.9800	0.2063
2.3460	1.2690	0.2102
2.3610	2.2510	0.2059
2.3170	0.2338	0.2182
2.3120	0.9259	0.2147
2.3770	3.9200	0.2164
2.4990	0.1831	0.2111
2.6230	0.9512	0.2082
2.4220	4.3090	0.2087
2.4780	3.4600	0.2106
2.3660	1.8520	0.2035
2.5260	3.3720	0.2088
2.5910	2.7030	0.2053
2.4440	4.1640	0.2118
2.4660	2.9910	0.2114
2.5480	1.2220	0.2148
2.4890	0.6034	0.2040
2.4400	3.0170	0.2047
2.4660	5.0070	0.2045
2.4200	1.1530	0.1983
2.4540	3.5930	0.1147
2.5580	0.9431	0.1387
2.5170	1.8200	0.1761
2.4810	5.3500	0.1265
2.4720	1.6920	0.0984
2.4320	2.5390	0.1008
2.7970	3.7000	0.1092
2.5030	0.7989	0.2059
2.6350	1.8720	0.1981
2.4240	3.5770	0.1904
2.4400	1.8520	0.2088
2.4770	1.1610	0.2053
2.5400	3.7060	0.1975
2.5470	0.8272	0.1870
2.3130	0.9767	0.1006
2.4330	0.9198	0.1018
2.4510	1.8890	0.1734
2.3530	0.0829	0.1494
2.3560	3.3960	0.1498
2.3600	0.7912	0.1038
2.5090	3.5540	0.1274
2.2320	1.5440	0.1722
2.1580	1.1440	0.1105
2.2830	0.8015	0.1135
2.2850	0.2163	0.1318
2.3670	0.8717	0.1365
2.2750	2.0360	0.1829
2.2530	1.3860	0.1800
2.4650	1.5310	0.1979
2.2870	0.6693	0.1894
2.2430	1.3290	0.1958
2.2160	1.0660	0.2065
2.1800	2.1460	0.1991
3.0520	0.4093	0.1850
2.6240	0.0573	0.2079
3.1140	3.8890	0.1665
2.9550	2.7460	0.1585
2.6220	2.8970	0.1496
2.3510	2.5790	0.2048
2.3480	1.7650	0.2062
2.4410	1.2220	0.2118
2.5070	1.0570	0.2067
2.4410	2.1250	0.1542
2.3410	3.2810	0.2004
2.3530	3.6260	0.2068
2.3640	2.9160	0.1632
2.3360	2.3960	0.1653
2.3660	1.3260	0.1758
2.2130	0.9686	0.1804
2.2020	4.1350	0.2002
2.1510	3.3320	0.1884
2.1970	3.1750	0.1815
2.2020	0.8545	0.1852
2.3580	1.1990	0.2044
2.3320	2.4900	0.2103
2.3450	0.7063	0.1624
2.3770	1.4840	0.1879
2.3890	2.6600	0.1994
2.3480	0.4969	0.1692
2.2580	1.5970	0.1877
2.2100	0.8692	0.1951
2.2080	0.4408	0.1786
2.2710	1.5130	0.2049
2.4150	1.9060	0.1990
2.0940	2.8960	0.1591
2.0560	0.2339	0.1524
1.9100	0.4054	0.1506
1.8700	3.0540	0.1443
1.8140	1.1720	0.1404
1.6850	0.3317	0.0709
1.5610	0.4093	0.0404
1.4530	0.2338	0.0068
2.0350	0.1263	0.1260
1.7780	0.3389	0.0851
1.5600	0.0475	0.0382
1.5090	0.0910	0.0507
1.2320	0.4268	0.0073
2.2500	3.9690	0.1624
2.1990	3.2580	0.1700
2.2680	2.1260	0.1438
2.2540	0.1326	0.1481
2.2090	5.3470	0.1796
2.1960	0.4867	0.1980
2.1450	0.2429	0.1828
1.8640	1.2580	0.1009
1.5610	0.0024	0.0760
2.0320	1.4340	0.1381
2.0560	0.5234	0.1527
2.0400	0.1445	0.1725
1.7090	0.1918	0.1172
1.4270	0.1091	0.0746
2.1020	3.2120	0.1855
1.9340	1.6560	0.1595
1.9080	0.6033	0.1541
2.1120	2.6860	0.1735
2.0840	2.3360	0.1628
2.1980	1.4000	0.1897
2.2740	3.4300	0.2010
2.2060	0.7493	0.1939
2.1580	1.5910	0.1846
2.2500	1.3730	0.1957
2.3230	2.4900	0.1923
2.3330	5.3380	0.2029
2.2170	1.2190	0.2017
2.2310	0.8982	0.2065
2.1670	3.6870	0.1603
2.2300	1.3740	0.1962
2.3480	1.4490	0.2024
2.3830	2.0860	0.1885
2.3890	4.8990	0.1853
2.2930	0.4375	0.2018
2.4000	0.0585	0.2020
2.5020	2.6060	0.1994
2.4980	0.4819	0.1804
2.4160	0.8722	0.1910
2.5320	4.1240	0.1881
2.5210	3.9670	0.1841
2.4710	3.0790	0.1813
2.4220	1.5760	0.1803
2.3110	2.0090	0.2083
2.4150	3.2510	0.1785
2.4400	1.8770	0.1688
2.4540	0.8700	0.1737
2.4170	3.0210	0.1797
2.3440	2.2910	0.1955
2.4380	3.8240	0.2000
2.3940	2.2840	0.1985
2.4240	3.3600	0.2069
2.4430	1.2530	0.2040
2.4320	0.7950	0.2259
2.4330	2.5600	0.2418
2.4240	2.8990	0.2388
2.6050	2.5840	0.1820
2.4170	2.7170	0.2016
2.5950	0.9346	0.1901
2.6130	3.1680	0.2132
2.4860	3.6270	0.2314
2.5090	2.1220	0.2110
2.4030	0.9170	0.2017
2.3230	0.1559	0.2447
2.5580	0.5063	0.2352
2.4780	3.8160	0.2305
2.2760	3.4810	0.2346
2.2860	0.4316	0.2282
2.2970	3.5370	0.2506
2.3050	0.8971	0.2557
2.3040	2.4130	0.2445
2.2750	0.1063	0.2475
2.2930	2.9690	0.2446
2.3060	2.1310	0.2347
2.3300	2.7340	0.2337
2.4710	2.7700	0.2268
2.4260	0.1318	0.2434
2.4770	2.5750	0.2212
2.5000	3.7120	0.2207
2.5510	2.7260	0.2277
2.2870	4.6150	0.2358
2.4190	2.6330	0.2380
2.3080	3.5590	0.2360
2.3760	1.0210	0.2339
2.4740	2.6050	0.2286
2.5580	2.9800	0.2265
2.5710	4.1870	0.2356
2.5170	2.6730	0.2217
2.3890	1.7620	0.2271
2.3740	3.4550	0.2275
2.4280	3.1670	0.1930
2.3930	2.9460	0.1965
2.4940	0.2404	0.1946
2.4030	3.3400	0.2054
2.4750	2.3570	0.1998
2.4050	4.2760	0.1904
2.4000	3.8420	0.1871
2.2160	2.7480	0.2103
2.2770	1.3930	0.2137
2.3380	2.7840	0.2047
2.2590	2.8510	0.2414
2.2790	1.0510	0.2397
2.3240	2.4550	0.2293
2.4340	1.2290	0.2270
2.4730	2.4560	0.2155
2.4760	3.4200	0.2039
2.3760	2.6740	0.2143
2.4250	1.6220	0.2258
2.5160	3.9740	0.2339
2.4510	0.5419	0.2256
2.4980	1.2430	0.2353
2.4240	1.9730	0.2356
2.4820	2.6020	0.1936
2.7220	1.6700	0.1533
2.6170	1.1220	0.1774
2.5740	1.7600	0.2041
2.4670	0.0864	0.1849
2.6820	3.2540	0.0575
2.7410	1.1730	0.1111
1.6780	0.4249	-0.0182
2.0130	0.9637	0.0317
2.3970	2.3220	0.1107
2.2780	1.7990	0.1285
2.2740	0.5851	0.1489
2.4440	0.9369	0.1688
2.2730	2.6520	0.1925
2.6550	1.6450	0.1633
2.1490	1.4070	0.1705
2.1640	0.7635	0.1925
2.1820	3.0740	0.2141
2.1890	3.7650	0.2000
2.2300	0.0590	0.2132
2.2780	2.5040	0.2260
2.2140	3.3530	0.2359
1.6510	0.6065	-0.0512
1.9420	0.2962	0.0457
1.9170	2.5990	-0.0256
2.2170	0.8242	0.0836
2.2680	0.7607	0.0491
2.3680	3.3230	0.0924
2.2120	2.3040	0.1533
2.1200	1.7170	0.1510
2.2420	0.8349	0.1834
2.1800	2.4850	0.1373
2.2100	0.4183	0.1923
2.2940	5.5710	0.2114
2.3120	3.8420	0.2063
2.2890	1.6980	0.1882
2.1160	2.0840	0.1673
2.0860	1.3850	0.1943
2.1780	1.8450	0.1271
2.2590	0.3881	0.1539
2.3310	3.3560	0.1874
2.1200	1.0310	0.2041
2.2470	1.2480	0.1980
2.1970	3.2290	0.2123
1.6020	0.4649	-0.0785
1.4150	0.6018	-0.1200
1.4730	1.2020	-0.1123
1.6430	2.5340	-0.0764
1.5950	0.7315	-0.0525
1.1970	0.3600	-0.0909
1.2630	0.1631	-0.1113
1.2150	0.3616	-0.0521
1.1720	0.4393	-0.0457
1.2380	0.3718	-0.0176
1.4000	0.0617	-0.0283
1.8370	0.9215	0.0740
1.2970	0.0434	-0.0819
1.3170	0.1848	-0.0260
1.3170	0.2349	0.0247
1.9130	0.4032	0.1139
1.6080	0.5323	0.0898
2.0210	1.1630	0.1503
1.9950	2.3290	0.1038
2.0990	2.1700	0.1792
2.1660	2.1650	0.1631
2.2270	0.1370	0.2018
2.4900	1.1630	0.1848
2.2860	1.5020	0.2524
2.2270	0.1566	0.1938
2.5150	2.3070	0.2244
2.6250	0.9237	0.1798
2.2540	2.1740	0.1886
1.3880	1.0620	-0.0804
2.2000	1.5840	0.1677
2.1890	2.0260	0.1370
1.9010	5.3300	0.1858
2.3410	3.6000	0.1796
2.1670	0.8372	0.1902
2.1040	1.2850	0.1020
2.2790	1.1210	0.1570
2.2430	2.3210	0.1065
2.5180	0.1410	0.2130
1.4170	0.0512	-0.0361
2.2620	1.2610	0.2181
2.2460	2.0210	0.1942
2.2170	0.4794	0.1822
2.2200	2.1450	0.1888
2.4820	2.2250	0.2036
2.2010	1.6130	0.1804
2.4940	2.1290	0.1947
2.3570	2.2360	0.1728
2.5010	1.4300	0.1725
2.4660	1.2470	0.1805
2.2300	3.4170	0.2073
2.4530	3.2170	0.1522
2.1920	0.9956	0.1891
0.9930	0.0637	0.0129
2.1840	5.1770	0.1737
2.4020	2.3280	0.2052
2.1380	3.2980	0.1828
2.3880	1.9170	0.2330
2.1670	3.1790	0.1828
1.6830	3.3130	0.1581
2.2190	1.3600	0.0178
2.0900	1.7310	0.1367
2.2740	1.7410	0.1614
2.1570	4.5930	0.1474
2.1490	1.9900	0.1416
2.1870	1.1270	0.1794
2.2290	3.3250	0.1543
2.3590	1.1490	0.1770
2.1040	0.9989	0.1882
2.3480	0.1391	0.2013
2.1370	4.5350	0.1691
2.1110	1.3660	0.1455
2.4980	0.1523	0.2246
2.4860	1.3600	0.2223
2.1210	2.9090	0.1821
2.1590	1.5550	0.1230
2.0870	1.9600	0.1389
2.0650	4.5050	0.0813
2.2230	2.6540	0.1560
2.3130	0.6502	0.2362
2.1130	1.8260	0.1319
1.9260	1.6140	-0.0177
1.8580	1.3910	0.0207
1.4700	1.3920	-0.0576
2.2980	1.4190	0.2562
2.5260	2.0980	0.2152
2.2040	0.0741	0.1579
1.6860	0.0838	0.0265
2.2040	2.4370	0.1377
2.1880	0.7395	0.1106
1.2740	1.5020	-0.0893
2.3940	0.1029	0.2026
2.1660	3.4460	0.1635
2.2050	3.0540	0.2476
2.4030	3.4250	0.2312
2.3980	3.3260	0.1994
2.2920	1.5290	0.1913
2.3590	1.9890	0.1931
2.3310	1.1740	0.1979
2.4140	1.0750	0.1844
2.3440	2.0460	0.2160
2.2030	2.9100	0.1878
2.1040	3.4830	0.1657
2.2720	1.0600	0.1934
2.5880	0.3305	0.1875
2.1860	0.3635	0.1691
2.1700	1.1010	0.1844
2.2930	2.4610	0.1956
2.2090	2.0020	0.1930
2.2780	1.5930	0.2086
2.4250	2.9020	0.1622
2.4080	1.6230	0.2018
2.2600	1.0410	0.1566
2.1660	1.6630	0.1957
2.2530	1.3700	0.2072
2.4910	1.3780	0.1793
2.4300	2.4350	0.1865
2.3170	1.5300	0.2050
2.2370	0.8159	0.1964
2.3030	2.9450	0.2081
2.1720	4.4970	0.2126
2.1960	3.0430	0.1934
2.5200	3.4360	0.1700
2.2580	0.0059	0.1708
2.4740	0.9255	0.1905
2.5150	2.0580	0.1162
2.6600	3.9370	0.1368
2.5020	2.6740	0.1304
2.6250	3.3790	0.1926
2.3440	2.5570	0.2009
2.4010	2.1260	0.1893
2.3950	1.1190	0.1977
2.2630	1.7620	0.2094
2.4290	1.0040	0.2123
2.1880	1.5220	0.1907
2.5920	0.3450	0.1842
2.3050	0.4087	0.2110
2.1650	1.4110	0.1763
1.9940	0.4263	0.1096
1.8490	0.0904	0.0609
1.3870	0.5451	-0.0243
2.5260	2.3620	0.1464
2.3900	0.0816	0.1252
2.0200	0.6209	0.1271
2.1060	1.3570	0.1727
1.7390	1.8840	0.0858
2.2720	0.6902	0.1983
2.0230	4.4040	0.1925
2.3040	0.3186	0.2056
2.4140	2.2680	0.1766
2.4830	3.5070	0.1689
2.2450	2.8480	0.1507
2.1000	2.6680	0.1796
2.4280	0.9525	0.2014
2.4630	2.8020	0.1667
2.6330	0.6826	0.1842
2.5120	2.4620	0.2065
2.4430	4.0650	0.1967
2.3160	3.1140	0.2273
2.4450	2.2250	0.2281
2.3510	0.7647	0.2090
2.7020	1.6650	0.2331
2.2930	3.8120	0.2099
2.5010	0.5224	0.1867
2.4400	1.6190	0.1978
2.3650	2.1650	0.2294
2.3580	2.5200	0.2032
2.2670	2.4070	0.2263
2.5600	2.6920	0.1638
1.8510	0.3693	0.0388
2.2010	1.7440	0.1314
1.8750	0.7802	0.1913
2.2240	3.2850	0.2075
1.8920	1.4680	-0.0689
1.8720	0.2928	0.0919
2.1490	0.4876	0.1631
2.1520	4.1270	0.1541
1.9980	0.9163	0.1802
0.9647	0.0499	-0.0920
0.6796	0.2198	-0.0649
1.3010	0.6592	0.0077
2.1460	4.3580	0.1527
2.1070	2.6990	0.1396
2.1700	2.7110	0.1566
2.1010	2.1630	0.1368
2.2240	2.6800	0.1491
2.0950	1.4790	0.1392
2.1560	1.8410	0.1465
2.3480	1.9920	0.1714
2.2320	5.1510	0.1496
2.1920	3.9660	0.1405
2.1920	1.4750	0.1428
2.2630	2.9310	0.1435
2.1620	2.6850	0.1597
2.2300	2.4950	0.1714
2.1870	2.0080	0.1590
2.1570	1.7060	0.1626
2.0880	0.9052	0.1856
2.1240	1.7090	0.1600
2.4620	1.1010	0.1722
2.4960	1.4670	0.1899
2.3510	2.2470	0.1575
2.3060	3.8550	0.1594
2.0240	1.7430	0.1630
2.4290	2.9070	0.1930
2.3710	2.5280	0.2044
1.9590	5.5020	0.1886
2.1060	1.3420	0.1778
2.2380	3.2470	0.1905
2.2170	0.0825	0.1960
2.2510	3.5210	0.2028
2.1570	4.4250	0.1631
2.1360	2.4470	0.1528
2.1230	4.4080	0.1742
2.1110	4.8950	0.1728
2.1230	1.8560	0.1609
2.1110	0.9743	0.1367
2.1310	2.5370	0.1343
2.3170	4.2240	0.2031
2.3740	3.0560	0.2056
2.1410	0.6147	0.1886
2.3730	0.6819	0.2451
2.4810	0.0474	0.2477
2.5350	0.8169	0.2334
2.2330	3.3030	0.2005
2.1360	2.7070	0.1695
2.1260	0.1548	0.1335
2.1380	0.7699	0.1347
2.1660	3.2230	0.1303
2.1010	0.0766	0.1557
2.1310	0.3581	0.1361
2.1340	1.4130	0.1137
2.1440	3.8610	0.1366
2.0790	3.6710	0.1229
2.1090	3.6250	0.1348
2.1090	2.8670	0.1390
2.1350	1.5370	0.1579
2.1270	0.2626	0.1401
2.1970	2.7460	0.1571
2.0600	3.4220	0.0829
2.0690	3.0570	0.1182
2.1120	0.1969	0.1107
2.1100	2.9110	0.0772
2.2100	3.1990	0.1405
2.3230	3.4100	0.1854
2.0890	2.6030	0.1086
2.3020	1.0160	0.2498
2.4880	2.3740	0.2358
2.5320	1.4980	0.2006
2.3470	0.7099	0.2091
2.2930	2.0110	0.1572
2.0200	0.4324	0.0164
2.0360	2.9540	-0.0025
2.0460	0.7732	0.0469
2.0130	2.6750	0.0507
2.2040	1.8280	0.0831
1.7220	0.1141	-0.0572
2.0350	4.3600	0.0115
2.1730	0.8674	0.1088
1.8520	2.2340	0.0151
1.6280	2.2840	-0.0645
1.4850	0.0522	-0.0780
1.4080	2.5850	-0.0775
2.2120	2.3540	0.2603
2.2410	2.3810	0.2568
2.4800	4.1690	0.2450
2.5420	0.1270	0.2210
2.4580	4.4120	0.2470
2.3180	3.6130	0.2381
2.3520	0.8181	0.1939
2.3460	1.4180	0.1901
2.1910	1.6480	0.1483
2.4440	0.9005	0.1804
2.1010	2.4720	0.1301
1.9880	2.3970	0.0814
2.1010	2.9990	0.1175
2.0280	1.5200	0.0959
1.4480	1.0290	-0.0191
1.8710	0.2942	0.0658
2.4390	2.1400	0.1639
2.3190	2.1820	0.1451
2.4670	0.1171	0.1767
2.1880	0.9038	0.1165
1.7710	1.2690	0.0461
2.1040	4.0630	0.0808
1.3410	0.5643	-0.0569
1.7130	1.2300	0.0102
1.6370	1.9040	-0.0323
1.3400	0.0097	-0.1002
2.1920	2.0170	0.1601
2.0710	1.9720	0.1384
2.4700	1.3250	0.2145
2.3210	2.7030	0.1926
2.2760	0.6972	0.1934
2.3230	1.8870	0.2004
2.2110	0.9646	0.1896
2.3930	3.3930	0.2496
2.5040	1.5450	0.2324
2.2220	2.2230	0.2521
2.2510	1.8730	0.2607
2.3000	0.6460	0.2502
2.2130	0.1831	0.2359
2.3100	2.1620	0.2236
2.4050	2.2550	0.2055
2.3330	2.2430	0.2011
2.4620	3.1870	0.2162
2.4030	1.3240	0.2130
2.3630	1.0450	0.2069
2.3670	3.3180	0.1983
2.2620	2.4740	0.1958
2.2890	1.0710	0.2035
2.3580	1.8250	0.1954
2.4090	0.6853	0.1949
2.4690	2.0610	0.1901
2.4410	1.1840	0.1930
2.2990	2.0710	0.1847
2.5190	1.0950	0.1844
2.2650	2.7380	0.2074
2.2560	0.4683	0.1995
2.2550	1.2520	0.1963
2.2890	1.0670	0.1928
2.2730	0.4256	0.1921
2.2340	3.1090	0.2281
2.2450	1.3570	0.2224
2.2700	3.0070	0.2370
2.4280	2.5230	0.2181
2.2630	4.2780	0.1964
2.2880	2.3640	0.1965
2.2280	2.3990	0.1826
2.3280	2.7460	0.2140
2.2910	0.7278	0.1957
2.1940	2.3340	0.1899
2.1230	2.1490	0.1737
2.1250	3.6890	0.1751
2.1360	1.4950	0.1744
2.1220	0.2988	0.1672
2.1550	0.1905	0.1603
2.5500	2.0310	0.1859
2.5540	1.2360	0.1842
2.2730	3.3520	0.1888
2.2920	1.4020	0.1878
2.4430	1.6550	0.1917
2.3220	0.9994	0.1961
2.5920	0.6359	0.1940
2.0950	3.4350	0.1715
2.1640	2.4900	0.1784
2.1780	0.9970	0.1652
2.1300	4.4400	0.1619
2.1330	3.3730	0.1757
2.2170	1.9330	0.1778
2.2520	0.3160	0.1903
2.2930	1.8080	0.1967
2.3260	1.8930	0.1988
2.2480	4.0530	0.1849
2.2900	0.0147	0.1838
2.2890	2.2990	0.1964
2.1980	2.1490	0.2037
2.3540	2.3150	0.2061
2.1990	3.3190	0.1883
2.1710	4.8140	0.2007
2.1710	4.5270	0.1987
2.2390	2.8340	0.1913
2.2310	0.7325	0.1938
2.3080	2.8800	0.1965
2.2770	2.8710	0.2001
2.3310	2.2330	0.1761
2.3380	3.1320	0.1863
2.4530	0.6810	0.1851
2.2880	1.1740	0.1592
2.3570	2.0710	0.1584
2.2200	0.8388	0.1606
2.2900	3.8820	0.1689
2.1880	0.9812	0.1579
2.2030	1.3900	0.1533
2.2740	2.1250	0.1623
2.2520	0.9579	0.1594
2.1050	0.1885	0.1859
2.3260	0.4929	0.1602
2.2760	3.0020	0.1611
2.2540	5.3590	0.1972
2.1530	1.0610	0.2118
2.2130	2.1190	0.2025
2.2010	2.8320	0.2160
2.2460	3.7480	0.2151
2.2370	2.9380	0.2067
2.3800	2.6990	0.1965
2.2830	1.8850	0.1946
2.4010	3.2410	0.1860
2.5180	1.5440	0.1709
2.6900	2.8480	0.1736
2.4540	3.3860	0.1807
2.5660	2.7690	0.1583
2.2350	3.8190	0.1969
2.3520	0.0138	0.1934
2.2260	3.9720	0.2048
2.2060	1.9120	0.2035
2.2740	2.3300	0.1960
2.4880	0.9335	0.2023
2.4220	0.4850	0.1934
2.3660	0.1793	0.1880
2.3350	2.7690	0.1928
2.3560	0.4575	0.1926
2.3370	3.0420	0.2041
2.3570	2.3650	0.1934
2.1970	2.2130	0.1933
2.2840	3.4280	0.1899
2.3280	1.5670	0.1980
2.1940	1.4050	0.2001
2.1550	4.2840	0.2122
2.1670	1.9570	0.2094
2.2000	1.1250	0.2051
2.2750	2.7460	0.1773
2.2550	0.9573	0.1774
2.5220	2.9140	0.1471
2.5640	2.2150	0.1762
2.3120	3.7200	0.1728
2.4170	2.7280	0.1680
2.2770	2.3520	0.1713
2.3430	3.7010	0.1893
2.4430	0.2048	0.1455
2.2990	1.6000	0.1902
2.2800	2.9670	0.1966
2.3970	2.5650	0.1901
2.5220	2.4920	0.1961
2.5430	2.5420	0.1340
2.5250	1.0670	0.1553
2.5890	0.2947	0.1682
2.5430	3.7380	0.1268
2.5670	3.0840	0.1171
2.5310	0.6032	0.1149
2.6590	1.8330	0.1570
2.6020	3.3800	0.1856
2.4480	2.3150	0.1380
2.6380	1.6500	0.1322
2.6680	0.0667	0.1621
2.6790	0.6786	0.1503
2.6130	0.7862	0.1893
2.5360	1.6660	0.1888
2.4600	0.9171	0.1908
2.5030	0.5382	0.2013
2.5920	2.1950	0.1900
2.4390	2.0370	0.1939
2.2950	1.0140	0.2080
2.2920	2.6810	0.1958
2.3510	1.4050	0.2043
2.4900	1.6300	0.2022
2.2760	1.9230	0.1951
2.2930	1.6760	0.1949
2.3390	1.8530	0.1922
2.2510	2.0670	0.2095
2.2110	2.5000	0.2112
2.3440	2.4150	0.2029
2.3570	0.7780	0.2004
2.3710	2.1340	0.1970
2.2970	2.9950	0.2114
2.2490	3.2150	0.2135
2.4310	3.1780	0.2050
2.5050	2.8920	0.2033
2.5650	1.4800	0.1983
2.3510	3.0570	0.1916
2.2300	3.7330	0.1971
2.2580	3.5610	0.1902
2.2320	3.6020	0.1919
2.1730	1.8740	0.1930
2.2930	0.4960	0.2137
2.2280	2.2850	0.2124
2.6400	2.3320	0.1787
2.5010	1.4560	0.1989
2.4760	1.1610	0.2016
2.5290	3.0680	0.1822
2.4290	1.4840	0.1941
2.1680	1.9010	0.1862
2.1610	0.3413	0.1836
2.2180	1.3910	0.2006
2.2930	0.9194	0.1924
2.3390	3.5550	0.1649
2.1480	3.0990	0.1691
2.0860	0.2241	0.1279
2.1590	2.8930	0.1434
2.0950	0.3843	0.1380
1.9980	1.5900	0.0969
1.8730	0.3714	0.0427
1.8730	0.9080	0.0349
2.2650	0.7054	0.0991
1.8800	0.9301	0.0797
1.6250	1.3980	0.0189
1.4470	0.7162	0.0252
0.9165	0.0254	-0.0137
2.5820	3.3080	0.1556
2.4660	0.7549	0.1390
2.6800	1.2040	0.1461
2.6440	1.1940	0.1474
2.4960	2.9920	0.1281
2.3260	1.6350	0.1849
2.3120	0.0564	0.1590
1.9750	0.8883	0.0771
1.5680	0.8637	0.0524
2.2500	0.2269	0.1022
2.2820	2.9880	0.1496
2.1470	2.4270	0.1766
1.7190	1.2220	0.0875
1.2100	0.4006	0.0382
2.1670	2.3300	0.1933
2.0570	0.8988	0.1627
2.0040	0.4621	0.1485
2.0910	2.0170	0.1722
2.0480	1.0110	0.1479
2.1160	0.7421	0.1996
2.0720	2.1340	0.1881
2.2270	0.5036	0.2010
2.2100	0.8474	0.1950
2.1500	0.2214	0.2033
2.2460	2.3610	0.2005
2.0770	5.3890	0.1832
2.3490	0.6405	0.1891
2.2210	1.1280	0.2023
2.5020	3.6790	0.1358
2.3760	1.5740	0.1887
2.4280	0.2483	0.1956
2.3270	1.9010	0.1902
2.2980	5.4760	0.1846
2.2810	0.6600	0.2021
2.3560	1.3430	0.1998
2.4530	2.3190	0.1957
2.5130	1.7040	0.1495
2.3510	0.2938	0.1640
2.5730	2.9560	0.1730
2.5960	2.8320	0.1582
2.3620	3.3830	0.1761
2.0190	0.3887	0.1634
2.0880	4.7270	0.1840
2.2240	1.6560	0.1627
2.0220	1.5940	0.1617
2.0620	0.0002	0.1617
2.1650	2.9820	0.1634
2.1230	5.5370	0.1817
2.3500	0.3342	0.1771
2.3730	1.3000	0.1627
2.2460	1.3320	0.1897
2.4800	2.2890	0.1804
2.3420	1.6680	0.1968
2.4870	1.8180	0.2031
2.4400	2.9940	0.1844
2.4330	1.9740	0.1530
2.2830	4.1730	0.1894
2.4300	1.5180	0.1556
2.5750	2.5270	0.1677
2.6300	4.0280	0.1887
2.5720	0.7966	0.2026
2.2700	0.6749	0.1936
2.4450	1.8220	0.2044
2.5860	0.3292	0.1940
2.5400	0.4450	0.2106
2.5570	3.5000	0.2020
2.5090	0.6045	0.2146
2.3840	3.0580	0.2214
2.5140	1.7610	0.2136
2.2920	2.2100	0.2149
2.3270	2.6440	0.2166
2.3100	1.9960	0.2333
2.4690	1.9910	0.2372
2.4930	2.6680	0.2443
2.3640	0.1338	0.2042
2.3330	0.9890	0.2147
2.1880	2.9360	0.2045
2.2540	1.2880	0.2087
2.5060	2.3350	0.2073
2.4400	1.2000	0.2305
2.4810	1.6180	0.2391
2.2950	0.8503	0.2228
2.4650	1.1130	0.2232
2.6890	1.2750	0.2087
2.4660	3.2480	0.2229
2.3400	2.9270	0.2253
2.5970	1.0910	0.2147
2.4460	3.1880	0.2108
2.2020	2.7680	0.2035
2.2870	1.8780	0.1713
2.2810	2.7670	0.1822
2.4760	1.3400	0.1857
2.3960	1.5510	0.1966
2.5620	1.8530	0.1849
2.1830	1.6410	0.1877
2.1910	0.4246	0.1913
2.1450	0.4108	0.1999
2.4360	0.8484	0.2300
2.2580	1.0100	0.1959
2.4320	2.1290	0.2239
2.5370	0.6337	0.2417
2.5330	2.0720	0.2419
2.3360	2.7470	0.2204
2.3210	2.2330	0.2216
2.0440	2.3540	0.2183
2.3620	2.5450	0.2118
2.3440	0.4287	0.2166
2.2870	1.9750	0.2230
2.0990	0.1704	0.2248
2.2200	3.4930	0.2196
2.1500	5.1720	0.2151
2.3570	0.8840	0.1769
2.3790	1.9790	0.1352
2.3820	0.0592	0.1648
2.6100	0.9476	0.1835
2.3290	3.1870	0.1759
2.1000	1.0930	0.0483
2.3140	3.5220	0.0907
1.5450	0.4656	-0.0329
1.5790	1.3610	0.0028
2.0000	3.1990	0.0955
1.8620	1.3730	0.1262
1.8000	1.3540	0.1554
2.2540	0.3670	0.1657
2.1730	1.6640	0.1885
2.4860	0.5792	0.1482
1.8660	0.9238	0.1642
1.7930	0.3816	0.1847
1.9950	1.5600	0.2114
1.9090	2.1230	0.1891
1.9510	2.6850	0.2087
2.2240	1.4800	0.2188
2.4080	1.6250	0.2137
1.5040	0.9836	-0.0746
1.8870	0.2427	0.0183
2.0970	2.8410	-0.0607
2.2470	1.2390	0.0330
2.1460	0.2248	0.0129
1.9600	2.7750	0.0768
1.6970	1.6010	0.1421
2.1910	3.0100	0.1179
2.1930	3.3130	0.1622
2.2490	2.3260	0.1159
2.1090	2.6750	0.1720
2.1420	4.5690	0.1946
2.1480	4.1870	0.1854
2.0810	2.1050	0.1710
1.8110	2.5880	0.1629
1.8080	0.5692	0.1668
2.0660	0.4410	0.1162
2.0170	4.2660	0.1559
2.0220	4.4650	0.1782
2.1550	2.3810	0.2051
2.2200	4.1800	0.1873
2.3320	3.2380	0.2071
1.3920	0.6649	-0.0855
0.9214	0.0213	-0.0974
1.1120	0.9103	-0.0977
1.6360	2.3620	-0.0809
1.4470	0.8425	-0.0675
0.7889	0.1943	-0.0768
0.7413	0.1996	-0.0908
1.5280	1.1960	-0.0409
0.6694	0.2507	-0.0473
0.7401	0.1599	-0.0268
1.0790	0.1469	-0.0536
1.9160	2.0270	0.0380
0.7847	0.1423	-0.0811
0.8431	0.0383	-0.0399
0.9696	0.1091	0.0020
1.8390	0.9543	0.0761
1.4400	0.9789	0.0472
2.0110	0.8108	0.1161
