1.1630	0.0998	0.0702
1.3790	2.1780	0.1970
1.5800	3.8910	0.1588
1.5530	0.7452	0.2171
1.5350	0.4876	0.2322
1.5520	0.4370	0.2973
1.3360	4.6650	0.1829
1.6260	1.3350	0.2283
1.4140	0.9192	0.0794
1.5120	3.9900	0.2441
1.0410	1.3330	-0.0836
1.5650	0.1545	0.2588
1.6670	3.6810	0.1606
1.5510	1.7930	0.2169
1.7210	0.9510	0.1866
1.4050	3.7690	0.1341
1.5300	1.9180	0.1102
1.3160	2.4080	0.1038
1.5910	1.7050	0.1393
1.3050	0.0024	0.1936
0.9423	0.1276	-0.0318
1.5610	2.2270	0.2142
1.2800	2.3410	0.1729
1.5050	0.5715	0.1924
1.5890	0.6319	0.1699
1.5140	0.1550	0.0979
1.6230	4.9540	0.2744
1.5720	1.5320	0.2855
1.4990	1.0910	0.2094
1.3550	1.8160	0.1890
1.3410	1.1700	0.1172
1.4100	2.2570	0.1360
1.4010	1.3140	0.1119
1.3700	1.2340	0.2033
1.0490	0.2345	0.0086
1.4820	3.6080	0.1838
1.5250	2.5950	0.1960
1.4970	1.7850	0.2292
1.6670	3.2760	0.2326
1.7070	2.1330	0.2685
1.6980	0.2559	0.2178
0.9908	1.7740	0.0327
1.6470	1.6710	0.1346
1.7870	6.8620	0.1772
1.7210	5.3210	0.1528
1.6140	3.5250	0.2246
1.5650	1.6780	0.2449
1.6330	3.6690	0.2139
1.6390	1.9820	0.2177
1.4390	7.3730	0.2123
1.5740	0.6478	0.2154
1.4490	2.9230	0.1453
1.4810	0.3365	0.1181
1.5900	1.3030	0.2537
1.5160	1.2680	0.1833
1.4960	0.1052	0.1264
1.5790	3.9580	0.1405
1.6040	1.6430	0.2195
1.5970	2.7510	0.1518
1.5600	0.9927	0.2487
1.4920	0.2591	0.2296
1.5140	1.6570	0.0512
1.5730	3.1550	-0.0253
1.0880	1.4410	-0.0137
1.5700	3.6400	-0.0561
1.4920	2.9180	0.2423
1.1940	1.8790	0.1636
1.1880	0.9071	0.1234
0.9741	0.1696	0.0148
1.1250	0.1841	0.0958
1.0790	1.7470	0.0589
0.9864	2.8740	-0.0997
1.3270	0.2697	0.1755
1.2380	0.7917	0.1299
1.5960	2.5170	0.2772
1.4820	1.4030	0.2253
1.4100	3.0750	0.2033
1.5240	0.8183	0.2198
1.3810	2.4730	0.2123
1.5750	0.2514	0.1956
1.5610	1.5490	0.2160
1.6000	1.1570	0.2292
1.4700	2.4350	0.1711
1.4090	2.5120	0.1746
1.5410	1.7650	0.2166
1.5220	0.1368	0.2393
1.5830	0.1331	0.1692
1.4190	0.0172	0.1955
1.5730	2.4300	0.1579
1.5760	0.8300	0.1992
1.6450	4.0230	0.1572
1.5400	1.5610	0.1957
1.5250	1.7050	0.2624
1.6800	2.7100	0.1645
1.5970	0.4120	0.2155
1.5610	1.6500	0.2286
1.7120	2.0340	0.2744
1.4910	0.5964	0.2831
1.6680	4.9670	0.2444
1.6820	1.5280	0.2596
1.5160	1.7080	0.2482
1.3790	4.1890	0.2285
1.3850	3.9810	0.1781
1.4600	0.1943	0.2599
1.5520	4.6590	0.2298
1.3350	2.1370	0.1623
1.3660	2.1360	0.1701
1.2580	3.4730	0.2152
1.3280	3.2100	0.1695
1.3480	2.5580	0.0722
1.4980	1.2050	0.1200
1.4800	0.8720	0.2311
1.5210	0.9797	0.0120
1.4620	1.2870	-0.0012
1.4460	2.3340	0.0440
1.3220	2.8390	0.2004
1.4470	0.1500	0.0987
1.4020	0.9717	0.1503
1.3280	0.6945	0.1640
1.2240	0.5019	0.0761
1.2670	0.3568	0.0536
1.0080	0.2424	-0.0141
1.3820	5.6850	0.1575
1.4060	3.6420	0.1415
1.3250	1.1560	0.1356
1.3670	1.0640	0.2119
1.2320	1.0080	0.1205
1.3910	1.0290	0.2077
1.4890	1.5900	0.1911
1.3730	0.7857	0.2167
1.3330	3.9180	0.1853
1.3780	0.9044	0.1719
1.5260	1.8720	0.2058
1.4400	3.9570	0.2039
1.3700	3.0430	0.1952
1.4670	0.9926	0.2006
1.5920	2.5350	0.2109
1.5750	1.2340	0.1500
1.5620	6.7960	0.2131
1.5880	0.1949	0.1677
1.6350	2.4440	0.2113
1.5110	1.4460	0.2055
1.6070	0.1783	0.2085
1.6270	0.1175	0.2794
1.5420	0.3266	0.2568
1.5600	1.6660	0.2425
1.7240	0.4741	0.2893
1.7380	1.0900	0.2952
1.6140	2.4600	0.2793
1.5540	1.0850	0.2431
1.2640	0.4266	0.0645
1.5730	1.0120	0.1291
1.7460	0.9273	0.2578
1.6870	1.2630	0.2645
1.0250	1.5420	-0.0454
1.6080	2.5210	0.1535
1.3380	3.5710	0.1653
1.4930	3.6340	0.2082
1.6600	2.3420	0.2398
0.9153	0.3318	-0.0668
0.9000	0.2767	-0.0611
0.9340	0.2542	0.0099
1.6160	5.7450	0.1425
1.6870	4.3680	0.1439
1.6240	4.0810	0.1534
1.7000	3.5080	0.1384
1.7360	2.9060	0.1677
1.7600	4.4950	0.1491
1.8240	5.4230	0.1583
1.7870	2.9460	0.1870
1.8590	10.8900	0.1671
1.6440	2.3080	0.1962
1.6230	3.7300	0.2207
1.6810	1.7510	0.1959
1.5880	0.7526	0.2459
1.5640	0.2177	0.2551
1.5930	0.5491	0.2413
1.5970	0.2739	0.2289
1.5590	1.1990	0.2279
1.5980	1.6680	0.2126
1.7150	0.2110	0.2079
1.6740	1.8290	0.2127
1.7360	2.6610	0.1973
1.6440	2.9930	0.2125
1.5990	0.9748	0.2056
1.6060	0.4398	0.2183
1.6290	4.0420	0.2093
1.5290	2.8790	0.2124
1.5620	0.2567	0.2041
1.5220	2.5870	0.2056
1.5230	1.4340	0.2139
1.5410	2.9030	0.2089
1.5440	3.7970	0.1564
1.5420	4.4160	0.1360
1.3790	0.7021	0.1291
1.4120	3.4570	0.1187
1.4460	1.8190	0.1285
1.5590	0.9132	0.1244
1.6190	0.9152	0.1254
1.5020	2.0350	0.1811
1.5170	1.9940	0.1877
1.4520	1.8440	0.1308
1.5780	1.2820	0.2919
1.5710	4.3720	0.2623
1.5500	0.8340	0.2378
1.5270	2.9040	0.1540
1.4930	3.3280	0.0914
1.4840	2.2720	0.1008
1.5210	0.4794	0.1139
1.6180	3.8520	0.1509
1.4560	0.9753	0.1146
1.4880	0.4211	0.1064
1.5420	3.2760	0.1305
1.6130	2.7790	0.1951
1.5870	3.7170	0.1780
1.5960	4.1120	0.1900
1.6080	2.0180	0.2248
1.5880	0.6883	0.2490
1.5860	0.5478	0.2436
1.5600	0.6151	0.2601
1.5750	3.1790	0.1442
1.6000	1.9130	0.2005
1.5870	0.8047	0.2147
1.5950	0.9182	0.1522
1.5690	1.8120	0.2164
1.4820	3.4190	0.0873
1.5300	1.1530	0.0815
1.5280	0.1895	0.2720
1.5540	0.4527	0.2150
1.5060	0.8003	0.1310
1.3470	1.0500	0.1653
1.4770	3.5020	0.0743
1.5870	3.2670	0.0464
1.5960	2.9910	0.0197
1.5780	3.5000	0.0697
1.5360	0.0266	0.0200
1.4810	2.9680	0.0344
1.5900	2.8800	-0.0677
1.6020	2.8440	0.0131
1.1830	2.5180	0.0526
1.5200	0.1343	-0.0179
1.3630	2.6660	-0.0745
1.0700	2.7190	-0.0899
1.1670	3.3980	-0.0760
1.5400	1.2330	0.2825
1.4780	2.4930	0.2428
1.3950	3.5680	0.2203
1.2670	0.6858	0.1850
1.3640	3.0540	0.2068
1.3100	1.7820	0.2017
1.1710	1.7510	0.1450
1.2230	1.6300	0.1554
1.1790	0.8473	0.1122
1.2020	0.1411	0.1457
1.1790	0.4375	0.1007
1.0780	0.0686	0.0500
1.1450	0.1965	0.0870
1.1060	0.0524	0.0640
0.9217	0.1930	-0.0139
1.0290	0.1603	0.0472
1.1190	1.7690	0.1145
1.1300	1.0430	0.0938
1.1550	1.4030	0.1303
1.0720	0.0029	0.0780
0.9890	0.1004	0.0250
1.0920	0.7959	0.0282
0.9525	0.9576	-0.0652
0.9979	1.0580	-0.0175
1.0150	6.3040	-0.0646
1.0260	0.1449	-0.1011
1.2250	0.8346	0.1269
1.1910	0.3389	0.1053
1.3260	0.1929	0.1886
1.2460	1.6990	0.1547
1.2520	0.0924	0.1503
1.3070	1.1190	0.1719
1.2610	0.7570	0.1535
1.4970	2.4890	0.2439
1.3940	2.4640	0.2183
1.5750	1.6820	0.3007
1.5630	2.1780	0.2740
1.5650	0.0462	0.2477
1.5850	0.0077	0.2439
1.5440	3.8100	0.2219
1.3810	1.6090	0.1884
1.3270	3.0300	0.1875
1.3990	2.7680	0.1988
1.4640	3.8990	0.2033
1.5090	3.2600	0.2061
1.3580	2.1350	0.2106
1.3020	3.2930	0.1873
1.5200	3.4200	0.2054
1.4540	2.2310	0.2150
1.4400	1.2970	0.2227
1.5080	0.8594	0.2291
1.4930	0.9144	0.2254
1.5540	1.8070	0.2189
1.5500	0.5007	0.2314
1.5680	1.5610	0.2046
1.5370	1.2920	0.2012
1.5690	1.0050	0.2006
1.5480	1.4160	0.1952
1.5590	1.8920	0.2026
1.6170	2.5150	0.2636
1.6070	1.8550	0.2285
1.6120	2.4590	0.2934
1.5960	1.6700	0.2432
1.4900	1.1150	0.1878
1.5690	6.0550	0.1933
1.5110	2.1530	0.1842
1.5980	0.4089	0.2059
1.5470	2.4930	0.1934
1.4110	0.3762	0.1510
1.4110	1.8590	0.1652
1.4210	2.2440	0.1832
1.3850	0.4376	0.1479
1.4170	2.3400	0.1615
1.5110	0.5723	0.1693
1.5490	1.0680	0.2317
1.5490	0.8507	0.2386
1.4850	1.1650	0.2061
1.5640	1.2300	0.2157
1.5500	1.4400	0.2260
1.4070	1.7210	0.1836
1.4400	4.1970	0.1868
1.4160	2.5420	0.1877
1.4210	2.0970	0.1984
1.5780	2.5440	0.1652
1.4900	2.5330	0.1777
1.4680	1.9050	0.1844
1.5930	2.3060	0.1687
1.5600	5.3780	0.1828
1.4010	2.3030	0.1762
1.5730	3.9350	0.1235
1.3850	2.4490	0.2062
1.5390	5.9880	0.1858
1.5900	1.1790	0.1756
1.6250	1.1760	0.1521
1.6030	4.4610	0.0940
1.5810	1.8250	0.1795
1.6230	4.0210	0.1744
1.6420	5.7110	0.2018
1.5640	0.7692	0.2270
1.5880	0.8017	0.2202
1.5130	0.6251	0.2266
1.4890	3.4510	0.2545
1.5740	3.6040	0.1686
1.5290	4.0440	0.1914
1.5220	2.9940	0.2340
1.5690	0.6558	0.2522
1.6100	4.0910	0.2820
1.6850	0.0025	0.1609
1.6380	2.7060	0.1614
1.6550	2.9270	0.1584
1.7630	2.5800	0.1603
1.7000	1.0580	0.1737
1.5790	0.2358	0.2186
1.5860	0.3448	0.2441
1.6020	3.5310	0.1699
1.5980	0.1577	0.1895
1.6420	2.7260	0.1967
1.5810	0.1030	0.2308
1.5860	1.1150	0.2499
1.6050	6.5600	0.2125
1.5640	1.9010	0.2180
1.5550	0.3893	0.2156
1.5440	1.0870	0.2803
1.4680	2.2780	0.2714
1.6580	3.1710	0.2928
1.6280	2.3420	0.2905
1.6210	0.0912	0.2750
1.7150	2.2810	0.2426
1.6370	1.3930	0.2550
1.6780	2.3410	0.2429
1.6830	1.6340	0.2702
1.5850	0.1072	0.2297
1.6530	2.2840	0.2306
1.6630	0.3084	0.2478
1.6570	0.3320	0.2674
1.6330	1.7970	0.2805
1.7210	1.1020	0.2472
1.6440	0.8071	0.2126
1.7130	1.5090	0.2707
1.6550	0.8967	0.2616
1.5020	2.0470	0.2837
1.4260	4.0540	0.2177
1.4210	3.4290	0.1752
1.4480	0.7331	0.2622
1.4180	2.7450	0.2578
1.3680	6.8580	0.2151
1.3510	7.2310	0.1937
1.3510	3.6870	0.1843
1.4380	1.5320	0.2722
1.5290	1.5110	0.2483
1.5130	2.1020	0.2413
1.5320	0.3359	0.2715
1.4220	2.9860	0.2525
1.2880	1.6830	0.2126
1.4750	1.0120	0.1791
1.3780	1.5190	0.1512
1.4190	1.3730	0.1724
1.3430	2.6430	0.1763
1.3660	2.4830	0.1606
1.3260	0.5770	0.1470
1.3250	5.4860	0.1612
1.3910	14.6200	0.1783
1.3510	1.4810	0.2446
1.2380	2.2600	0.1817
1.4350	4.3550	0.2390
1.3430	5.8600	0.2392
1.3580	0.1763	0.2342
1.2510	1.0630	0.1464
1.3140	1.1950	0.0842
1.3460	0.7711	0.2254
1.2840	4.7960	0.1779
1.3180	2.3630	0.1164
1.3790	0.1623	0.1128
1.4200	0.6946	0.0672
1.5380	0.5019	0.2395
1.5060	0.9119	0.2320
1.4760	0.6351	0.1138
1.5280	0.3103	0.2077
1.5080	0.5364	0.2160
1.4700	3.9520	0.1390
1.4430	0.0537	0.2137
1.6040	3.4510	0.0784
1.5060	1.6410	0.0418
1.5990	7.0300	0.1733
1.5710	1.3150	0.0919
1.5150	0.5094	0.0483
1.4530	0.0894	0.0303
1.4350	1.4940	0.0408
1.4340	9.6610	0.0288
1.4910	6.4550	-0.0045
1.4450	1.8170	0.0356
1.4450	0.7151	0.0143
1.4270	0.8795	0.0674
1.4280	0.6604	0.0254
1.4260	0.4479	0.0414
1.4200	0.8653	0.0575
1.3990	0.4896	0.2175
1.3670	2.3950	0.2008
1.3680	2.6680	0.2175
1.3450	2.9950	0.1997
1.2910	2.4070	0.1851
1.4560	1.0400	0.0857
1.3750	2.6720	0.1375
1.4170	1.0520	0.0847
1.4450	1.7140	0.0695
1.4660	0.9202	0.1002
1.4510	1.7490	0.1106
1.4110	2.7540	0.1386
1.2990	1.3050	0.1889
1.2700	0.2178	0.1681
1.3350	0.8413	0.1907
1.3940	0.6543	0.1777
1.3710	2.7680	0.1453
1.2590	1.4370	0.1448
1.3270	0.5637	0.0989
1.2840	2.4760	0.1228
1.2250	0.5846	0.1077
1.1690	0.2506	0.0669
1.1830	0.3054	0.0224
1.0800	0.0321	0.0224
1.3440	0.5189	0.0878
1.2580	0.2736	0.0524
1.1540	0.0797	0.0091
1.1300	0.0292	0.0260
0.9903	0.3491	-0.0180
1.4380	2.7210	0.1206
1.4020	2.9450	0.1168
1.3930	0.7749	0.1072
1.4140	0.5609	0.1126
1.4050	4.2090	0.1545
1.3760	0.2093	0.1872
1.3860	0.8528	0.1672
1.3070	0.6515	0.0895
1.2080	0.1713	0.0676
1.3510	0.3076	0.1056
1.3650	0.3663	0.1380
1.3580	1.3260	0.1792
1.2670	0.5659	0.1282
1.1220	0.0067	0.0505
1.3820	7.3500	0.2146
1.3410	0.3281	0.1896
1.3130	1.2280	0.1809
1.3750	1.2100	0.2025
1.3320	1.0550	0.1780
1.4320	0.6853	0.2061
1.4210	4.4360	0.2035
1.3840	0.5299	0.2198
1.3980	0.1374	0.2157
1.4550	1.0360	0.2021
1.4450	2.0740	0.1934
1.5140	6.7160	0.1886
1.3620	1.0210	0.2059
1.3730	0.0538	0.2144
1.3560	3.2270	0.1608
1.3530	1.6140	0.2172
1.3720	1.1460	0.2095
1.3730	1.4570	0.1959
1.4210	2.0470	0.1826
1.3820	0.6389	0.2120
1.3670	1.9900	0.1990
1.3460	4.7390	0.1847
1.3470	2.6540	0.1762
1.4160	0.2759	0.1770
1.3050	3.2850	0.1743
1.3450	2.0730	0.1731
1.3510	0.7866	0.1768
1.4750	1.5110	0.1951
1.4250	4.5930	0.2005
1.5000	3.1690	0.1964
1.5120	1.9120	0.1956
1.4710	0.8310	0.2023
1.4950	0.1834	0.2163
1.4220	6.7210	0.2140
1.4090	3.2380	0.1822
1.4710	3.3240	0.1901
1.3080	4.8110	0.1823
1.3620	1.8650	0.1798
1.4160	2.8390	0.1997
1.4450	2.4680	0.2070
1.4810	3.5870	0.2125
1.5490	0.0827	0.2195
1.5410	1.1870	0.2216
1.5190	1.6870	0.2059
1.5470	4.1330	0.2180
1.5720	2.8660	0.1992
1.5890	1.4670	0.2033
1.5450	3.3960	0.2258
1.5790	1.1530	0.1600
1.5770	2.7160	0.1730
1.5650	3.4200	0.1846
1.5940	3.0180	0.1806
1.5900	1.3310	0.2162
1.6010	1.7480	0.1694
1.6200	3.1160	0.2146
1.5650	1.2610	0.1702
1.5850	1.1590	0.1435
1.6000	1.7210	0.1760
1.6050	0.2948	0.1868
1.6510	2.2890	0.2186
1.4020	2.1020	0.2043
1.4830	3.5740	0.1992
1.3510	8.0770	0.1970
1.3920	0.9748	0.2171
1.5260	1.6430	0.2354
1.5920	0.3365	0.1816
1.6340	2.9870	0.2104
1.5620	0.4845	0.1854
1.5700	0.2817	0.2042
1.5990	0.2703	0.2450
1.6760	1.3320	0.2435
1.6880	0.7949	0.2621
1.6490	0.6305	0.2472
1.6640	1.4160	0.2536
1.4910	1.7550	0.2430
1.5480	0.8139	0.2594
1.5470	0.4283	0.2522
1.5840	1.7440	0.2592
1.6340	3.0590	0.2597
1.5460	0.2410	0.2502
1.5510	0.7081	0.2362
1.5520	0.6112	0.2271
1.7450	1.2950	0.2946
1.7120	0.7975	0.2915
1.7500	2.0350	0.2938
1.6680	1.6440	0.2565
1.7070	1.5740	0.2592
1.7030	1.3150	0.2597
1.6970	0.8987	0.2683
1.5900	3.9390	0.2518
1.5640	0.6472	0.2356
1.6830	1.7930	0.2790
1.7120	1.8140	0.2986
1.7010	0.6407	0.2904
1.5300	1.9740	0.2471
1.6250	1.0460	0.2866
1.4140	9.5460	0.2512
1.5480	0.8756	0.2639
1.5690	3.2120	0.2106
1.5520	1.5200	0.2491
1.5430	0.9415	0.2614
1.6780	1.7420	0.2596
1.5860	3.7120	0.0433
1.5800	2.9120	0.1283
1.0810	0.8628	-0.0141
1.3450	2.4110	0.0098
1.4050	0.9853	0.0914
1.6570	1.8470	0.1453
1.6560	0.9633	0.1744
1.7120	1.5050	0.2395
1.7360	1.5530	0.2663
1.5880	1.7080	0.1886
1.7280	0.1919	0.2090
1.7410	0.2039	0.2413
1.7450	0.7805	0.2870
1.7400	1.1280	0.2558
1.7420	0.0228	0.2737
1.7200	0.2724	0.2778
1.6660	1.7960	0.2524
1.0490	0.7314	-0.0507
1.1350	0.9181	0.0212
0.9830	2.8110	-0.0288
1.3450	2.5960	0.0903
1.2950	1.1310	0.0438
1.5270	1.8640	0.1144
1.6650	2.7070	0.1938
1.2000	0.9301	0.1147
1.4160	3.9780	0.1918
1.3810	1.2630	0.1537
1.3710	1.5250	0.1874
1.4240	6.5340	0.2027
1.4490	1.2420	0.2128
1.4720	2.3000	0.2202
1.6630	0.5702	0.2157
1.7060	0.4996	0.2378
1.5740	5.4140	0.1886
1.5730	2.9330	0.2202
1.5210	4.1360	0.2334
1.6790	1.1890	0.2553
1.6040	1.9540	0.2370
1.6200	2.2020	0.2445
1.0150	0.8728	-0.0631
0.9204	0.4244	-0.0693
0.9506	1.0520	-0.0774
0.9602	2.2660	-0.0572
0.9208	1.2030	-0.0478
0.9088	0.3292	-0.0457
0.9013	0.1754	-0.0588
0.9476	0.2081	-0.0150
0.9131	0.4039	-0.0467
0.9396	0.3178	-0.0328
0.9050	0.1854	-0.0492
0.9563	1.0070	0.0193
0.9024	0.1140	-0.0674
0.9078	0.1489	-0.0408
0.9675	0.1734	0.0025
1.0710	1.1260	0.0870
1.0460	0.8419	0.0655
1.2370	0.1648	0.1375
0.9906	1.1680	0.0471
1.3360	2.2170	0.1630
1.4420	1.7270	0.1201
1.7600	0.8814	0.2281
1.3970	1.5220	0.1372
1.6060	2.3040	0.2590
1.3090	2.9150	0.2252
1.6640	0.7574	0.2357
1.4000	0.5259	0.1798
1.3210	3.5300	0.2450
0.9370	1.8080	-0.0486
1.6840	0.8307	0.1809
1.3210	5.0210	0.1336
1.7990	4.0670	0.2036
1.4780	4.1160	0.1376
1.3350	3.9910	0.1255
1.3180	2.8990	0.0853
1.3800	1.2870	0.1602
1.6520	1.4750	0.1065
1.3740	2.1070	0.1805
0.7808	0.5561	0.0168
1.5420	1.9270	0.2653
1.2860	0.7445	0.1526
1.3460	12.4400	0.1517
1.4470	0.2402	0.1399
1.5040	0.1153	0.2332
1.3870	0.2587	0.2105
1.5080	1.7220	0.2683
1.4560	0.8748	0.2671
1.5060	3.0440	0.3256
1.6680	5.7000	0.1733
1.3560	2.9930	0.1986
1.3440	1.3170	0.1362
1.3490	1.3870	0.2038
0.7448	0.0932	0.0143
1.4490	4.3470	0.2132
1.6060	0.3741	0.2928
1.4660	1.3820	0.2420
1.7230	1.5830	0.2939
1.6950	1.0240	0.2543
1.5550	4.0730	0.1650
0.9150	0.6006	0.0059
1.3820	2.4380	0.1376
1.3930	0.2239	0.1322
1.4460	5.6840	0.1290
1.5040	2.0170	0.1633
1.7590	0.2768	0.1941
1.5250	2.4890	0.1594
1.5440	2.3080	0.1748
1.8720	4.6310	0.2096
1.5660	0.7603	0.1914
1.3660	4.4610	0.1117
1.2790	0.7429	0.1226
1.5140	1.7450	0.1842
1.4310	1.0780	0.1666
1.2830	2.1290	0.1292
1.3090	2.8520	0.1207
1.5400	2.1720	0.1570
1.5190	6.6470	0.0769
1.6910	4.4540	0.1605
1.5870	1.3500	0.2473
1.2380	0.9305	0.0490
1.3460	0.3704	-0.0142
1.1310	0.7332	0.0609
1.2120	1.2210	-0.0409
1.6170	2.0220	0.2688
1.4010	2.8130	0.2137
1.1440	0.6925	0.1141
0.7694	0.5633	0.0150
1.1260	0.7364	0.1113
1.1790	2.3970	0.1244
0.8159	0.5018	-0.0295
1.3350	1.4520	0.1598
1.1980	0.5988	0.1249
1.6510	1.9590	0.2528
1.5340	3.4640	0.2136
1.4070	2.6810	0.1852
1.4020	1.4760	0.2261
1.3110	2.2830	0.1342
1.4730	1.5910	0.2502
1.4370	1.3740	0.2294
1.5410	0.7058	0.2053
1.4030	2.8770	0.1389
1.4330	1.6060	0.1047
1.5450	3.7810	0.1672
1.4120	7.2840	0.1184
1.4830	1.5110	0.1133
1.5300	0.8083	0.1370
1.5120	2.9970	0.2060
1.3450	0.8039	0.1960
1.4200	2.8490	0.2045
1.3800	3.3150	0.1727
1.3050	2.2240	0.2418
1.4720	0.2250	0.1270
1.4480	1.4960	0.1674
1.6260	0.9886	0.2210
1.4150	4.4690	0.2196
1.4400	0.8192	0.2485
1.6720	1.8930	0.2444
1.5510	2.5780	0.2315
1.4520	2.7640	0.2531
1.3530	2.6720	0.2475
1.3300	0.0339	0.2751
1.5590	0.8483	0.2558
1.3640	1.4790	0.1966
1.3120	0.7780	0.2724
1.4750	4.6040	0.3348
1.4940	3.9030	0.2719
1.4700	0.9195	0.2408
1.4190	3.0490	0.1707
1.4090	3.4630	0.1661
1.3520	0.7996	0.1299
1.4490	0.3544	0.1754
1.3660	1.6000	0.1528
1.4200	1.1410	0.1706
1.3010	1.3530	0.1736
1.3850	1.7240	0.1689
1.3820	0.0210	0.1986
1.2540	1.0590	0.1433
0.9554	0.5729	0.0558
1.0370	0.1481	0.0523
0.7254	0.0229	-0.0226
1.3860	2.6910	0.1885
1.2610	0.2479	0.1389
1.1450	0.0436	0.1024
1.3000	0.7539	0.1872
1.0850	1.1590	0.0783
1.4420	1.3750	0.2353
1.4070	4.9690	0.2071
1.4720	0.6555	0.2810
1.4410	2.1660	0.2352
1.3640	1.1490	0.2129
1.4510	1.1540	0.2351
1.3980	3.3500	0.2225
1.3620	3.2040	0.2473
1.4350	3.0950	0.2659
1.4970	0.4220	0.2552
1.6600	2.8760	0.2536
1.5280	5.3620	0.2052
1.7730	1.6070	0.2864
1.8080	0.9238	0.2879
1.5250	0.2207	0.2612
1.6530	2.5490	0.2798
1.7380	1.2860	0.2586
1.7990	2.2930	0.2131
1.8290	0.5140	0.2475
1.7240	0.9398	0.2571
1.6060	7.0510	0.2804
1.7490	2.1220	0.2686
1.7400	0.8959	0.1894
1.1330	0.2711	0.0629
1.5310	0.3935	0.1063
1.6530	3.2090	0.2159
1.6510	2.1610	0.2259
0.8457	2.5410	-0.0248
1.4900	0.6809	0.1045
1.2780	1.2500	0.1135
1.4460	3.6300	0.1909
1.5650	0.2736	0.2125
0.5794	0.3041	-0.0243
0.4623	0.0073	-0.0110
0.7253	0.5096	0.0069
1.4150	3.6610	0.1300
1.4230	4.4670	0.1359
1.4440	3.9670	0.1268
1.3300	3.1890	0.1371
1.3410	2.9490	0.1342
1.3620	3.4510	0.1370
1.4180	3.5360	0.1303
1.4810	9.2790	0.1328
1.4940	5.3060	0.1230
1.3730	3.7230	0.1446
1.4960	2.4780	0.1612
1.3820	2.4440	0.1424
1.6240	1.5620	0.1777
1.7230	2.0510	0.1889
1.6680	2.4540	0.1813
1.7010	2.8680	0.1812
1.7880	3.6550	0.1998
1.7120	1.6590	0.1822
1.4570	0.1213	0.1492
1.4760	1.2890	0.1601
1.4120	2.0550	0.1416
1.5300	2.6700	0.1664
1.6980	0.5290	0.1856
1.5520	1.2780	0.1812
1.4930	4.5180	0.1654
1.8950	5.5590	0.2056
1.7730	0.8351	0.1922
1.7350	0.2960	0.2023
1.8150	0.2131	0.2194
1.7140	0.5285	0.2141
1.4100	3.1960	0.1158
1.3680	3.9470	0.1264
1.3550	0.1487	0.1125
1.3050	4.0180	0.1209
1.3200	1.5910	0.1210
1.3380	1.7680	0.1309
1.3070	3.2290	0.1316
1.4160	2.2810	0.1506
1.4160	1.4190	0.1520
1.3150	1.8380	0.1286
1.5840	1.0020	0.2219
1.5380	0.0303	0.2110
1.4690	0.3402	0.1818
1.3410	1.3100	0.1430
1.2530	1.2830	0.1067
1.2450	0.4513	0.1117
1.2700	1.3030	0.1228
1.3180	4.9780	0.1297
1.2740	1.1410	0.1222
1.2480	0.0512	0.1157
1.3090	2.6380	0.1076
1.3800	3.3700	0.1457
1.4200	2.7030	0.1237
1.3950	3.0540	0.1412
1.5250	2.0680	0.1641
1.6190	0.5018	0.1740
1.6340	0.0444	0.1571
1.6850	2.9800	0.1757
1.4490	6.4570	0.0799
1.5290	3.4270	0.1293
1.6150	0.3424	0.1259
1.5700	4.5270	0.0852
1.6800	0.1518	0.1371
1.3460	2.1090	0.1204
1.2950	2.4820	0.0593
1.6030	1.7180	0.2669
1.5140	0.0753	0.1993
1.4610	0.2051	0.1584
1.5400	0.5983	0.2038
1.2950	1.7890	0.1124
1.4610	5.8480	0.0052
1.5350	6.6720	0.0168
1.3990	2.0750	0.0210
1.2950	2.0000	0.0146
1.2480	0.7197	0.0670
1.2970	0.6006	-0.0379
1.5500	4.2340	0.0314
1.2780	0.2529	0.1204
1.1920	0.3871	0.0121
1.1390	3.2790	-0.0355
1.0150	0.4761	-0.0284
1.0260	3.1180	-0.0542
1.6300	2.1730	0.2845
1.6110	2.4220	0.2854
1.5200	2.2410	0.2150
1.3580	2.0000	0.2017
1.5010	3.3520	0.2438
1.5520	4.6290	0.2637
1.4470	3.3100	0.2186
1.2280	2.8520	0.1476
1.1490	2.8750	0.1097
1.2310	0.3387	0.1553
1.0620	1.1100	0.0834
0.9918	1.0710	0.0276
1.0580	2.0330	0.0723
1.0140	0.6366	0.0672
0.6835	0.4740	0.0182
0.9397	0.4069	0.0683
1.3100	2.5940	0.1750
1.3420	2.4250	0.1729
1.2640	2.1470	0.1652
1.1180	1.5750	0.1167
0.9253	0.3769	0.0586
1.1840	3.5050	0.1133
0.7796	1.3520	0.0019
0.9916	1.7110	0.0472
1.0280	1.6310	0.0246
0.8873	0.6331	-0.0487
1.1780	0.0047	0.1202
1.0520	0.7637	0.0870
1.3720	1.9170	0.1683
1.2470	2.4260	0.1440
1.2510	3.3450	0.1452
1.3140	1.0350	0.1555
1.2510	2.7240	0.1487
1.5930	4.0140	0.2296
1.4690	1.2150	0.1938
1.6230	3.3410	0.2605
1.6580	2.2780	0.2654
1.6420	2.2520	0.2467
1.6440	2.1680	0.2560
1.5490	2.3480	0.2405
1.3770	2.2270	0.1686
1.3270	3.6940	0.1573
1.4320	1.0870	0.1802
1.4770	2.5940	0.2035
1.4830	2.4850	0.2308
1.3380	2.3660	0.1589
1.2970	3.2680	0.1459
1.4560	1.2100	0.2617
1.4210	2.3530	0.2004
1.3340	2.1540	0.1631
1.3650	1.0010	0.1731
1.3480	1.6890	0.1307
1.4070	0.7578	0.2442
1.4060	1.8400	0.1898
1.5080	1.7980	0.2745
1.4390	1.1530	0.2779
1.4470	1.4200	0.2526
1.4190	0.3941	0.2150
1.4750	1.3690	0.2067
1.6340	3.0780	0.2303
1.5880	2.3810	0.2523
1.5980	2.7090	0.2240
1.5160	1.6320	0.1852
1.4040	3.4970	0.1564
1.4440	1.4560	0.1951
1.4310	1.6050	0.1507
1.5140	2.4450	0.2331
1.4380	1.1610	0.1716
1.3730	2.0920	0.1271
1.4060	1.2030	0.1127
1.4470	1.0390	0.1193
1.3750	3.6550	0.1093
1.3900	2.4110	0.1050
1.4380	1.5800	0.1099
1.4220	0.4505	0.1722
1.4100	8.2080	0.1287
1.5130	1.6590	0.1576
1.5220	0.0031	0.1791
1.5030	0.4296	0.1583
1.5430	0.0143	0.1942
1.4480	2.1960	0.1643
1.4840	0.5578	0.1140
1.5060	2.1100	0.1302
1.4530	0.7438	0.1167
1.4750	3.3550	0.1087
1.5220	3.3280	0.1188
1.5010	3.5370	0.1229
1.5130	3.7020	0.1453
1.5500	3.2680	0.1970
1.5420	1.7320	0.2366
1.5400	3.0780	0.1566
1.5330	2.6500	0.1715
1.4780	2.2720	0.1686
1.4790	0.4601	0.2162
1.5230	1.5280	0.2346
1.3950	2.1660	0.1655
1.4330	3.2940	0.1857
1.3950	6.3050	0.2008
1.3270	0.4447	0.2329
1.3650	2.8040	0.2153
1.2960	3.3800	0.2317
1.2980	3.0480	0.2529
1.4060	2.7410	0.1475
1.3430	4.0340	0.1861
1.2930	4.3450	0.2106
1.3430	2.5820	0.1966
1.3370	0.6372	0.2241
1.4900	1.0450	0.1191
1.4590	3.4330	0.1244
1.4610	2.4950	0.1239
1.4830	0.8950	0.1268
1.4760	2.9480	0.1310
1.4090	1.1410	0.1674
1.4090	3.0320	0.1872
1.4370	3.0740	0.1384
1.4580	2.1750	0.1456
1.4660	8.1560	0.1494
1.4810	0.0855	0.1927
1.4680	3.2250	0.2103
1.4810	2.7280	0.1760
1.5590	1.7320	0.2050
1.7130	0.6887	0.2281
1.3920	1.7610	0.2502
1.3210	2.3070	0.2498
1.4350	1.6280	0.2327
1.4160	0.9244	0.2323
1.3480	9.2730	0.2412
1.4110	7.7760	0.2283
1.4040	8.3960	0.2559
1.6290	1.7050	0.2343
1.4930	1.1420	0.2252
1.7390	1.2370	0.2392
1.7030	0.9014	0.2396
1.6320	1.7260	0.2409
1.5770	1.4510	0.2536
1.5230	1.8230	0.2469
1.4430	0.1656	0.2212
1.4520	0.2760	0.2481
1.4680	0.8063	0.2218
1.4760	2.6060	0.2334
1.4570	2.2670	0.2653
1.4100	0.3430	0.2687
1.4310	2.6830	0.2791
1.4170	2.2210	0.2632
1.3920	1.1670	0.2660
1.3660	2.3570	0.2580
1.3220	2.6380	0.2291
1.3080	1.7580	0.2446
1.3700	1.8270	0.2279
1.3320	3.3140	0.2274
1.4750	0.9013	0.2846
1.3930	4.5880	0.2460
1.4950	2.3080	0.2182
1.5940	0.0023	0.2216
1.5160	0.3577	0.1808
1.4430	3.8330	0.2963
1.4830	3.8280	0.3040
1.3020	3.7530	0.2370
1.2990	2.7080	0.2803
1.3600	1.2340	0.3092
1.3720	4.8860	0.2938
1.4180	1.0270	0.3498
1.5920	1.9910	0.2699
1.5450	2.7850	0.2357
1.5150	3.0460	0.3134
1.5550	1.1310	0.3258
1.5410	3.6800	0.3245
1.4520	2.6990	0.2282
1.4430	1.7080	0.1699
1.5110	1.7280	0.3015
1.4710	0.3841	0.2565
1.4370	0.7119	0.2134
1.4110	0.3386	0.2008
1.4090	1.7090	0.1749
1.4120	8.0020	0.1096
1.3740	0.4271	0.1158
1.4510	4.1670	0.1877
1.4170	6.2910	0.1261
1.4050	3.7200	0.1353
1.3590	1.1300	0.1761
1.3330	2.2010	0.1614
1.4990	0.1617	0.1934
1.4830	2.3520	0.2209
1.4080	6.8750	0.1845
1.4710	0.4105	0.1571
1.4100	1.3020	0.1417
1.3830	1.9160	0.1869
1.3710	2.5350	0.1946
1.4310	3.5500	0.1914
1.3960	0.7577	0.1575
1.3620	0.4638	0.1400
1.3790	2.9400	0.1593
1.3910	2.9900	0.2029
1.3850	2.9120	0.1374
1.4050	1.1840	0.1527
1.4160	0.0388	0.1675
1.3220	1.7730	0.1274
1.3290	4.7220	0.1876
1.3100	2.9100	0.1536
1.2940	3.4250	0.1446
1.2830	0.3901	0.1567
1.3990	1.8230	0.2002
1.3570	1.5680	0.2088
1.3920	0.1286	0.1739
1.4170	0.6057	0.1767
1.4050	0.5004	0.1874
1.3600	1.4020	0.1634
1.3740	2.0750	0.1703
1.2870	1.0760	0.1719
1.2590	0.3891	0.1548
1.3280	0.1700	0.1914
1.3330	0.3589	0.1698
1.2970	0.7188	0.1357
1.2120	0.8051	0.1297
1.1300	0.4571	0.0962
1.1040	1.9230	0.1044
1.1210	0.9226	0.0890
1.0030	1.1780	0.0445
0.8962	0.0487	0.0017
0.9284	0.6294	-0.0031
1.1910	0.4965	0.0953
1.0120	0.2964	0.0443
0.9186	0.4441	-0.0027
0.9339	0.4666	0.0189
0.6625	0.1026	-0.0031
1.3390	2.7740	0.1560
1.2980	1.8460	0.1312
1.3970	0.4586	0.1824
1.3690	0.6547	0.1692
1.3410	0.8757	0.1659
1.3690	0.0458	0.1976
1.2720	1.0650	0.1587
1.1070	0.7230	0.0718
1.0250	0.3582	0.0490
1.1780	0.1889	0.1016
1.1960	1.4240	0.1164
1.2740	0.4169	0.1560
1.1070	1.0210	0.0928
0.9232	0.3068	0.0385
1.3440	1.0780	0.2090
1.2410	0.9294	0.1528
1.2200	0.1654	0.1343
1.2820	0.2018	0.1675
1.2390	0.7125	0.1208
1.3720	0.4538	0.2010
1.3760	4.5730	0.1897
1.4180	1.0250	0.2427
1.3870	0.9305	0.2201
1.4240	0.7571	0.2154
1.4350	3.9000	0.2160
1.4570	6.2690	0.2109
1.4180	0.7858	0.2354
1.4050	0.1991	0.2446
1.4340	2.2820	0.2154
1.4760	0.7197	0.2710
1.5000	1.6360	0.3076
1.4500	3.2620	0.2346
1.4260	5.2670	0.2114
1.4610	0.5003	0.2642
1.4770	1.6620	0.2752
1.4750	2.6120	0.2830
1.4090	1.0950	0.2123
1.4180	1.6960	0.2157
1.3970	1.2990	0.2459
1.3470	0.4214	0.2251
1.3150	3.4050	0.2165
1.4100	2.3750	0.2171
1.3640	3.6790	0.1846
1.4600	2.8040	0.2261
1.4530	1.6070	0.2211
1.4580	2.4710	0.2309
1.4520	3.4260	0.2397
1.4530	0.3430	0.2339
1.3960	3.4100	0.2361
1.4280	1.6850	0.2347
1.3190	1.8310	0.2192
1.3460	4.5020	0.2253
1.4160	3.3180	0.2667
1.4500	2.7160	0.2789
1.5230	0.0393	0.2944
1.4420	2.2790	0.2508
1.4640	3.0730	0.2419
1.4180	0.6835	0.2516
1.4590	2.0050	0.2770
1.5530	3.2840	0.2843
1.5200	0.2620	0.2235
1.5020	1.5160	0.2253
1.6640	2.3040	0.2754
1.5730	4.5360	0.2501
1.5830	3.4660	0.2184
1.6860	3.4330	0.2377
1.6070	0.7195	0.2177
1.7560	2.6120	0.2694
1.7530	2.5260	0.2623
1.7220	3.9520	0.2824
1.7560	2.1790	0.2767
1.8050	3.1060	0.2872
1.7870	0.8248	0.2976
1.8110	2.3810	0.2988
1.4270	2.1590	0.2549
1.6030	0.6738	0.2787
1.3480	0.5989	0.2306
1.3940	1.3160	0.2476
1.4860	1.8730	0.2616
1.7270	0.3086	0.2878
1.7090	1.5610	0.2902
1.6750	0.9626	0.2780
1.5720	0.8128	0.2737
1.5510	1.9300	0.2716
1.6880	1.6890	0.2700
1.7010	1.6250	0.2784
1.6360	1.1800	0.2595
1.6990	1.5440	0.2490
1.8020	0.0025	0.2363
1.7420	4.2650	0.1918
1.7940	2.5860	0.2028
1.7550	2.4950	0.2407
1.7250	3.0020	0.2585
1.8220	1.9640	0.2293
1.8350	2.2840	0.2141
1.8580	0.9843	0.2212
1.7050	0.8383	0.2578
1.6940	1.0420	0.2735
1.6440	4.7210	0.2704
1.7080	2.2630	0.2541
1.7560	2.1610	0.2748
1.7540	1.9400	0.2883
1.7110	0.7370	0.2887
1.7990	1.5050	0.2579
1.8630	1.5600	0.2313
1.6940	2.9500	0.2742
1.6720	1.5640	0.2811
1.7090	0.8432	0.2813
1.8910	1.1330	0.2371
1.7500	2.6470	0.2655
1.8640	3.6080	0.2379
1.7320	4.2090	0.1896
1.7070	3.2600	0.1536
1.7250	3.3490	0.1772
1.7800	1.1240	0.2091
1.7080	1.2800	0.2342
1.4600	1.7490	0.0435
1.6520	3.7440	0.1159
0.9543	1.5780	-0.0034
1.1790	2.9280	0.0114
1.3300	3.4270	0.0746
1.3880	0.2558	0.1156
1.5070	1.4470	0.1370
1.6930	6.3640	0.2047
1.6940	6.4540	0.2397
1.6780	2.3860	0.1561
1.6030	1.1000	0.1645
1.6270	0.3505	0.1856
1.6980	0.2769	0.2386
1.6620	1.4600	0.2046
1.6980	4.6260	0.2191
1.7000	0.3945	0.2416
1.6570	0.8582	0.2316
0.8720	0.2359	-0.0425
0.9796	1.4340	0.0289
0.7717	3.5760	-0.0165
1.2160	1.8480	0.0402
1.0960	0.4746	0.0334
1.2940	2.4590	0.0854
1.5220	3.0490	0.1426
1.1500	0.4583	0.0619
1.3450	5.9860	0.1596
1.3080	3.9050	0.1023
1.3280	2.7480	0.1393
1.3660	6.6070	0.1802
1.4020	2.5330	0.2140
1.4780	2.2830	0.2284
1.5730	2.1140	0.1748
1.6060	2.1850	0.1905
1.4610	2.7820	0.1462
1.5130	1.4870	0.2036
1.5000	3.1410	0.2298
1.6030	3.9420	0.2165
1.5490	5.0090	0.2108
1.5770	2.1780	0.2153
0.7915	3.7170	-0.0481
0.5585	0.3410	-0.0206
0.7441	2.3970	-0.0372
0.7153	1.9020	-0.0337
0.6656	1.0910	-0.0155
0.5181	0.1094	-0.0064
0.4579	0.2408	-0.0092
0.7315	0.2395	-0.0154
0.5417	0.1236	-0.0075
0.5828	0.1779	-0.0053
0.6153	0.2850	-0.0120
0.7692	0.7369	0.0007
0.5032	0.0110	-0.0163
0.5933	0.1270	-0.0097
0.7297	0.0293	0.0088
0.9766	1.0760	0.0470
0.9255	0.9854	0.0420
1.1650	2.2370	0.0796
