1.5240	0.4160	0.1161
1.6260	1.2930	0.1909
1.5420	2.5490	0.1853
2.0520	1.2490	0.2591
1.8850	4.2330	0.2208
1.8210	0.7046	0.2575
1.9880	2.1040	0.2364
1.9740	2.4830	0.2872
1.9810	0.1872	0.1819
1.6430	2.4110	0.1947
1.4150	2.4940	-0.0403
1.9680	1.7290	0.2855
1.6230	3.5970	0.1913
2.0010	4.0540	0.2802
1.8400	4.1040	0.2395
1.9350	1.1110	0.1987
1.6720	2.7120	0.1432
1.7610	0.9167	0.1685
1.9810	0.3479	0.2035
1.4690	0.5493	0.2144
1.2500	0.1769	-0.0010
1.5810	1.5330	0.2303
1.7250	2.4250	0.2166
2.0320	1.5380	0.1928
1.8220	0.3563	0.2224
1.6010	1.0140	0.1897
2.0870	2.1480	0.2457
2.2360	0.6605	0.2578
2.0480	0.7342	0.2573
2.0380	2.4600	0.2450
1.8340	4.2340	0.2060
1.7710	2.4360	0.2102
1.8450	3.5010	0.1665
1.9500	1.4400	0.1901
1.2160	0.6986	0.0208
1.7760	3.4140	0.2637
2.1420	1.8190	0.3113
2.0200	0.8878	0.2623
2.0450	1.0020	0.3061
1.8110	9.4240	0.2997
2.1260	1.0550	0.2346
1.4390	0.1618	0.0539
1.5130	1.7920	0.1697
1.7520	2.2180	0.2194
1.6120	5.1700	0.2043
1.9010	2.7780	0.2430
1.9870	1.7880	0.2830
1.9590	3.1270	0.2500
2.0480	1.6660	0.2726
2.0760	0.5484	0.2699
2.0090	0.8616	0.2694
1.5720	3.0880	0.1723
1.6000	0.8531	0.1524
2.0250	0.0319	0.2441
1.9380	2.1000	0.2090
1.8310	3.2870	0.1789
1.6100	3.5550	0.1711
1.8830	2.9700	0.2473
1.8580	2.6400	0.1970
2.0330	1.4250	0.2975
1.8880	0.0360	0.2475
1.6930	2.2470	0.1011
1.7840	3.5860	0.0187
1.5350	1.7370	0.0461
1.7670	2.9370	0.0208
1.5550	2.2360	0.2461
1.6090	2.9610	0.2171
1.4790	1.2400	0.1632
1.2740	0.4581	0.0367
1.4100	0.5675	0.1299
1.4750	1.7220	0.1154
1.2960	0.5824	-0.0524
1.5660	1.4760	0.2184
1.6590	1.9840	0.1883
1.5730	2.9070	0.2380
1.3850	1.9760	0.2206
1.6490	2.3260	0.2314
1.9200	0.0155	0.2370
1.8090	1.1410	0.2247
2.1370	2.1270	0.2364
1.9790	1.6140	0.2190
2.1310	1.9410	0.2456
2.1200	2.5400	0.2025
1.6590	2.5460	0.1763
1.9270	1.1860	0.1868
1.8240	0.5005	0.1971
1.6480	0.4402	0.2093
1.4890	2.1220	0.1964
1.4210	2.5190	0.2225
1.7100	0.2217	0.1991
1.6000	3.5290	0.2172
2.0540	2.6230	0.2169
1.8820	0.6952	0.1966
1.8560	0.7364	0.2316
1.9140	0.9823	0.2522
2.0380	2.6490	0.2605
2.0410	2.0010	0.2466
1.7390	1.9410	0.2106
2.0850	4.7890	0.2569
2.1280	1.5590	0.2521
2.1020	4.3980	0.2508
2.0750	2.2370	0.2437
2.0050	0.0963	0.2546
1.8300	2.1200	0.2027
1.6980	1.2340	0.2180
1.9620	2.4940	0.2727
1.9760	0.1440	0.2591
1.8890	4.1470	0.1728
1.9810	2.5100	0.1667
1.9360	3.0750	0.1921
1.7470	0.8120	0.1949
1.8370	1.5950	0.2026
1.8450	2.0690	0.2085
1.9100	0.4590	0.2321
1.9700	2.0700	0.2333
1.7470	2.8190	0.2080
1.9870	2.4030	0.1968
1.8170	1.1270	0.2206
1.7270	0.7048	0.2011
1.5850	0.7687	0.1317
1.6320	0.9395	0.0739
1.2510	0.6731	0.0229
1.9550	4.5070	0.1794
1.8430	2.6130	0.1585
1.6750	0.4775	0.1064
1.7720	0.5578	0.1807
1.5090	0.4895	0.0898
1.9970	1.7560	0.2431
1.6490	4.2380	0.2415
2.1070	2.7260	0.2279
1.9830	2.4460	0.2679
1.9110	0.5726	0.2506
1.9760	2.8680	0.2637
1.6270	6.1040	0.2546
2.1130	0.4989	0.2729
2.1050	3.6500	0.2890
2.2320	1.8960	0.2912
2.0020	1.4800	0.3109
2.0710	1.7570	0.2764
2.0810	1.1280	0.3127
1.9950	1.6460	0.3188
2.2380	0.8801	0.2819
2.1390	0.3617	0.2843
2.1190	0.9842	0.2751
2.1160	1.2040	0.3149
2.0960	0.1165	0.3052
1.8760	1.4980	0.2967
1.8940	0.3367	0.3027
2.0660	0.4962	0.2894
2.2520	0.8227	0.3088
1.6600	0.4653	0.1211
2.1320	0.3473	0.2169
1.9730	2.6440	0.2672
2.0210	3.2140	0.2702
1.3820	0.7344	-0.0190
1.8540	0.1777	0.1752
1.5480	2.1170	0.1689
1.7070	3.8440	0.2360
2.0790	1.5040	0.2493
1.1730	0.0637	-0.0261
1.0920	0.6734	-0.0017
1.1820	0.3775	0.0363
1.5250	5.6330	0.1751
1.5530	3.6630	0.1853
1.5480	3.9540	0.1937
1.5420	1.5240	0.1719
1.6770	3.0630	0.2041
1.6110	2.7990	0.1875
1.6630	3.4780	0.2020
1.8090	0.4441	0.2328
1.7360	6.1200	0.2196
1.7510	1.5340	0.2209
1.9300	3.2580	0.2449
1.7910	1.3410	0.2259
1.9440	1.9710	0.2652
1.9760	1.1890	0.2843
1.9760	0.3245	0.2644
2.0010	1.1430	0.2648
1.9850	3.4120	0.2828
2.0220	0.7484	0.2689
1.9340	0.8874	0.2496
1.9760	3.2550	0.2581
1.8460	1.8280	0.2361
2.0360	1.5330	0.2658
2.0520	1.3850	0.2724
2.0310	1.1320	0.2722
1.9310	1.3110	0.2616
2.0530	3.2090	0.2757
2.0820	2.0810	0.2721
2.0630	2.5370	0.2693
2.0640	0.0686	0.2635
2.0400	3.2820	0.2646
1.5300	3.4060	0.1768
1.5140	4.7320	0.1641
1.7460	4.4320	0.1795
1.7660	4.7000	0.1728
1.5800	2.8910	0.1621
1.5070	1.2460	0.1563
1.5190	2.5250	0.1567
2.1000	3.1700	0.2228
2.0200	2.4810	0.2171
1.8940	2.0160	0.1944
1.9110	0.3476	0.2539
1.9610	0.1681	0.2470
2.0270	0.2666	0.2361
1.8920	1.6990	0.1938
1.6830	3.0540	0.1321
1.6990	1.7470	0.1340
1.5870	1.6220	0.1452
1.5910	3.5750	0.1799
1.7340	1.5090	0.1594
1.6670	0.8112	0.1398
1.6530	2.7080	0.1624
1.7510	2.6420	0.2205
1.7510	2.7340	0.2160
1.7470	3.1820	0.2209
1.8890	2.8270	0.2455
1.9360	1.9490	0.2706
1.9380	1.0980	0.2740
2.0000	2.1450	0.2957
1.7550	2.7700	0.1868
1.8930	2.0740	0.2369
1.9450	0.6355	0.2550
1.9410	0.5438	0.2010
2.0410	1.9320	0.2716
1.7140	2.5170	0.1405
1.6890	1.8700	0.1151
1.8250	0.5313	0.2579
1.9780	0.5871	0.2300
1.8860	2.4100	0.1826
1.8520	0.0654	0.2137
1.7490	2.4780	0.1371
1.8170	3.2600	0.1013
1.8470	2.7270	0.0843
1.7950	3.2790	0.1156
1.7100	0.7452	0.0633
1.7220	2.6230	0.1003
1.8220	3.6090	-0.0038
1.8700	2.7590	0.0945
1.6490	0.7978	0.1158
1.7300	0.9668	0.0370
1.6370	0.2273	-0.0244
1.4600	3.1920	-0.0451
1.5290	3.9540	-0.0239
1.7000	1.1260	0.2551
1.7390	1.7560	0.2553
1.4670	2.9880	0.2292
1.5180	1.2060	0.2180
1.6720	3.6550	0.2393
1.8900	4.2250	0.2437
1.6940	0.2546	0.2073
1.4740	1.5240	0.1931
1.4540	1.1270	0.1448
1.4560	0.3975	0.1857
1.5430	0.5824	0.1401
1.4280	0.0353	0.0732
1.4550	0.8030	0.1088
1.3900	0.2293	0.0806
1.1860	0.5817	0.0197
1.3340	0.0957	0.0671
1.5520	2.5340	0.1747
1.6450	0.2044	0.1571
1.4790	0.4931	0.1805
1.4010	1.3490	0.1223
1.3190	0.8863	0.0536
1.5220	1.9720	0.0924
1.2450	0.1119	-0.0258
1.3410	0.3274	0.0308
1.4160	1.1160	-0.0051
1.3750	0.9180	-0.0595
1.6080	0.9037	0.1785
1.5610	0.0100	0.1590
1.4470	0.4514	0.2142
1.5490	2.2320	0.2020
1.6720	0.2951	0.2069
1.6750	2.4480	0.2207
1.7160	1.5960	0.2060
1.3780	2.6090	0.2260
1.3970	2.6880	0.2214
1.7210	1.1970	0.2518
1.5290	2.9280	0.2374
1.3980	1.3820	0.2244
1.5220	0.0018	0.2318
1.4250	1.5960	0.2232
1.5930	2.5940	0.2252
1.6970	2.1760	0.2271
1.4750	3.1210	0.2207
1.4810	2.5160	0.2240
1.5710	0.8669	0.2297
1.7540	2.1850	0.2331
1.7530	2.3660	0.2203
1.6940	0.0657	0.2339
1.7370	1.1260	0.2367
1.8190	1.2710	0.2343
1.8910	0.0464	0.2303
1.8780	1.3810	0.2243
1.9380	3.6840	0.2323
1.8890	2.3380	0.2225
1.7550	1.2050	0.2388
1.9290	1.1770	0.2377
2.0610	0.0936	0.2283
2.1390	0.9767	0.2197
2.0840	0.6079	0.2095
1.7020	1.7920	0.2454
1.8110	1.5880	0.2406
1.8220	1.2950	0.2529
2.1040	2.6250	0.2457
2.1260	2.6510	0.2252
2.2260	1.6860	0.2256
2.1100	2.1770	0.1995
2.0070	1.6910	0.2421
2.2200	0.8628	0.2264
1.9770	0.5691	0.2001
1.7580	2.2160	0.1825
1.7800	0.6425	0.1791
1.7780	1.2120	0.1827
1.6270	1.3750	0.1758
1.5670	0.0521	0.1831
1.8730	1.1210	0.2108
1.8730	2.0590	0.2106
1.8810	0.7027	0.1887
2.0270	0.4893	0.2012
1.8910	1.3120	0.1927
1.5370	0.6154	0.1830
1.4580	1.7990	0.1825
1.6510	2.2080	0.1820
1.7150	0.0608	0.1769
1.5680	1.0940	0.1957
1.6200	1.8310	0.1910
1.6160	1.6010	0.2037
1.7930	3.0030	0.2233
1.5880	3.0490	0.2224
1.3310	1.1020	0.1944
1.4010	1.8900	0.2064
1.4440	1.8240	0.1844
1.4310	3.8710	0.2111
1.6250	0.5434	0.2255
1.5060	0.7625	0.2224
1.5810	0.7951	0.2094
1.7700	0.3720	0.2098
1.6130	3.9730	0.2191
1.5940	4.7230	0.2068
1.6610	0.6204	0.1937
1.6430	0.4068	0.2052
1.7720	2.6970	0.1882
1.6960	2.6720	0.1888
1.9640	3.0500	0.2174
1.8970	3.5070	0.1996
2.0340	2.5370	0.2050
2.0690	3.6070	0.2351
2.0820	1.3470	0.2302
1.7710	0.0243	0.2247
1.9330	3.2150	0.2281
1.6270	2.4090	0.2105
1.7230	1.7930	0.2216
1.7990	4.4860	0.2354
2.0000	3.2540	0.2416
1.9980	1.1030	0.2496
1.9610	1.0330	0.2294
1.9550	0.8991	0.2426
1.8430	0.3269	0.2510
1.9920	3.1660	0.2611
2.0450	0.9478	0.2566
1.9370	3.8510	0.2614
2.0190	0.7392	0.2659
2.0350	2.9960	0.2572
1.8360	1.5530	0.2014
1.6860	3.2860	0.1981
2.1250	0.4150	0.2439
1.9510	0.7485	0.2297
1.8700	3.4970	0.2276
2.0270	3.8380	0.2506
1.9270	1.3690	0.2366
2.0980	1.0400	0.2525
2.1190	1.3530	0.2518
2.0570	1.5020	0.2556
2.0570	1.0270	0.2524
2.0860	2.9270	0.2528
2.1260	2.4180	0.2607
2.1520	0.8608	0.2537
2.1160	1.5910	0.2549
2.1050	0.8614	0.2585
2.1360	0.3738	0.2529
2.1490	1.5720	0.2529
2.1540	2.1480	0.2487
2.0540	0.7236	0.2454
2.0480	1.5750	0.2627
2.1520	1.5890	0.2517
2.0810	2.4100	0.2439
2.0350	2.1020	0.2378
2.0170	1.8700	0.2366
1.9830	1.3700	0.2412
1.6800	2.8250	0.2116
1.6410	1.1510	0.2073
1.9520	2.8040	0.2398
1.8390	3.0480	0.2114
1.7320	3.5840	0.2137
1.8020	3.3920	0.2030
1.7610	3.4330	0.2153
2.0170	2.6010	0.2691
2.0100	1.9660	0.2602
1.9580	0.4531	0.2466
1.9810	0.5996	0.2679
1.9760	1.6390	0.2744
1.9980	3.2300	0.2742
1.9900	1.9650	0.2528
1.8380	2.1030	0.1880
1.8500	0.9685	0.1847
1.8930	0.1763	0.2333
1.8810	2.7260	0.2159
1.9680	1.1010	0.1981
1.8890	0.4986	0.1710
1.8970	2.0260	0.1986
2.0440	1.9530	0.1995
1.9640	0.3344	0.1600
1.9560	2.4680	0.1640
1.9700	0.1077	0.1668
1.9780	1.5880	0.1883
1.8650	3.6090	0.1984
1.8660	1.1000	0.2126
1.6530	0.1005	0.1853
1.8240	3.4380	0.1866
1.8060	0.4896	0.1939
1.7530	0.9878	0.2016
1.7730	0.6288	0.2004
1.7190	0.8045	0.2109
1.7660	1.4100	0.1967
1.6730	4.5700	0.2146
1.7750	0.3417	0.2165
1.8570	2.7730	0.2201
1.8470	0.9774	0.2132
1.8390	0.9540	0.2201
1.8570	4.3020	0.2006
1.9060	0.5973	0.2178
1.8940	0.6570	0.2234
1.9230	2.5940	0.2354
1.8750	3.4640	0.2262
1.9200	2.6520	0.2253
1.9570	3.1830	0.2194
1.9820	0.7841	0.2122
1.8190	1.3310	0.2130
1.7410	3.0800	0.2082
1.7640	2.0550	0.2052
1.7660	2.8850	0.2117
1.7480	1.6700	0.2103
1.9300	0.9926	0.2297
1.7630	2.9910	0.2201
1.9820	0.3021	0.1894
1.9860	1.3950	0.2202
1.9560	0.8321	0.2182
1.9430	0.2482	0.1919
1.8210	0.3633	0.2045
1.7400	1.8340	0.2086
1.7340	2.0610	0.2058
1.7420	1.6180	0.2142
1.7920	0.7766	0.2099
1.7420	2.4400	0.1886
1.6910	0.2188	0.1943
1.6790	0.1555	0.1450
1.6730	2.3650	0.1728
1.6090	0.8506	0.1652
1.5420	0.4867	0.1214
1.5230	0.3376	0.0716
1.4230	0.0246	0.0595
1.7560	0.0075	0.1252
1.6030	0.8484	0.0927
1.4270	0.3789	0.0327
1.3620	0.5331	0.0284
1.1620	0.8076	0.0139
1.9340	2.0420	0.1769
1.8720	0.9338	0.1541
1.9700	0.8885	0.1732
1.9510	1.1790	0.1784
1.9250	4.7990	0.1765
1.9450	0.0402	0.1887
1.8610	0.6779	0.1676
1.6070	0.0775	0.0808
1.4220	0.3928	0.0512
1.7460	0.1220	0.1252
1.7730	0.2619	0.1356
1.8180	0.2376	0.1546
1.5380	0.1195	0.0889
1.3050	0.5356	0.0452
1.9230	2.1720	0.1909
1.7300	0.1657	0.1441
1.6460	0.5580	0.1329
1.6910	1.4920	0.1770
1.6330	0.8410	0.1471
1.7320	0.0309	0.2109
1.6120	1.7420	0.2173
2.0460	0.1438	0.2244
1.9180	1.4070	0.2177
1.7720	1.0890	0.2370
1.7960	1.5620	0.2524
1.6960	4.3130	0.2546
1.9990	1.4540	0.2026
2.0430	0.5301	0.2136
1.9740	3.5000	0.1752
2.0280	0.4446	0.2054
2.1210	2.0070	0.2376
1.9940	2.0680	0.2588
1.8090	2.4580	0.2583
2.1180	1.7030	0.2459
2.1230	1.1920	0.2605
2.0780	1.1340	0.2695
1.8680	0.0061	0.2567
1.8810	0.5148	0.2634
1.9680	2.2900	0.2709
1.9250	2.3390	0.2506
1.9540	2.6390	0.2378
1.6540	0.8696	0.2469
1.5920	3.8480	0.2254
1.8990	2.3750	0.2681
1.7420	2.4870	0.2557
1.7760	1.2510	0.2541
2.0310	1.2790	0.2646
1.7300	3.7680	0.2608
2.0090	2.6860	0.2705
1.9840	3.5720	0.2792
2.0080	3.2460	0.2441
2.0250	3.1720	0.2562
2.1530	0.2853	0.2858
2.1780	2.2500	0.2953
2.1990	2.4350	0.3049
2.1660	0.9463	0.2785
2.1270	1.9470	0.2751
2.1420	1.6690	0.2820
2.2420	1.7610	0.2954
2.1390	2.4530	0.3065
2.1470	0.6558	0.2841
2.1060	2.1490	0.2702
2.0310	2.2250	0.3140
2.0770	3.3370	0.3028
2.0290	3.0890	0.2917
1.9720	0.3239	0.2977
1.9890	2.9910	0.2804
2.0030	1.5260	0.3136
1.9720	1.1800	0.3041
2.0910	1.1000	0.3121
2.0250	1.1930	0.3174
2.0090	1.4500	0.3204
2.0810	0.9077	0.3111
2.0320	1.0200	0.3199
2.1700	1.1840	0.2802
2.1740	1.1510	0.3007
2.0640	2.4240	0.2528
2.1680	1.1360	0.2621
2.2730	0.5449	0.2657
2.1100	2.9160	0.2986
2.0800	0.5745	0.2968
2.1390	0.6068	0.2990
2.2290	1.4870	0.2828
2.2630	0.3174	0.2712
2.0930	1.0790	0.2804
2.0460	1.1210	0.2884
2.1860	0.9521	0.2700
2.1170	3.0310	0.2649
2.0850	2.7530	0.2626
2.0430	1.0720	0.3021
2.0210	2.2460	0.2968
2.1200	0.8645	0.3180
1.9310	1.1430	0.3098
2.1050	0.7439	0.3121
2.0180	2.3490	0.2956
2.0160	2.3550	0.2942
1.8510	5.4720	0.2917
1.9040	0.3849	0.3055
1.8580	3.1020	0.2972
1.9490	1.1370	0.2939
1.9210	1.0800	0.3090
1.9460	1.1060	0.3160
1.9880	0.3672	0.3082
2.0530	0.2849	0.2972
2.0390	1.3030	0.2899
1.9450	0.0780	0.3001
1.9360	0.7727	0.2955
1.9780	1.2010	0.2927
2.0850	1.0670	0.2834
2.1020	1.6830	0.2825
2.0930	0.9880	0.2740
2.0600	0.1331	0.3105
2.0400	2.2750	0.2758
2.1000	0.6684	0.3095
2.1510	0.6658	0.3213
2.1400	2.4210	0.3067
1.8610	3.2740	0.1296
2.0160	1.9800	0.2023
1.4260	1.6430	0.0238
1.6780	2.1690	0.0784
1.8080	0.8432	0.1792
2.0560	0.2535	0.2032
2.0620	0.3842	0.2360
2.1800	1.7000	0.2850
1.9010	3.6200	0.2845
2.2300	1.2210	0.2639
2.0720	1.3520	0.2559
2.0170	0.2647	0.2543
1.8730	3.7660	0.2814
2.0650	0.5428	0.2580
1.8460	7.2540	0.2709
1.9140	0.6168	0.2842
1.9720	1.0340	0.2785
1.3830	1.6730	-0.0261
1.5030	0.0600	0.0582
1.4000	1.1340	-0.0060
1.6230	0.5437	0.1104
1.5960	2.4700	0.0748
1.7960	2.6170	0.1522
2.0170	3.5710	0.2131
1.4970	1.8660	0.1241
1.6190	1.2050	0.2163
1.6220	0.7716	0.1702
1.5930	2.3560	0.1829
1.5900	6.0550	0.2334
1.6380	1.1330	0.2550
1.7630	2.9280	0.2540
1.9660	2.9110	0.2306
2.0820	1.8930	0.2454
1.7810	1.3650	0.2080
1.8740	0.3549	0.2419
1.9800	3.6500	0.2545
2.0900	1.8350	0.2595
2.0930	2.3410	0.2603
2.0670	0.1952	0.2685
1.3210	0.3137	-0.0457
1.1880	0.1236	-0.0278
1.2290	0.4202	-0.0447
1.2940	1.6440	-0.0298
1.2700	0.5949	-0.0170
1.1290	0.7259	0.0151
1.1320	0.5700	-0.0036
1.1840	0.7187	0.0256
1.0910	0.8049	0.0150
1.1100	0.7407	0.0056
1.1650	0.2664	-0.0072
1.3110	0.6528	0.0444
1.1210	0.4404	-0.0131
1.1210	0.5565	0.0020
1.1530	0.6425	0.0234
1.3940	0.4970	0.0902
1.2920	0.0183	0.0672
1.4840	1.2590	0.1212
1.3500	0.5999	0.0804
1.5110	0.3095	0.1562
1.5610	2.8200	0.1731
1.8570	1.7160	0.2791
1.7840	0.5041	0.2269
1.7860	1.1930	0.2564
1.9610	3.6520	0.2386
1.8700	2.8290	0.2743
2.0400	0.4123	0.1771
1.6840	3.8030	0.2350
1.3510	2.8220	-0.0101
1.7670	1.3730	0.2962
1.5500	2.2840	0.1824
1.6060	4.4060	0.2738
1.5780	4.9510	0.2352
1.8070	1.5060	0.2103
1.6470	3.0190	0.1520
2.0050	0.6787	0.2128
1.8960	2.2590	0.1960
1.5710	0.8761	0.2064
1.0490	0.1181	0.0278
1.4970	0.1630	0.2242
1.8140	1.0780	0.2109
1.9740	0.9268	0.2509
1.6900	2.1730	0.2287
1.8140	1.4940	0.2048
1.9360	1.6130	0.2629
2.1400	1.3070	0.2627
1.8350	2.6210	0.2246
2.0420	1.4450	0.2274
1.8250	3.2770	0.1868
1.6230	2.6720	0.2181
1.7910	0.8499	0.1420
1.9190	0.2133	0.2037
0.9547	0.3738	0.0284
1.6620	2.1220	0.2511
2.0430	1.1080	0.2812
1.7290	0.5869	0.2414
2.2870	2.4980	0.2944
1.8460	0.8939	0.3305
1.6470	3.2080	0.2367
1.4460	0.9954	0.0288
1.5000	2.2200	0.1602
1.5530	1.3970	0.2064
1.5250	5.2530	0.1871
1.6830	1.9930	0.2354
1.6890	1.5430	0.2801
1.7010	2.9940	0.2199
1.7810	3.4540	0.2440
1.7550	2.7470	0.2755
1.9210	2.6340	0.2710
1.6370	4.7200	0.1731
1.5710	0.0753	0.1604
1.8630	1.2450	0.2492
1.9670	2.1100	0.2296
1.7270	3.6270	0.1947
1.5770	2.7960	0.1777
1.7470	2.4510	0.2577
1.8060	3.3830	0.2124
1.8460	1.4160	0.3085
1.9020	0.0132	0.2624
1.7290	1.4470	0.1440
1.7450	1.7150	0.0373
1.5740	3.5500	0.1232
1.6940	1.3500	0.0049
1.5410	1.8520	0.2514
1.7980	2.5880	0.2291
1.5010	0.8608	0.1281
0.9552	0.0792	0.0432
1.4560	2.3070	0.1245
1.6610	1.3090	0.1482
1.1190	1.4730	-0.0011
1.6590	1.2560	0.2114
1.6710	3.7020	0.1551
1.5570	1.0650	0.2305
1.4690	2.9710	0.2243
1.6230	2.7470	0.2344
1.7100	0.6861	0.2321
1.7680	1.0860	0.2280
1.7220	1.5790	0.2568
1.8300	2.2920	0.2506
1.7390	1.7460	0.2508
1.9050	2.4770	0.2309
1.7220	2.4700	0.1866
1.8860	0.6949	0.1732
1.8020	0.4542	0.1929
1.5790	0.8887	0.1910
1.7440	2.0380	0.1916
1.6740	1.8780	0.2181
1.7010	1.4950	0.2453
1.7190	2.3670	0.2347
1.8120	3.3640	0.2509
1.7260	0.2333	0.2314
1.6300	1.0860	0.2328
1.6850	3.5310	0.2699
1.9830	1.6910	0.2788
1.8080	2.1670	0.2392
1.6590	1.2410	0.2055
2.1050	0.6906	0.2697
2.0300	1.3590	0.2618
2.0230	1.8070	0.2498
1.9960	1.2140	0.2548
2.0230	2.9430	0.2408
1.7360	2.0490	0.1757
1.6920	0.3221	0.2173
1.9840	0.3269	0.2390
1.8640	1.1540	0.2201
1.7630	5.2470	0.1670
1.9990	1.1240	0.1867
1.9420	4.3930	0.1740
1.6620	0.8770	0.2105
1.7620	0.8207	0.2157
1.9390	0.2321	0.2090
1.9250	0.3162	0.2105
1.9860	1.1280	0.2040
1.8220	1.4230	0.2075
2.0220	0.3170	0.1789
1.8110	0.1057	0.2033
1.7710	0.3490	0.1762
1.3970	0.1823	0.1050
1.4480	0.1129	0.0636
0.9989	0.0648	0.0261
1.9910	3.7550	0.1930
1.8300	0.5734	0.1586
1.5600	0.8505	0.1077
1.6550	0.5234	0.1750
1.3960	1.1850	0.0878
1.8420	2.5930	0.2300
1.5260	3.6390	0.2109
2.0350	0.6663	0.2391
1.8810	2.1180	0.2406
1.8360	1.5280	0.2487
1.6770	4.0940	0.2417
1.3930	6.8970	0.1971
1.9580	2.0890	0.2717
1.9150	2.9970	0.2691
1.9340	0.3290	0.2353
2.0160	2.1000	0.2811
1.8090	3.5710	0.2342
2.1260	1.6690	0.3032
2.0220	2.0490	0.3069
2.1360	1.0390	0.2820
2.2660	3.1650	0.2797
2.0810	1.2170	0.2974
1.8690	1.6320	0.3152
1.8930	2.0270	0.3078
1.8540	1.2600	0.3102
1.9370	0.7047	0.3185
2.0020	1.2460	0.3118
1.9450	1.2920	0.3138
1.5690	1.4490	0.0784
1.9010	0.3592	0.1593
1.7730	0.0402	0.3020
1.7720	1.8900	0.2685
1.3480	1.0410	-0.0409
1.5920	0.5054	0.1584
1.4470	1.9250	0.1460
1.7290	3.1390	0.2217
1.7750	0.0061	0.2507
0.9294	0.1856	-0.0429
0.7900	0.5057	-0.0107
1.0770	0.3096	0.0319
1.5310	5.4520	0.1647
1.5120	3.7630	0.1702
1.5440	3.8740	0.1770
1.4950	1.5550	0.1641
1.5550	1.8160	0.1915
1.4960	1.6950	0.1750
1.5050	1.7540	0.1871
1.5550	1.6600	0.2235
1.5240	5.8460	0.2064
1.6500	2.7060	0.2079
1.6760	3.0950	0.2258
1.6620	2.6920	0.2061
1.7080	1.8430	0.2695
1.7460	2.8100	0.2883
1.6620	2.5500	0.2597
1.6320	1.8930	0.2473
1.6250	0.6363	0.2752
1.6390	1.9080	0.2401
1.6760	1.7220	0.2317
1.7120	0.3147	0.2491
1.6650	1.8230	0.2131
1.7400	3.0010	0.2279
1.6620	0.1507	0.2443
1.8680	1.9130	0.2588
1.7910	2.0740	0.2613
1.6560	4.8280	0.2743
1.7690	1.6470	0.2557
1.8750	1.8510	0.2681
1.8300	2.1750	0.2784
1.9000	0.7404	0.2766
1.5750	2.9790	0.1699
1.5370	3.8790	0.1615
1.7020	4.7270	0.1873
1.6920	3.2860	0.1834
1.6100	2.5970	0.1671
1.5070	0.7488	0.1559
1.5110	1.9090	0.1567
1.8910	2.8870	0.2326
1.9120	2.6270	0.2281
1.7790	0.7769	0.2077
1.8240	0.6565	0.2539
1.9260	0.3774	0.2534
1.9380	0.5872	0.2457
1.8610	1.5160	0.2124
1.7120	2.0510	0.1670
1.6300	0.8434	0.1569
1.5380	1.8190	0.1555
1.5580	3.3100	0.1782
1.6420	0.6682	0.1730
1.5750	0.9417	0.1581
1.6110	2.7720	0.1729
1.6540	3.7000	0.2158
1.7060	2.9870	0.2213
1.6700	2.7970	0.2236
1.7120	2.1550	0.2487
1.7510	0.7436	0.2835
1.7910	0.6327	0.2907
1.8110	1.3040	0.3066
1.7430	2.4480	0.1889
1.7770	2.7410	0.2505
1.8200	2.0460	0.2714
1.8530	1.3800	0.2141
1.8670	1.7040	0.2755
1.9380	1.8850	0.1864
1.6680	3.3350	0.1411
1.8210	0.7735	0.2632
1.9790	1.5950	0.2467
2.0460	1.5690	0.2205
2.0640	0.0629	0.2454
1.9020	0.3615	0.1851
1.7940	2.1540	0.1180
1.8700	3.4500	0.0975
1.7360	0.6666	0.1305
1.7080	3.6820	0.0947
1.8030	0.7038	0.1429
1.7340	0.9894	0.0031
1.9050	3.5410	0.0826
1.8250	0.5677	0.1704
1.6540	1.8590	0.0766
1.5220	3.7420	0.0110
1.3540	2.1240	0.0236
1.4500	0.6535	0.0002
1.7020	1.7200	0.2560
1.7120	2.6960	0.2654
1.5250	2.7280	0.2283
1.6300	0.3606	0.2171
1.6660	2.6720	0.2458
1.8760	2.2550	0.2619
2.0920	2.9630	0.2425
1.5940	1.7650	0.1712
1.4460	0.0852	0.1206
1.5790	0.9417	0.1728
1.3780	0.4127	0.0998
1.2900	1.0540	0.0595
1.3570	0.4230	0.0830
1.2890	0.1917	0.0774
0.8580	0.1339	0.0339
1.2230	0.5797	0.0781
1.8220	2.3280	0.1976
2.0460	2.3430	0.2049
1.6560	0.5575	0.1836
1.4900	0.7379	0.1340
1.2280	0.8931	0.0718
1.7260	1.7330	0.1507
1.0740	0.0186	0.0185
1.3220	0.5314	0.0706
1.3770	2.0640	0.0717
1.2410	1.1690	-0.0181
1.5830	1.7020	0.1412
1.4350	0.0197	0.1148
1.5870	2.0860	0.2082
1.6540	3.3700	0.1791
1.7000	1.6690	0.1852
1.7500	1.5960	0.2138
1.7510	1.0600	0.1903
1.4480	2.8830	0.2281
1.5040	2.3200	0.2206
1.6950	1.9880	0.2460
1.5150	1.8490	0.2357
1.4420	1.7120	0.2245
1.4910	0.5203	0.2250
1.4730	1.7740	0.2236
1.6380	2.7330	0.2275
1.7370	2.6610	0.2264
1.5530	3.2670	0.2232
1.5290	3.8790	0.2291
1.5430	1.7780	0.2289
1.7170	2.7510	0.2339
1.8110	2.7540	0.2201
1.5830	1.1900	0.2276
1.6220	1.1890	0.2343
1.7430	2.1470	0.2340
1.7870	1.3150	0.2310
1.7660	0.7920	0.2290
1.8120	0.2035	0.2389
1.8010	3.1730	0.2327
1.5630	0.5621	0.2351
1.6890	0.8533	0.2381
1.8470	1.0300	0.2586
1.9060	0.9099	0.2692
1.9230	1.1330	0.2608
1.6070	1.3530	0.2379
1.5610	1.8170	0.2349
1.7070	2.0750	0.2470
1.8220	1.8820	0.2495
1.8910	2.4800	0.2376
1.8950	0.7821	0.2617
1.9500	1.2930	0.2498
1.6940	1.6490	0.2534
1.8970	1.1420	0.2495
1.8520	1.3290	0.2155
1.8530	1.8730	0.2070
1.8760	0.5120	0.2220
1.7550	0.9087	0.1932
1.6970	0.6750	0.1778
1.6100	0.3357	0.1740
1.8230	2.6250	0.2240
1.7970	0.2077	0.2172
2.0010	0.0653	0.2282
1.9200	0.1160	0.2303
1.8190	0.1681	0.1779
1.8170	2.4750	0.1626
1.7450	0.6228	0.1800
1.7270	1.8480	0.1903
1.9480	0.5128	0.2142
1.5670	2.1190	0.1798
1.6330	2.9760	0.1800
1.6110	3.4430	0.1897
1.6090	1.8170	0.2146
1.5980	0.8747	0.2059
1.7390	1.2320	0.1778
1.7840	1.5120	0.2096
1.9110	0.2700	0.1881
1.6260	3.7720	0.1947
1.6650	2.2210	0.2221
1.7320	0.5326	0.2346
1.8450	1.9630	0.2236
1.7310	1.0290	0.2392
1.7050	2.1990	0.2362
1.6980	4.8320	0.2433
1.6910	1.6990	0.2417
1.6900	1.4670	0.2389
1.7220	3.0750	0.2409
1.6900	3.7800	0.2305
1.7740	3.2450	0.2397
1.7730	3.3630	0.2451
1.7910	2.1360	0.2466
1.8480	1.6710	0.2617
1.7920	2.2010	0.2497
1.5950	0.6723	0.2146
1.7140	3.6450	0.2323
1.5470	1.9300	0.1934
1.5550	3.5520	0.2088
1.5590	2.2230	0.2336
1.7610	0.9071	0.2643
1.8440	0.1603	0.2718
1.7240	2.7670	0.2459
1.6430	0.3412	0.2562
1.6100	5.6370	0.2572
1.8830	2.3910	0.2771
2.0220	0.3157	0.2751
1.7640	2.6350	0.2708
1.9470	2.5640	0.2786
1.8870	0.5543	0.2789
1.6900	1.3770	0.2182
1.6750	3.5180	0.2226
1.8300	2.5940	0.2496
1.7420	0.3541	0.2311
1.7090	3.8730	0.2082
1.7800	2.5780	0.2236
1.7500	1.3540	0.1981
2.0140	2.7920	0.2706
1.9960	0.0465	0.2627
1.9530	1.9480	0.2765
1.9610	1.4470	0.2728
2.0920	0.0888	0.2656
2.1800	0.2331	0.2649
2.1300	1.4270	0.2589
1.9540	0.6926	0.2455
1.9410	1.7540	0.2401
1.9260	1.8150	0.2531
2.0440	2.1650	0.2552
2.0790	1.1170	0.2543
2.0320	1.8390	0.2446
1.9230	0.4882	0.2373
2.0620	2.0200	0.2611
2.0430	0.1241	0.2514
2.0130	1.8270	0.2442
1.9620	2.0980	0.2446
1.9900	0.3030	0.2374
1.6540	3.3630	0.2114
1.6810	3.0060	0.2302
1.7880	0.2565	0.1945
1.7300	2.1500	0.1910
1.6750	3.1200	0.1959
1.7230	2.0890	0.1824
1.7420	2.8820	0.1998
1.9180	2.6540	0.2353
1.8490	2.5670	0.2224
1.9740	1.4890	0.2357
2.0160	1.9270	0.2399
2.0070	1.3950	0.2357
2.0180	3.0620	0.2370
1.9650	0.6617	0.2205
1.7380	0.4634	0.1673
1.7700	3.4590	0.1712
1.7780	2.7070	0.1932
1.7920	0.9782	0.1872
1.9020	3.0790	0.1915
1.8700	2.0710	0.1664
1.8970	3.4590	0.1787
2.0170	1.1630	0.2120
1.9450	1.8020	0.1722
1.9920	1.5030	0.1676
2.0140	1.6090	0.1764
2.0290	0.6254	0.1743
1.7850	0.6615	0.2073
1.7700	1.0370	0.2216
1.7310	2.9950	0.2025
1.7720	1.2240	0.1939
1.7420	0.3630	0.2089
1.6080	1.2890	0.2151
1.7040	2.7620	0.2134
1.8370	0.5925	0.2200
1.9490	0.2435	0.2132
1.7280	5.0110	0.2273
1.7880	1.0300	0.2142
1.8760	3.0880	0.2057
1.7630	1.9230	0.2173
1.6600	1.6240	0.2211
1.8700	2.2040	0.2107
1.9440	1.3590	0.2071
1.9420	2.7080	0.1986
1.9280	2.4150	0.2107
1.7260	2.8840	0.2192
1.9740	3.2120	0.1955
2.0180	3.4080	0.1884
2.0530	0.0805	0.1866
1.7710	0.0095	0.2214
1.7200	3.1250	0.2118
1.7900	2.6770	0.2154
1.8200	3.1410	0.2165
1.8400	1.0910	0.2083
1.7740	1.2560	0.2122
1.7130	2.1830	0.2146
2.0340	0.2662	0.1805
2.0430	0.9372	0.1933
1.9720	2.4250	0.1937
1.9370	0.5993	0.1678
1.8430	2.8340	0.1780
1.8290	1.0620	0.1981
1.8110	1.4570	0.1914
1.7940	0.0420	0.2048
1.8070	0.7137	0.1868
1.7480	3.7500	0.1603
1.7210	2.6950	0.1675
1.5220	0.6835	0.1211
1.6430	2.6500	0.1448
1.5770	0.4000	0.1305
1.3760	0.0247	0.0925
1.2860	0.3554	0.0608
1.2740	0.9268	0.0548
1.5890	0.8010	0.1037
1.3790	0.4433	0.0754
1.2400	0.3474	0.0266
1.2020	0.2570	0.0271
0.8493	0.5041	0.0147
1.9450	3.8950	0.1700
1.7790	2.1920	0.1412
2.0160	1.1460	0.1813
1.9940	2.2820	0.1804
1.9550	2.8970	0.1844
1.9840	1.0570	0.2039
1.8660	0.8456	0.1772
1.5080	0.4016	0.0809
1.3210	0.3724	0.0518
1.6260	0.0505	0.1128
1.7510	0.7336	0.1335
1.7850	0.4747	0.1630
1.4310	0.5242	0.0911
1.1520	0.0167	0.0511
1.8290	0.1556	0.1993
1.6380	0.3370	0.1473
1.5340	0.0741	0.1290
1.5840	1.0890	0.1598
1.5300	1.0120	0.1247
1.6380	0.4173	0.1932
1.4900	1.1030	0.1802
1.9360	1.5360	0.2265
1.7830	1.8120	0.2085
1.6600	1.0120	0.2188
1.6970	1.7590	0.2328
1.5770	4.4850	0.2331
2.0180	0.9661	0.2203
1.9970	0.7836	0.2287
2.0020	3.6860	0.1941
2.0310	1.1560	0.2232
2.0460	0.1707	0.2373
1.8670	2.8330	0.2387
1.7240	3.5250	0.2389
1.9800	0.0213	0.2406
2.0120	1.1960	0.2441
2.0100	1.3590	0.2423
1.8020	1.9810	0.2373
1.7620	0.1996	0.2569
1.9280	2.8040	0.2394
1.9020	1.6480	0.2341
1.9320	3.6630	0.2399
1.4160	1.7660	0.2051
1.3810	3.0160	0.1693
1.6670	0.9447	0.2520
1.5240	1.9580	0.2299
1.5090	0.1808	0.2219
1.6730	4.3460	0.2347
1.5100	5.8440	0.2258
1.8460	3.0520	0.2666
1.7840	2.8640	0.2688
1.9280	2.6890	0.2508
1.8850	2.5030	0.2590
1.9500	2.7800	0.2739
2.0010	2.6070	0.2806
1.9950	3.5630	0.2700
1.8510	2.6720	0.2386
1.8210	3.5560	0.2333
1.8200	2.2330	0.2589
1.9390	1.3240	0.2482
1.9920	4.2170	0.2577
1.9120	2.7800	0.2324
1.8310	0.7848	0.2344
2.0380	3.7460	0.2840
1.9770	1.2080	0.2525
1.9440	0.6438	0.2473
1.9680	1.4110	0.2725
1.8580	3.4040	0.2551
2.0540	1.8560	0.2994
1.9610	2.1380	0.2947
2.0840	2.3840	0.2967
2.0890	2.6140	0.3024
2.1210	1.6730	0.3084
2.2030	2.1450	0.2949
2.1400	1.6600	0.3025
2.0360	2.5540	0.2790
2.0920	1.9360	0.2896
1.9730	2.9160	0.2622
2.0480	1.3250	0.2702
2.1260	1.7160	0.2719
2.1750	3.7430	0.2887
2.2940	0.5108	0.2861
2.1330	2.5630	0.2930
2.1780	0.1656	0.2819
2.2110	1.5100	0.2726
2.2890	1.8690	0.2828
2.2450	1.2180	0.2931
2.2080	0.7258	0.2732
2.1800	1.0620	0.2785
1.8740	4.1260	0.2827
1.7900	3.2760	0.3078
1.7740	2.9340	0.2978
1.8940	2.0670	0.3272
1.8910	1.3660	0.3234
1.8990	1.8180	0.3116
1.7530	2.8740	0.2925
1.7430	1.4840	0.2922
1.8320	2.4330	0.3252
1.9390	1.2680	0.3213
1.8790	1.3260	0.3266
1.8610	2.6180	0.2937
1.9440	2.3800	0.3090
2.0290	1.1580	0.3127
2.1020	1.6090	0.3061
1.9160	1.6340	0.3089
1.7390	0.2717	0.2989
1.9180	2.2610	0.3198
1.9680	0.8345	0.3146
2.1340	0.2714	0.3048
1.7770	0.6517	0.3001
2.0320	1.7470	0.3078
1.8170	2.1850	0.2940
1.8600	1.9500	0.3193
1.9510	1.0540	0.2696
1.8940	1.4030	0.3149
1.9180	0.5882	0.3267
1.8920	1.4910	0.3318
1.8900	0.3331	0.0908
1.9960	2.4050	0.1711
1.4400	0.1667	0.0312
1.6760	2.4510	0.0668
1.7110	1.4700	0.1172
1.6030	1.1770	0.1709
1.6550	1.3630	0.2082
1.8850	1.1750	0.3097
1.8450	3.6710	0.3262
2.0160	2.1060	0.2441
1.7500	0.9355	0.2555
1.7150	0.6840	0.2666
1.7960	1.4980	0.3077
1.7310	1.5110	0.2615
1.7720	1.2960	0.2830
1.8060	1.7880	0.2888
1.8210	2.7640	0.2722
1.3180	1.4910	-0.0285
1.4170	0.5738	0.0207
1.3830	1.1530	-0.0257
1.5240	0.3148	0.0794
1.4350	0.8324	0.0393
1.5380	2.9930	0.1244
1.6160	3.8730	0.2069
1.4630	3.3100	0.1101
1.4740	3.4880	0.1894
1.5990	1.6210	0.1496
1.4750	0.7013	0.1452
1.3780	6.1250	0.1763
1.5170	1.8360	0.2140
1.7270	2.1030	0.2382
1.7260	1.3430	0.2312
1.7150	4.1480	0.2453
1.7080	0.9283	0.1981
1.8190	3.3250	0.2440
1.7970	4.1310	0.2444
1.7430	1.8290	0.2561
1.7760	1.9870	0.2389
1.7660	1.7560	0.2530
1.1550	0.8979	-0.0533
0.8757	0.0094	-0.0249
1.0030	0.9875	-0.0381
1.1990	1.8310	-0.0512
1.1600	1.2000	-0.0290
0.6963	0.5681	0.0095
0.7682	0.3492	-0.0109
0.9502	0.0654	0.0329
0.7006	0.6692	0.0083
0.7735	0.5397	0.0120
0.9179	0.0496	-0.0136
1.3040	0.1837	0.0298
0.8401	0.2622	-0.0286
0.8082	0.3607	0.0006
0.9210	0.2756	0.0305
1.3610	0.9841	0.0863
1.2380	0.7262	0.0672
1.4590	0.0353	0.1054
