1.8670	1.5210	0.0699
2.0320	0.7775	0.1627
2.2620	1.8160	0.1447
2.2390	0.1632	0.2068
2.4360	2.7650	0.1697
2.1380	0.1987	0.2259
2.2930	0.5358	0.1545
2.3270	0.2816	0.1455
2.2090	2.0510	0.1261
2.3400	3.8000	0.1360
1.7230	2.0050	-0.0742
2.2650	1.5360	0.2124
2.1630	2.9640	0.1048
2.2250	4.6100	0.1835
2.3310	4.1810	0.1531
2.2340	0.3840	0.1878
2.1320	1.7510	0.0767
2.0830	0.9026	0.1591
2.3220	2.2800	0.1615
2.1640	0.8943	0.1835
1.6440	0.5107	-0.0466
2.2040	2.7420	0.2046
2.1770	1.6130	0.1742
2.4160	0.0770	0.1859
2.3360	0.9350	0.1455
2.8060	2.1650	0.1692
2.3070	0.6521	0.2006
2.3480	3.4780	0.2452
2.6500	1.9440	0.1955
2.6290	3.1230	0.1700
2.2900	3.7160	0.0959
2.3310	2.4910	0.2105
2.4010	0.8677	0.1814
2.2100	0.0892	0.1513
1.3960	0.2176	0.0077
2.1620	1.9660	0.1386
2.3280	0.1510	0.0925
2.3810	0.4420	0.1099
2.5940	1.7550	0.1911
2.3520	0.2820	0.2213
2.4750	0.5810	0.1142
1.6830	0.5477	0.0067
2.1780	0.8234	0.0945
2.2500	2.7500	0.1135
2.2520	4.6450	0.1197
2.2910	3.3230	0.1656
2.2430	3.0880	0.2010
2.3620	0.6187	0.1480
2.3140	2.0170	0.1628
2.1800	2.0970	0.1758
2.1950	1.8980	0.2075
2.1650	4.2440	0.1660
2.1760	1.4230	0.1215
2.1830	0.0523	0.2186
2.2410	2.9260	0.1768
2.1700	2.9770	0.1564
2.1150	2.6120	0.1048
2.2690	2.5980	0.1852
2.2600	4.0430	0.1198
2.2740	0.1730	0.2132
2.1940	1.0610	0.2077
2.1240	1.8730	0.0810
2.2180	3.5330	-0.0337
1.9650	2.6260	0.0559
2.1430	3.4840	-0.0169
2.0180	2.6170	0.2173
2.0440	2.7240	0.1887
2.0180	1.5240	0.1211
1.5050	0.0150	-0.0142
1.9980	1.1270	0.0971
2.0230	2.5770	0.1159
1.7080	1.9390	-0.0983
2.1560	0.8373	0.1683
2.1170	1.7950	0.1472
2.0780	3.1810	0.2249
2.0290	3.9080	0.1989
2.0590	4.0610	0.1694
2.4480	0.6773	0.1632
2.1870	0.1157	0.1720
2.3620	2.2580	0.1946
2.4810	0.7103	0.1642
2.2220	2.1270	0.2149
2.2890	3.4510	0.1884
2.3070	3.8830	0.1666
2.5090	2.0140	0.1705
2.5580	0.4249	0.1794
2.3140	2.1770	0.1500
2.5870	1.3090	0.1734
2.8460	1.5540	0.1653
2.7330	2.4590	0.1365
3.1190	0.8788	0.1510
2.4160	0.0907	0.1331
2.3550	0.9332	0.1178
2.3250	0.7076	0.1227
2.2430	0.1690	0.1951
2.3430	3.6870	0.2229
2.5600	0.7014	0.2166
2.3400	3.0930	0.1116
2.4240	3.3830	0.2542
2.6260	1.8430	0.2552
2.3070	0.2924	0.2470
2.2800	4.8530	0.2058
2.2950	2.7140	0.2155
2.3660	3.4960	0.0904
2.3940	1.5270	0.1151
2.3320	1.6370	0.2212
2.8000	1.1910	0.1999
2.3690	4.7730	0.0806
2.1810	3.1130	0.1092
2.2630	3.4950	0.0993
2.3800	1.1020	0.1873
2.3010	0.8089	0.1960
2.6940	1.2330	0.1314
2.4630	0.7368	0.1335
2.3750	2.4960	0.1607
2.1500	2.7300	0.1983
2.3070	0.1651	0.1715
2.3320	0.0132	0.2075
2.1730	1.4370	0.1830
1.8480	0.2072	0.0909
2.0410	0.3084	0.0548
1.4260	0.3002	-0.0119
2.1240	4.9570	0.1456
2.1550	3.4020	0.1557
1.9560	1.1510	0.1172
2.0560	0.6696	0.1523
1.7820	1.2300	0.0980
2.2480	2.2010	0.1758
2.0940	4.6980	0.1736
2.3750	1.1910	0.1720
2.2930	4.6610	0.1981
2.2360	2.2370	0.1395
2.4860	0.0115	0.1123
2.1250	4.6880	0.1760
2.2780	0.7805	0.1093
2.5990	1.6500	0.0775
2.9240	1.6890	0.0659
2.3700	1.6190	0.1041
2.4070	5.1090	0.0839
2.3770	1.8120	0.1438
2.3540	4.1470	0.1675
2.3520	2.0360	0.1541
2.4030	2.8910	0.2173
2.4690	3.3180	0.2251
2.2900	2.9520	0.2154
2.3250	2.8790	0.2172
2.2240	0.6133	0.1756
2.4460	3.5920	0.2063
2.4100	2.9730	0.2152
2.3800	3.6160	0.2283
2.0250	0.0511	0.0765
2.3870	1.5590	0.1401
2.3150	1.3420	0.1821
2.3860	3.1090	0.1328
1.6710	0.6462	-0.0343
2.0410	2.2180	0.0871
2.0220	2.0740	0.1404
2.1220	3.5060	0.1110
2.2530	2.2390	0.0811
1.4050	0.0039	-0.0960
1.3060	0.3142	-0.0670
1.3810	0.1785	-0.0241
2.2430	4.3640	0.1205
2.2100	3.4020	0.0926
2.2800	2.1970	0.1357
2.1350	2.6420	0.0901
2.1970	3.5690	0.1065
2.1630	2.1710	0.0923
2.2100	3.0820	0.0987
2.3370	0.3152	0.1381
2.2680	4.9840	0.1168
2.2410	2.0800	0.1462
2.3320	3.5100	0.1554
2.2800	1.8010	0.1321
2.2790	2.2470	0.1851
2.2550	2.5070	0.2097
2.2760	1.7800	0.1853
2.2650	0.7480	0.1753
2.2360	5.0960	0.1983
2.2510	0.4541	0.1544
2.4160	0.1916	0.1478
2.3970	3.4100	0.1809
2.3620	2.3780	0.1341
2.3370	3.0200	0.1464
2.2170	1.8220	0.1486
2.2440	1.8860	0.1911
2.2640	1.1090	0.3269
2.2010	0.8770	0.1822
2.1770	4.2570	0.1648
2.1630	3.1720	0.1766
2.2020	1.6990	0.1866
2.2090	3.6080	0.1917
2.2280	0.8321	0.1471
2.2040	4.0310	0.1323
2.1620	4.9340	0.1753
2.1640	4.6640	0.1663
2.1800	2.6080	0.1494
2.1780	0.7706	0.1077
2.1140	2.1940	0.0949
2.2960	3.7330	0.2055
2.2780	3.6240	0.1912
2.2080	0.5137	0.1722
2.1580	3.0410	0.2256
2.2260	3.4580	0.2175
2.2650	0.6142	0.2119
2.2030	1.4610	0.1670
2.0940	3.1780	0.1094
2.0930	1.2440	0.1058
2.1280	0.5527	0.0993
2.1270	2.8450	0.1051
2.1620	1.2760	0.1391
2.1240	0.2740	0.1007
2.1270	2.3910	0.1038
2.2110	2.7770	0.1511
2.2000	3.5900	0.1585
2.1990	3.7820	0.1586
2.2730	3.1010	0.1743
2.2860	1.8370	0.1995
2.2950	2.1870	0.1977
2.2640	1.6240	0.2128
2.2050	3.3710	0.1118
2.2760	2.0130	0.1573
2.2920	2.0110	0.1776
2.2990	1.1840	0.1323
2.3020	1.9670	0.1937
2.0810	2.4370	0.1173
2.1450	1.1710	0.0335
2.1500	1.0390	0.2219
2.2400	1.7110	0.2001
2.1830	2.4240	0.1688
2.1650	1.5620	0.1855
2.0820	1.8720	0.1374
2.2430	4.5400	0.0354
2.2570	4.2670	0.0459
2.2290	4.3010	0.0253
2.1600	1.1560	0.0402
2.0660	2.3940	0.0846
2.2380	4.4240	-0.0682
2.2790	3.5560	0.0863
2.0800	1.7530	0.1078
2.1110	1.1480	0.0345
1.9400	1.0190	-0.0301
1.8060	0.2464	-0.0731
1.7560	2.7400	-0.0663
2.0820	1.3710	0.2259
2.0510	0.1867	0.2162
2.0630	3.0760	0.2046
2.1140	0.7749	0.1863
2.0180	4.2120	0.2125
2.0180	3.2600	0.2016
2.0080	0.2763	0.1741
2.1290	2.9960	0.1491
2.0090	0.9882	0.1019
2.1410	0.0500	0.1444
1.9460	1.8100	0.0975
1.6810	0.5605	0.0313
1.9210	0.3973	0.0690
1.8550	0.0941	0.0464
1.4220	0.1608	-0.0439
1.8020	0.3505	0.0322
2.0350	2.8630	0.1535
2.0080	0.8543	0.1397
2.1130	1.4460	0.1421
2.0320	1.1420	0.1025
1.8450	0.6196	0.0432
2.0100	1.8840	0.0969
1.6560	1.0200	-0.0655
1.9000	1.2390	0.0454
1.9000	1.5820	-0.0052
1.6730	1.1650	-0.1043
2.0590	0.2793	0.1334
1.9340	1.0280	0.1133
2.1600	0.4613	0.1760
2.1770	3.2250	0.1569
2.1990	0.8445	0.1591
2.1630	0.3658	0.1680
2.1950	0.1523	0.1645
2.0270	3.7900	0.2052
2.0920	1.7440	0.1999
2.0930	1.7140	0.2271
2.0550	2.4110	0.2235
2.0580	1.5780	0.2137
2.1140	1.2290	0.2156
2.0650	2.2480	0.1978
2.0870	2.8490	0.1695
2.1310	2.7050	0.1658
2.0830	2.3110	0.1866
2.0340	2.9160	0.1873
2.1140	2.1460	0.1853
2.1300	2.2470	0.1641
2.1530	3.3270	0.1722
2.2690	0.3820	0.1876
2.2360	2.1030	0.1752
2.2830	2.4670	0.1589
2.4110	1.5870	0.1594
2.3600	1.3180	0.1699
2.4900	2.2640	0.1631
2.4990	2.3260	0.1646
2.2990	0.4949	0.1997
2.4470	0.4277	0.1890
2.4360	1.7490	0.1758
2.4300	2.9940	0.1914
2.4390	1.2670	0.1743
2.1170	2.7320	0.2184
2.1830	3.3960	0.2142
2.1070	1.2220	0.2222
2.1820	0.7710	0.2172
2.2790	3.2690	0.2073
2.3090	2.6050	0.1925
2.3550	0.2181	0.1838
2.2550	0.9202	0.2000
2.2790	1.0650	0.2009
2.2570	0.4475	0.1889
2.2640	4.0610	0.1712
2.3780	2.2210	0.1786
2.1970	1.5900	0.1712
2.2360	2.2860	0.1657
2.2180	0.4429	0.1579
2.5250	0.5689	0.1679
2.5020	1.3350	0.1742
2.4580	0.7759	0.1759
2.4570	1.5240	0.1673
2.5530	0.5320	0.1679
2.6330	2.6050	0.1702
2.7020	3.6220	0.1774
2.3490	3.8980	0.1726
2.4340	3.5690	0.1791
2.2770	0.6599	0.1481
2.2900	1.0090	0.1650
2.4640	3.1300	0.1722
2.3460	2.5430	0.1498
2.5200	0.2832	0.1798
2.7530	0.2094	0.1652
3.0200	0.0975	0.1651
2.5680	0.7166	0.1717
2.7360	2.3300	0.1649
2.5540	4.4470	0.1660
2.7560	0.5247	0.1507
2.8960	1.8700	0.1537
2.6500	0.6375	0.1441
2.5090	1.2730	0.1544
2.9360	3.8010	0.1454
2.4840	0.7478	0.1373
2.5960	0.5957	0.1377
2.4520	4.1290	0.1281
2.3380	4.5490	0.1249
2.5200	2.2210	0.1215
2.5800	3.3220	0.1263
2.3620	1.4920	0.1255
2.3130	2.1420	0.1722
2.3520	0.0610	0.1783
2.3560	1.9420	0.1378
2.4310	0.6233	0.1289
2.3120	1.7750	0.1321
2.2800	1.4350	0.1175
2.2870	3.9070	0.1338
2.3160	0.2693	0.1672
2.2540	1.5130	0.1894
2.4100	1.5630	0.1256
2.3170	1.7910	0.1484
2.2610	3.4700	0.1714
2.2460	3.6200	0.2130
2.3410	0.3260	0.2190
2.2240	4.1740	0.2151
2.2530	1.4350	0.2138
2.2660	3.5360	0.2103
2.3960	0.9431	0.1111
2.3150	4.2240	0.1179
2.4110	3.7430	0.2128
2.5000	3.1530	0.1758
2.5000	4.0890	0.1748
2.5540	3.4210	0.2076
2.4450	1.0140	0.1724
2.6390	1.0000	0.2329
2.5830	2.4190	0.2265
2.2930	0.0389	0.2190
2.4910	0.6758	0.2205
2.4730	0.3932	0.2568
2.3850	2.5620	0.2561
2.4230	0.1794	0.2639
2.6670	3.3500	0.2401
2.5270	4.1760	0.2284
2.7060	1.5980	0.2419
2.5900	1.8840	0.2592
2.3030	3.7230	0.2514
2.2760	3.9400	0.2228
2.5160	0.4170	0.2208
2.2920	2.0350	0.2332
2.2480	0.7769	0.2294
2.2710	5.1640	0.2024
2.2940	0.2668	0.1537
2.2750	0.2537	0.1839
2.2690	4.0590	0.1077
2.3480	1.5120	0.1277
2.5650	1.4140	0.1560
2.3770	4.1500	0.0987
2.2350	3.0720	0.0916
2.2310	2.9690	0.0830
2.3440	4.4440	0.1013
2.5520	0.6961	0.2213
2.7380	0.6241	0.2027
2.2620	2.6900	0.1852
2.3300	0.0800	0.2186
2.4460	0.4053	0.2251
2.5580	3.5600	0.2181
2.7260	2.3220	0.1826
2.3420	0.6807	0.0750
2.2550	1.0570	0.0803
2.5950	2.3500	0.1481
2.5200	2.9010	0.1374
2.6980	3.0430	0.1160
2.2800	1.2950	0.0834
2.2970	1.6770	0.0990
2.5510	2.9940	0.1296
2.2810	0.9112	0.0819
2.1940	2.0180	0.0985
2.1570	2.2120	0.1123
2.2560	1.5940	0.1099
2.4450	4.3760	0.1883
2.3450	3.1690	0.1849
2.6420	0.5211	0.1725
2.4800	4.5670	0.1831
2.3520	0.4919	0.1997
2.2950	1.7280	0.2001
2.2350	2.3120	0.2061
3.0420	3.0020	0.1348
2.7300	2.2290	0.1440
2.7860	4.1420	0.1326
2.7310	1.2330	0.1276
2.5280	2.4550	0.1240
2.4430	0.6754	0.1628
2.3790	1.9540	0.1770
2.5630	3.5010	0.1466
2.5410	0.8560	0.1292
2.4110	2.2110	0.1189
2.4190	3.7550	0.1424
2.3920	3.6740	0.1949
2.3850	1.2150	0.1065
2.3480	2.5460	0.1209
2.2330	2.1310	0.1372
2.2000	1.6120	0.1897
2.1880	3.8020	0.2086
2.1570	2.1940	0.1992
2.1470	3.8320	0.1849
2.1730	1.5920	0.1842
2.4240	1.1490	0.1990
2.2790	2.9400	0.2101
2.2060	2.1370	0.1354
2.3430	1.8060	0.1693
2.4570	1.2280	0.1980
2.4610	0.9833	0.1928
2.3610	0.1652	0.1979
2.1590	1.6190	0.1916
2.1920	0.5838	0.1775
2.1880	2.0930	0.2049
2.3130	0.6008	0.1971
2.2830	2.7300	0.1829
2.1410	0.0626	0.1607
2.1230	0.4534	0.1426
2.0580	0.5773	0.1551
1.9860	0.9006	0.1282
1.8690	1.0850	0.0758
1.7570	0.5753	0.0242
1.6410	0.4255	0.0201
2.2970	1.8640	0.1291
1.9550	0.0822	0.0556
1.6500	0.1653	0.0072
1.5850	0.0412	0.0220
1.3600	0.3611	-0.0118
2.2450	3.0920	0.1614
2.3960	1.4990	0.1604
2.1420	0.9895	0.1254
2.1530	1.7090	0.1376
2.1160	5.2670	0.1611
2.1880	0.2157	0.1636
2.1140	0.5173	0.1603
1.9570	1.5930	0.0852
1.6720	0.3691	0.0630
2.1650	2.2430	0.1172
2.0740	1.8900	0.1385
2.0820	0.1065	0.1454
1.8290	0.8729	0.1009
1.5020	0.0734	0.0485
2.2370	4.5110	0.1707
2.0710	0.3488	0.1426
1.9330	0.4523	0.1289
2.0200	2.7060	0.1456
1.9780	3.1160	0.1393
2.0590	0.9462	0.1617
2.0730	1.7810	0.1747
2.2980	3.5850	0.1748
2.1850	1.4480	0.1652
2.0950	0.9884	0.1758
2.1190	0.3207	0.1803
2.1110	4.0380	0.1505
2.2920	1.2840	0.1632
2.3280	2.6380	0.1649
2.1490	4.1030	0.1308
2.3950	2.6820	0.1564
2.4570	1.8380	0.1727
2.2530	3.6470	0.1874
2.1390	2.8030	0.1823
2.3410	2.9980	0.1813
2.3810	1.3530	0.1937
2.4800	3.1230	0.2035
2.2000	0.3577	0.1901
2.2200	1.2890	0.1337
2.4110	1.6650	0.2153
2.2410	3.2500	0.1863
2.2870	3.4180	0.1497
2.1840	1.3450	0.1603
2.0930	3.7820	0.1779
2.3640	2.8490	0.1139
2.2530	3.3920	0.1332
2.2990	2.2040	0.1505
2.4660	2.4350	0.1089
2.1940	4.7460	0.1428
2.3670	3.9570	0.1064
2.4460	2.2060	0.1028
2.3020	1.9720	0.1294
2.3140	0.9829	0.1129
2.2940	1.5880	0.0905
2.2510	3.4120	0.0942
2.4230	1.9650	0.0776
2.7440	0.4734	0.0708
2.5890	2.1600	0.0733
2.6870	2.0090	0.0809
2.9380	3.9420	0.0631
2.5830	3.8220	0.0690
2.5340	2.0670	0.0845
2.4200	3.2230	0.0806
2.3810	1.9330	0.0952
2.4910	2.1260	0.0876
2.3510	3.8320	0.0950
2.3200	0.2295	0.1083
2.3410	0.9417	0.1012
2.3340	0.1180	0.1294
2.3190	2.8190	0.1537
2.3370	1.1560	0.1168
2.3560	2.6340	0.1171
2.3400	1.0980	0.1592
2.4040	2.0590	0.1755
2.4510	1.8160	0.1797
2.2710	1.4180	0.1115
2.2630	2.5360	0.1082
2.2970	5.1520	0.1415
2.3070	0.1448	0.1885
2.3630	0.8390	0.2226
2.3970	2.0450	0.1926
2.4750	3.6250	0.1962
2.3840	2.3530	0.1474
2.3840	0.5379	0.2120
2.3510	2.2490	0.2338
2.5750	0.9236	0.2151
2.6520	0.1062	0.2104
2.3610	2.7170	0.2347
2.3990	1.6120	0.2343
2.2780	5.0610	0.2187
2.2690	1.1090	0.2138
2.2610	1.5310	0.2119
2.3670	0.6526	0.2251
2.4070	2.0750	0.2239
2.3110	2.4050	0.2177
2.2670	0.9117	0.2123
2.2620	0.5578	0.2081
2.2490	2.0050	0.1987
2.2510	1.2210	0.1854
2.4150	1.3640	0.2144
2.3140	2.4320	0.1604
2.3180	3.3270	0.1720
2.4300	1.2810	0.1801
2.6070	2.9030	0.1963
2.3590	1.9280	0.2158
2.2560	2.5840	0.2112
2.4770	2.3830	0.2222
2.5460	1.2140	0.2214
2.6150	2.9190	0.2149
2.3100	1.9790	0.2118
2.4750	3.1210	0.2206
2.2800	1.4750	0.2127
2.2740	1.1990	0.2172
2.3490	3.1400	0.2097
2.3060	1.9620	0.2307
2.3050	4.0470	0.2267
2.3600	0.6559	0.2264
2.3030	1.7860	0.1023
2.3690	2.9830	0.1498
1.7040	0.0362	0.0185
2.1120	0.2208	0.0557
2.0950	2.6030	0.1019
2.3760	0.2093	0.1109
2.4700	1.6200	0.1321
2.3330	2.6950	0.2007
2.3200	0.1546	0.2008
2.4100	2.8750	0.1982
2.3850	0.6474	0.1751
2.3500	2.4310	0.1488
2.2880	3.2650	0.1830
2.4740	2.5880	0.1247
2.2610	4.3210	0.1582
2.2770	3.9180	0.1633
2.3360	2.0380	0.1411
1.6430	0.0045	-0.0508
1.8840	0.5343	0.0471
1.6930	1.0120	-0.0311
2.0060	0.0012	0.0631
1.9840	1.3070	0.0482
2.0490	4.7980	0.0971
2.2070	0.9452	0.0959
1.7800	1.2140	0.0686
2.1080	1.3410	0.1268
2.0180	1.0840	0.0855
2.0370	1.0720	0.1649
2.1230	5.3410	0.1797
2.1150	2.8970	0.1623
2.1780	0.2081	0.1320
2.1110	0.7877	0.0828
2.2660	1.4240	0.0869
2.0590	2.3420	0.0850
2.1150	1.3570	0.0987
2.2230	5.0090	0.0989
2.3950	2.0330	0.0860
2.3040	0.0513	0.0721
2.3720	1.0980	0.1058
1.5590	0.3540	-0.0912
1.4620	0.1061	-0.0984
1.4820	0.3235	-0.1091
1.5310	2.1940	-0.0827
1.4830	0.8764	-0.0664
1.3280	0.3344	-0.0614
1.3590	0.2397	-0.0826
1.3850	0.2757	-0.0228
1.2920	0.3994	-0.0423
1.3100	0.2930	-0.0366
1.3810	0.0799	-0.0713
1.5120	1.3180	-0.0306
1.3450	0.3032	-0.0851
1.3320	0.1432	-0.0541
1.3350	0.1368	-0.0062
1.5810	0.6431	0.0502
1.4410	0.6545	0.0427
1.8480	1.0240	0.1163
1.7970	0.9543	0.0863
1.9890	0.2013	0.1425
2.0100	4.1470	0.1371
2.1700	0.5493	0.1845
2.1130	2.8970	0.1819
2.2770	0.3538	0.2009
2.2780	0.0402	0.1671
2.4080	1.8190	0.0990
2.4260	1.8740	0.1437
2.2420	3.1190	0.1416
1.3260	0.5288	-0.0524
2.2010	2.6260	0.2058
1.9390	1.5060	0.1118
2.0190	3.1330	0.2091
2.1270	4.1620	0.1479
2.1030	1.6880	0.1677
1.7360	1.8330	0.0535
1.9720	1.8790	0.1340
2.2690	0.8243	0.1501
2.4370	0.5513	0.1710
1.4300	0.3568	0.0096
2.3030	0.1135	0.1944
2.3580	0.5853	0.1740
2.3680	2.9930	0.1925
2.3300	1.2590	0.1456
2.2590	2.9420	0.1723
2.1570	1.3240	0.2018
3.0020	0.4052	0.2442
2.5230	1.4280	0.1997
2.4260	2.1070	0.1763
2.5330	2.8630	0.1189
2.1060	2.9410	0.2223
2.2780	2.6590	0.1801
2.2370	0.3966	0.1758
0.9754	0.0795	0.0364
2.0960	3.6000	0.1236
2.6420	1.1260	0.0926
2.2930	1.3440	0.1038
2.6390	1.6610	0.1962
1.9580	1.9640	0.2237
2.0970	0.2642	0.1097
1.6450	1.4220	-0.0120
1.8710	0.8445	0.0903
2.0540	1.5860	0.1185
2.0200	4.7050	0.1085
2.0130	2.5630	0.1612
1.9860	0.8915	0.2157
2.0130	2.0070	0.1513
2.1290	4.3480	0.1517
2.1050	3.6430	0.1728
2.2810	3.1920	0.1926
2.1010	5.5740	0.1482
1.9110	1.3410	0.1022
2.3030	0.3275	0.2042
2.1690	0.6088	0.1745
1.9690	4.1500	0.1339
1.8390	2.5720	0.1026
2.0630	3.1860	0.1497
1.9300	4.7710	0.0835
2.3010	0.1231	0.1973
2.2460	1.8250	0.1872
1.7290	2.0120	0.1082
1.6240	0.7055	-0.0326
1.7540	1.3960	0.0403
1.6530	2.7810	-0.0306
2.2370	1.7400	0.1909
2.1410	2.3380	0.1679
2.2870	0.0881	0.1251
1.2670	0.3228	0.0102
2.0970	2.5090	0.1269
1.9050	1.2610	0.1162
1.2640	0.4171	-0.0300
2.5920	0.3386	0.1635
2.3350	4.0240	0.1534
2.2500	2.0270	0.2027
2.4080	1.2310	0.1876
2.4280	1.3380	0.1745
2.3290	0.9570	0.1775
2.1020	2.5820	0.1787
2.3800	2.3920	0.2016
2.3560	2.2150	0.1724
2.3580	0.2215	0.2100
2.2140	2.5040	0.1841
2.0820	3.8870	0.1614
2.4510	2.3350	0.1769
2.1610	1.3480	0.1924
2.0430	0.5996	0.1454
2.0880	0.0084	0.1729
2.2010	1.0170	0.1706
2.5290	2.5410	0.1550
2.6020	2.3760	0.1573
2.2120	3.3020	0.1299
2.2940	3.2330	0.1393
2.1900	0.5755	0.1282
2.0600	0.8366	0.1948
2.3040	1.2030	0.2080
2.2580	3.9620	0.2106
2.2230	2.2460	0.1308
2.3020	1.8020	0.2083
2.5350	1.0070	0.2307
2.6950	0.8500	0.2412
2.3320	3.8440	0.2062
2.3490	2.7080	0.2177
2.2990	3.6500	0.1105
2.2060	1.9710	0.1348
2.3760	0.7786	0.2006
2.5960	2.6350	0.1887
2.2530	4.3780	0.1185
2.1540	3.5270	0.1412
2.5830	3.3920	0.1451
2.0570	1.4880	0.1996
2.0500	1.4150	0.1976
2.4460	1.6380	0.1512
2.2560	1.2130	0.2084
2.3730	1.6560	0.2196
2.1390	1.4900	0.2036
2.3430	0.6891	0.1790
2.2710	0.4811	0.2203
2.1730	1.2390	0.1890
1.7310	0.6618	0.1306
1.6890	0.3361	0.0992
1.1750	0.4357	0.0266
2.1270	5.1230	0.1651
2.0560	0.1904	0.1623
1.7170	0.4763	0.1099
2.0650	0.5763	0.1410
1.6340	3.3160	0.0911
2.3000	2.7620	0.1625
1.9680	4.0380	0.1503
2.4140	0.5686	0.1803
2.3410	3.2230	0.1830
2.4860	3.5860	0.1459
2.1690	3.3790	0.0904
2.1400	5.3480	0.1284
2.4470	1.6760	0.1060
2.6110	2.1140	0.0955
2.3700	0.4683	0.0877
2.4170	3.5950	0.0988
2.5320	4.1960	0.0854
2.7040	3.0040	0.1514
2.4620	0.6327	0.1522
2.7640	1.2020	0.1535
2.9790	0.8828	0.2102
2.2210	2.1860	0.1901
2.2300	2.0410	0.2281
2.3590	0.3603	0.2438
1.9850	1.9700	0.1571
2.1330	1.7770	0.2204
2.3170	0.8826	0.2354
2.1490	0.2936	0.2105
1.9000	2.3760	0.0741
2.0050	2.1140	0.1254
2.0510	2.4650	0.1551
2.5300	1.9540	0.1115
1.5060	1.1070	-0.0379
1.9660	2.1380	0.0828
1.9990	1.9450	0.1249
2.1360	3.8500	0.1022
2.3190	1.8960	0.0859
0.9173	0.1715	-0.0561
0.7078	0.1825	-0.0213
1.1040	0.7680	0.0061
1.9610	5.0510	0.1197
1.9500	2.4400	0.0981
1.9810	3.5330	0.1266
1.8530	2.7320	0.0872
2.0070	3.0340	0.1171
1.9000	1.4580	0.0897
1.9950	1.2990	0.1011
2.1020	1.8520	0.1300
2.0960	4.4580	0.1144
1.9900	3.4800	0.1390
1.9880	3.2650	0.1591
2.0360	2.7390	0.1417
2.0730	1.7970	0.1816
2.1230	2.5950	0.2142
2.0040	2.5600	0.1826
1.9490	2.0710	0.1803
1.9580	0.7031	0.2162
1.9730	2.3090	0.1698
2.1780	1.0890	0.1427
2.2170	0.0097	0.1555
2.1040	2.3110	0.1383
2.0480	4.1180	0.1506
2.0500	0.2778	0.1566
2.2470	3.4850	0.1640
2.2200	1.1600	0.1644
2.0530	4.5080	0.1889
2.1330	1.6340	0.1574
2.2130	1.8670	0.1700
2.1540	0.0941	0.1782
2.2240	2.0730	0.1811
2.0360	3.2670	0.1449
1.9990	2.7920	0.1201
2.1010	2.7660	0.1504
2.0570	3.9930	0.1377
2.0410	2.1440	0.1251
1.8620	0.3659	0.0985
1.8060	2.4590	0.0851
2.1990	2.9800	0.1910
2.1500	3.2070	0.1724
2.0480	1.3850	0.1536
2.2950	0.4551	0.2097
2.2870	1.7330	0.2040
2.2500	0.6354	0.1970
2.0220	2.3410	0.1583
1.8380	1.3640	0.1017
1.7940	1.0090	0.0898
1.7890	0.9689	0.0859
1.8610	2.9750	0.1094
1.9720	0.7728	0.1168
1.7950	1.1250	0.0866
1.7990	2.2920	0.0820
1.9620	3.7790	0.1384
1.9090	2.9880	0.1134
1.9290	3.7370	0.1368
2.0350	3.1290	0.1646
2.1270	1.5640	0.1838
2.1730	1.0330	0.1705
2.2700	1.8110	0.2037
1.8090	2.9720	0.0814
2.0290	3.7030	0.1258
2.1770	2.3380	0.1402
2.0660	0.8839	0.0999
2.3090	0.8630	0.1808
2.0160	2.3430	0.1262
1.6850	2.3720	0.0431
2.2700	1.1940	0.1979
2.2650	2.3600	0.1948
2.1610	2.9650	0.1701
2.1690	0.2664	0.1659
1.8880	1.3700	0.1425
1.6760	1.4310	0.0200
1.8270	4.4450	0.0326
1.6680	0.0453	0.0157
1.6400	2.1370	0.0653
1.8780	0.1432	0.0843
1.6210	0.7539	-0.0671
1.9770	4.2860	0.0567
1.8870	2.2420	0.1023
1.7070	0.5778	0.0203
1.5440	3.0090	-0.0671
1.3890	0.3696	-0.0783
1.3740	0.8120	-0.0488
2.2420	1.9570	0.1953
2.1880	1.7580	0.1890
2.3390	4.1810	0.1859
2.3220	1.0110	0.1772
2.2330	4.3090	0.1834
2.1520	3.4600	0.1804
2.0270	1.5640	0.1546
2.5320	1.5090	0.1539
2.2090	0.9507	0.1174
2.2990	0.9273	0.1606
1.9530	0.3394	0.1147
1.8110	1.7330	0.0541
2.0130	1.1260	0.0900
1.8950	1.1080	0.0659
1.1540	0.1133	0.0011
1.8410	1.2060	0.0657
2.0260	2.1780	0.1456
1.9220	1.5640	0.1312
2.1440	1.2620	0.1524
2.0040	0.1780	0.1251
1.7480	1.7770	0.0707
1.8140	3.3320	0.0867
1.3450	0.7220	-0.0029
1.6280	0.0984	0.0532
1.5610	0.3128	-0.0057
1.2180	0.7899	-0.0698
2.3340	1.3690	0.1459
1.8960	0.9055	0.1221
2.5720	1.5970	0.1693
2.5790	0.3810	0.1499
2.5060	0.4946	0.1533
2.5090	1.1850	0.1637
2.3970	1.1430	0.1682
2.3560	3.3430	0.1899
2.4870	1.8860	0.1819
2.2610	2.4720	0.2023
2.2450	1.8680	0.1959
2.2860	1.3990	0.1945
2.2640	1.6310	0.1982
2.3050	2.1570	0.1915
2.5090	2.5170	0.1717
2.4100	2.8070	0.1692
2.5400	2.4340	0.1758
2.4490	3.1570	0.1807
2.3630	2.9250	0.1852
2.2860	2.5490	0.1721
2.2570	2.8080	0.1763
2.3250	1.5400	0.1872
2.3480	2.8810	0.1769
2.1780	1.5570	0.1712
2.1500	0.1878	0.1733
2.0980	2.6090	0.1815
2.3550	1.5450	0.1733
2.1840	3.9570	0.1692
2.3150	0.3410	0.2019
2.3500	3.0970	0.1984
2.4270	0.8555	0.1903
2.4520	2.5270	0.2038
2.4830	2.4020	0.1875
2.2750	3.5940	0.2055
2.2840	0.5067	0.2037
2.2920	1.4030	0.2074
2.3250	2.7910	0.2071
2.2370	2.7970	0.1941
2.4010	1.3130	0.1991
2.2800	0.5158	0.1897
2.3510	2.9720	0.2079
2.3470	2.4170	0.1995
2.1500	2.2170	0.1784
2.1250	1.6490	0.1710
2.1370	3.3530	0.1795
2.1200	2.4440	0.1622
2.1020	0.7515	0.1571
2.0580	0.5626	0.1498
2.2130	4.2520	0.1721
2.1480	1.2920	0.1875
2.3440	2.2970	0.1872
2.4970	0.7965	0.1787
2.3080	1.9190	0.1833
2.4120	2.4000	0.1842
2.1060	2.6550	0.1894
2.0560	2.1270	0.1693
2.1860	3.3180	0.1799
2.0130	3.2890	0.1392
2.0420	4.1880	0.1531
2.0370	3.5900	0.1584
2.1500	3.1550	0.1479
2.1040	2.4980	0.1595
2.4010	2.5600	0.1775
2.3870	0.3227	0.1742
2.2590	2.9690	0.1788
2.2010	1.5550	0.1700
2.2010	2.4800	0.1675
2.3080	2.1280	0.1603
2.4320	1.1210	0.1604
2.4710	1.2510	0.1429
2.3580	4.0730	0.1580
2.5700	0.1239	0.1669
2.3350	0.7726	0.1462
2.4270	4.3660	0.1443
2.3130	3.2650	0.1461
2.2480	3.3210	0.1391
2.4210	2.2470	0.1308
2.4030	2.2210	0.1348
2.1970	2.3440	0.1426
2.0820	3.1770	0.1886
2.2220	2.6970	0.1934
2.0860	0.1043	0.1378
2.2650	2.3430	0.1369
2.0080	1.5000	0.1347
2.1200	1.3370	0.1215
2.1370	1.7500	0.1353
2.0670	2.0440	0.1624
2.0610	0.4785	0.1916
2.2130	0.7537	0.1271
2.1140	2.0930	0.1396
2.1040	5.3270	0.1762
2.1520	2.2240	0.2078
2.2630	2.5280	0.2138
2.1610	1.9600	0.1971
2.2660	2.0220	0.2083
2.2280	1.9420	0.1852
2.3200	0.8761	0.1344
2.2530	3.5170	0.1338
2.3090	2.6020	0.2008
2.3100	3.2040	0.1821
2.1920	4.2810	0.1738
2.2880	0.7454	0.2098
2.2880	3.8250	0.1531
2.3450	1.9170	0.2208
2.3540	2.2760	0.2175
2.1510	6.6880	0.1955
2.1880	2.1860	0.2126
2.4190	1.8720	0.2273
2.7880	2.0400	0.2258
2.8950	2.4870	0.2366
2.5740	2.2490	0.2325
2.5740	3.7220	0.2205
2.3580	0.5814	0.2288
2.6850	2.7590	0.2357
2.8510	2.3630	0.2479
2.4350	1.0660	0.2226
2.5890	0.4018	0.2221
2.7380	3.6390	0.2273
2.4640	0.4393	0.2353
2.2750	4.5860	0.2202
2.2740	1.9160	0.1682
2.2560	2.3700	0.1973
2.1670	4.3620	0.1317
2.2370	1.8810	0.1388
2.4230	3.0970	0.1530
2.2690	1.3550	0.1120
2.1160	4.1140	0.1206
2.1680	3.9840	0.1194
2.3110	3.5590	0.1245
2.6010	1.0490	0.2225
2.6100	3.0070	0.1911
2.2940	0.7523	0.1870
2.3830	1.8100	0.2158
2.4730	3.2870	0.2153
2.3910	4.3840	0.2020
2.4520	2.1950	0.1830
2.2770	0.0674	0.1120
2.3190	1.1070	0.1159
2.4840	2.9240	0.1496
2.4520	0.5903	0.1420
2.3340	4.2170	0.1448
2.5250	0.3328	0.1107
2.6150	1.7310	0.1183
2.2820	2.4570	0.1685
2.2040	1.3530	0.1099
2.4140	2.2810	0.1242
2.3030	0.2988	0.1313
2.4770	0.7926	0.1465
2.1160	0.6998	0.1952
2.0840	2.2550	0.1915
2.0990	2.0710	0.1771
2.0950	1.5590	0.1952
2.0450	2.1120	0.2039
2.0630	2.1690	0.2166
2.0600	2.7050	0.2141
2.6270	3.0840	0.1491
2.3660	2.4350	0.1601
2.4810	3.3960	0.1422
2.5740	3.5290	0.1335
2.5800	4.0010	0.1187
2.1330	2.0310	0.2123
2.1400	2.1120	0.2230
2.1970	1.7810	0.1697
2.2960	2.5400	0.1746
2.4450	2.2350	0.1385
2.2680	2.7340	0.2197
2.2280	3.0580	0.2279
2.4140	3.2310	0.1724
2.4300	2.8780	0.1862
2.4950	1.7700	0.1832
2.0560	2.4630	0.1901
2.1070	3.3870	0.2147
2.0650	3.1530	0.2027
2.1080	4.2450	0.1894
2.2010	0.8414	0.1896
2.2760	0.5136	0.2241
2.1740	0.8576	0.2242
2.3350	2.9110	0.1700
2.4280	0.9712	0.2001
2.3710	1.7750	0.2113
2.3020	2.8510	0.1825
2.3260	3.0400	0.2039
2.1790	1.5550	0.2013
2.2570	0.1377	0.1819
2.1700	0.0942	0.2152
2.2200	0.0806	0.2047
2.2340	2.9940	0.1859
2.2350	2.3190	0.1681
1.9670	0.0456	0.1638
2.1090	2.4470	0.1736
2.0910	0.3673	0.1550
1.8270	0.6258	0.1137
1.5770	0.7378	0.0736
1.6690	1.1900	0.0545
2.0420	0.1019	0.1388
1.7060	0.0527	0.1093
1.4590	0.9845	0.0549
1.3520	0.9112	0.0560
0.9101	0.0392	0.0297
2.2380	2.6940	0.1576
2.1830	3.5000	0.1689
2.2560	0.9077	0.1419
2.2470	4.1240	0.1525
2.1070	4.0070	0.1714
2.1520	1.7650	0.1855
2.0500	0.8573	0.1669
1.7250	0.0157	0.0931
1.4110	1.0040	0.0697
1.9810	0.1710	0.1321
1.9390	2.0620	0.1255
2.0960	1.3120	0.1551
1.6860	2.0060	0.1035
1.2590	0.7349	0.0571
2.2350	1.0360	0.1678
2.0290	0.5652	0.1459
1.9040	0.4629	0.1267
1.9720	2.8070	0.1392
1.8980	1.6980	0.1186
2.0210	0.0267	0.1602
1.9960	0.7205	0.1503
2.3460	1.7260	0.1637
2.1890	2.4560	0.1508
2.0620	0.6720	0.1686
2.1340	2.6300	0.1657
1.9850	5.2450	0.1356
2.2180	1.3010	0.1830
2.3380	0.5533	0.1818
2.1390	4.0690	0.1517
2.2770	1.7920	0.1823
2.4620	1.3170	0.1842
2.3310	3.6310	0.1734
2.1990	2.6880	0.1669
2.4060	0.2401	0.1672
2.4440	1.0050	0.1734
2.4040	3.3440	0.1888
2.3250	1.5460	0.1695
2.3530	0.3410	0.1357
2.3820	3.7230	0.1874
2.3860	2.4560	0.1772
2.3510	2.7540	0.1607
2.0370	0.5847	0.1114
2.0410	3.7960	0.1308
2.1110	1.4090	0.0959
2.0100	1.7990	0.0997
2.1370	1.2740	0.1079
2.3120	4.1330	0.0964
2.1840	5.9800	0.1234
2.5140	4.5380	0.1190
2.2830	2.6880	0.1086
2.3420	0.9679	0.1401
2.5530	2.8130	0.1233
2.5850	2.6360	0.0977
2.5470	2.4750	0.0969
2.7050	2.3920	0.0834
2.4250	1.7850	0.0876
2.3350	2.2620	0.0896
2.2920	2.8030	0.0870
2.5490	2.7400	0.0835
2.5230	3.9560	0.0890
2.3840	0.4149	0.0905
2.4030	2.2590	0.0964
2.5250	2.3920	0.1031
2.3970	2.6850	0.0914
2.4260	2.3300	0.0906
2.3810	5.2700	0.0892
2.4450	4.3720	0.0831
2.4490	3.9580	0.1122
2.3490	1.7110	0.1254
2.6080	2.2920	0.1154
2.5200	3.7490	0.1122
2.5980	0.2277	0.1535
2.9900	0.3922	0.1805
2.8520	2.5210	0.1796
2.4840	2.7580	0.1151
2.6840	2.3130	0.1214
2.3790	3.0500	0.1313
2.5590	0.5766	0.1646
2.9330	2.5970	0.2072
3.0020	1.9950	0.1895
2.7980	2.9430	0.2047
2.7420	2.0420	0.1574
2.9540	2.5030	0.1954
3.0720	2.2740	0.2314
2.3480	3.5110	0.1921
2.4000	1.8980	0.2066
2.6710	0.9697	0.2079
2.2150	0.4809	0.1782
2.1390	5.9280	0.1796
2.1990	2.5740	0.2209
2.0950	2.0710	0.2305
2.1660	0.0364	0.2299
2.2020	2.5500	0.2472
2.3370	1.4360	0.2378
2.1780	3.1210	0.2297
2.1730	3.0830	0.2318
1.9240	0.6514	0.1897
2.0900	1.6840	0.1894
2.0440	3.5180	0.2191
2.3770	1.1070	0.1281
2.2140	2.9520	0.1519
2.3450	2.9460	0.1754
2.2740	1.0630	0.2006
2.3420	2.2560	0.2439
2.1230	0.7861	0.2305
2.2580	2.6230	0.2481
2.2200	1.3350	0.2490
2.3050	1.3810	0.2225
2.0900	0.1379	0.2153
2.2760	3.4850	0.2192
2.1060	4.0870	0.1957
2.2490	1.4880	0.2153
2.2770	2.2160	0.1968
2.2750	1.5990	0.2158
2.2520	1.3070	0.2226
2.0350	2.4200	0.2163
2.0720	1.4740	0.0949
2.2790	2.6060	0.1438
1.5440	1.1260	0.0186
1.8500	1.7590	0.0526
1.9010	2.3910	0.0989
1.9020	0.3579	0.0940
2.0590	1.6710	0.1200
1.9870	1.9560	0.1840
1.9460	3.4370	0.1918
2.1060	1.1400	0.1767
2.0640	1.8340	0.1464
2.2160	0.6710	0.1310
1.9980	0.5935	0.1557
2.3980	0.4191	0.1143
2.3150	1.3870	0.1329
2.4090	2.0220	0.1283
2.4720	0.4658	0.1122
1.3890	0.8945	-0.0403
1.7440	0.7978	0.0332
1.5130	2.8800	-0.0367
1.9850	1.1660	0.0461
1.8540	0.3309	0.0337
1.9180	4.5060	0.0882
1.9710	2.1890	0.0889
2.0220	2.6890	0.0662
2.1440	3.5830	0.1072
2.0530	1.6890	0.0875
1.9920	0.5285	0.1369
2.1080	4.5440	0.1395
2.1760	3.9200	0.1334
2.1990	2.0150	0.1117
2.1010	1.9800	0.0837
2.2570	1.9290	0.1061
2.0480	1.7760	0.0871
2.1530	4.1620	0.0884
2.2740	3.1410	0.0940
2.4900	0.1368	0.0906
2.4790	3.3530	0.0825
2.5690	3.0580	0.0854
1.2210	2.0210	-0.0606
0.9577	0.1147	-0.0470
1.0720	0.4167	-0.0600
1.2330	2.8140	-0.0557
1.1510	1.3090	-0.0401
0.7642	0.2419	-0.0207
0.7879	0.2045	-0.0369
1.1760	0.3071	0.0099
0.7130	0.2251	0.0001
0.7692	0.1300	0.0068
0.9061	0.2347	-0.0349
1.3460	0.0880	-0.0213
0.7882	0.0837	-0.0408
0.7855	0.0299	-0.0141
0.9274	0.1929	0.0195
1.5770	0.5317	0.0561
1.3300	1.4800	0.0531
1.7840	0.2767	0.0982
